0,1,2,3,4,5,6,7,8,9,10,11,12,13,14,15,16,17,18,19,20,21,22,23,24,25,26,27,28,29,30,31,32,33,34,35,36,37,38,39,40,41,42,43,44,45,46,47,48,49,50,51,52,53,54,55,56,57,58,59,60,61,62
0.3326126039028168,0.4962069094181061,2.2792424658746313e-07,0.3409006893634796,0.4599379599094391,0.008097334764897823,0.3583100438117981,0.4254997968673706,0.006152174901217222,0.3775258958339691,0.41391342878341675,0.002033407334238291,0.39425724744796753,0.4124409556388855,-0.0023950671311467886,0.3617176115512848,0.4028603136539459,-0.010501264594495296,0.4029301106929779,0.3789371848106384,-0.01983567699790001,0.42425984144210815,0.39422404766082764,-0.022543737664818764,0.4360504150390625,0.4130239486694336,-0.02245696261525154,0.3665947914123535,0.4154296815395355,-0.01895727403461933,0.41023069620132446,0.37537890672683716,-0.029602501541376114,0.43412888050079346,0.3938332200050354,-0.030531661584973335,0.44512036442756653,0.4166582524776459,-0.028249716386198997,0.3721611499786377,0.43899741768836975,-0.02607046812772751,0.41134342551231384,0.3965412974357605,-0.03456336632370949,0.43628573417663574,0.4103407561779022,-0.03319991007447243,0.4497769773006439,0.4267400801181793,-0.029698561877012253,0.3790152370929718,0.4708377718925476,-0.03210479021072388,0.4095461070537567,0.43869587779045105,-0.03780698776245117,0.42936086654663086,0.4369502067565918,-0.036463845521211624,0.4423259496688843,0.439850777387619,-0.03356313332915306
0.3300516903400421,0.5076336860656738,1.4634910883160046e-07,0.342684805393219,0.4642375409603119,0.009771754033863544,0.3613814115524292,0.42775723338127136,0.007828936912119389,0.3809950351715088,0.41545623540878296,0.0028809814248234034,0.3983554244041443,0.41424039006233215,-0.0024829457979649305,0.36288732290267944,0.4031001031398773,-0.008492140099406242,0.40523678064346313,0.37718695402145386,-0.018243474885821342,0.42577826976776123,0.3941617012023926,-0.021826758980751038,0.4364345073699951,0.4145507216453552,-0.022561263293027878,0.36645105481147766,0.41607099771499634,-0.018648330122232437,0.4119027853012085,0.3762598931789398,-0.029021799564361572,0.43529778718948364,0.39552032947540283,-0.031133785843849182,0.44625547528266907,0.4190503656864166,-0.03038937598466873,0.3715382516384125,0.4402313530445099,-0.027487866580486298,0.4132849872112274,0.3969821035861969,-0.03511890023946762,0.43773287534713745,0.413461297750473,-0.034393493086099625,0.4506610333919525,0.43258702754974365,-0.03219866752624512,0.3785442113876343,0.47262242436408997,-0.03528515249490738,0.4108354151248932,0.4395137429237366,-0.04007255658507347,0.4301585853099823,0.43877992033958435,-0.0387168824672699,0.4428575038909912,0.443326860666275,-0.03645962476730347
0.328239768743515,0.5122891068458557,1.2339457100551954e-07,0.3412843644618988,0.4669136703014374,0.010252024047076702,0.36047762632369995,0.42792803049087524,0.009041442535817623,0.37969282269477844,0.414025217294693,0.004573018755763769,0.39630579948425293,0.4116467535495758,-0.00024154693528544158,0.36434197425842285,0.40210288763046265,-0.005999305285513401,0.4064820408821106,0.37464168667793274,-0.015190312638878822,0.42632558941841125,0.39247357845306396,-0.018834447488188744,0.43669548630714417,0.4133892357349396,-0.019808990880846977,0.3680090010166168,0.41527217626571655,-0.016373595222830772,0.4134177267551422,0.3768284320831299,-0.0258477870374918,0.436101496219635,0.39592012763023376,-0.028013691306114197,0.44698387384414673,0.41899895668029785,-0.02764061465859413,0.37296974658966064,0.43962088227272034,-0.025580663233995438,0.41387781500816345,0.3969517946243286,-0.03254655748605728,0.43796101212501526,0.4133464992046356,-0.03194377198815346,0.45122087001800537,0.43245020508766174,-0.03015827015042305,0.3799756169319153,0.4725739061832428,-0.033817071467638016,0.4116919934749603,0.4394749104976654,-0.03817342594265938,0.4307929277420044,0.4383530914783478,-0.03694842383265495,0.4437456727027893,0.4425223171710968,-0.03503411263227463
0.32760804891586304,0.5160682201385498,1.200397292677735e-07,0.34154757857322693,0.47009626030921936,0.010644705966114998,0.3610078990459442,0.4301556348800659,0.00963614322245121,0.37994059920310974,0.41525784134864807,0.005239185877144337,0.39646032452583313,0.4114031493663788,0.0005550496862269938,0.3646518886089325,0.40276414155960083,-0.005489883944392204,0.4074108600616455,0.3749406635761261,-0.014778919517993927,0.42778995633125305,0.39349836111068726,-0.018474262207746506,0.43884971737861633,0.4140203595161438,-0.019518069922924042,0.36821091175079346,0.41508564352989197,-0.01617874763906002,0.4145938456058502,0.3760768175125122,-0.025234803557395935,0.43714582920074463,0.39674675464630127,-0.02706984616816044,0.44795918464660645,0.42004698514938354,-0.02665453590452671,0.3732590675354004,0.43948328495025635,-0.02575662173330784,0.4147937595844269,0.395904004573822,-0.03232868015766144,0.43846091628074646,0.4139974117279053,-0.03127032890915871,0.4514100253582001,0.4337887465953827,-0.02938728779554367,0.3805091977119446,0.4727870523929596,-0.03441900014877319,0.41237980127334595,0.4398186206817627,-0.03854050487279892,0.43148118257522583,0.438115656375885,-0.037264641374349594,0.4446861743927002,0.44097113609313965,-0.035487931221723557
0.32770323753356934,0.5205504894256592,1.1607919248035614e-07,0.34156134724617004,0.47343963384628296,0.011181464418768883,0.3613148331642151,0.43308937549591064,0.010199473239481449,0.3807702660560608,0.41859540343284607,0.005674957297742367,0.3978160619735718,0.4142419993877411,0.0008651893585920334,0.36453670263290405,0.4036267101764679,-0.004980864003300667,0.4083544611930847,0.3753272294998169,-0.01412825658917427,0.4288329482078552,0.39477330446243286,-0.017787029966711998,0.43988826870918274,0.41592758893966675,-0.01883234828710556,0.3684639036655426,0.4159342348575592,-0.016015786677598953,0.4156746566295624,0.37675797939300537,-0.0249994657933712,0.43841874599456787,0.3984639048576355,-0.02695843018591404,0.44927072525024414,0.42280149459838867,-0.026640160009264946,0.3737335503101349,0.44026029109954834,-0.025877567008137703,0.41572609543800354,0.3960525691509247,-0.03211706131696701,0.4393395483493805,0.4146464467048645,-0.0310808215290308,0.452273428440094,0.43494150042533875,-0.029338764026761055,0.3810027539730072,0.4734390377998352,-0.03479551896452904,0.4123195707798004,0.43918678164482117,-0.03839109465479851,0.430480033159256,0.43823251128196716,-0.036775361746549606,0.44283726811408997,0.44216403365135193,-0.034836653620004654
0.32731273770332336,0.5222123265266418,1.0711176656741372e-07,0.3419492244720459,0.4738457202911377,0.012568008154630661,0.36165860295295715,0.43327873945236206,0.012249753810465336,0.38102689385414124,0.418270081281662,0.008072024211287498,0.39777255058288574,0.4135066568851471,0.0035695733968168497,0.36467742919921875,0.4030323326587677,-0.0025831731036305428,0.40847983956336975,0.37563556432724,-0.011066606268286705,0.4291335940361023,0.39543160796165466,-0.014383840374648571,0.4402654469013214,0.41700875759124756,-0.015257671475410461,0.36871445178985596,0.4151971936225891,-0.014211021363735199,0.4162601828575134,0.37622642517089844,-0.022592181339859962,0.438820481300354,0.3980379104614258,-0.024278031662106514,0.4495328366756439,0.4226745665073395,-0.02378162182867527,0.3740435242652893,0.4394158720970154,-0.02464315854012966,0.4163323938846588,0.39554309844970703,-0.030276522040367126,0.4398432672023773,0.4142164885997772,-0.02893366664648056,0.4527420699596405,0.43461161851882935,-0.027075834572315216,0.38145774602890015,0.4728776812553406,-0.034056343138217926,0.4127836525440216,0.4386400878429413,-0.03706273436546326,0.4309827983379364,0.4375520944595337,-0.035096436738967896,0.44345349073410034,0.44156450033187866,-0.03298572823405266
0.3265138268470764,0.5233374238014221,1.0366276370632477e-07,0.3420274555683136,0.4746739864349365,0.012962241657078266,0.3623632788658142,0.43431276082992554,0.012879732996225357,0.3823237419128418,0.41993448138237,0.008799449540674686,0.39944931864738464,0.4157295227050781,0.00443563936278224,0.3644132912158966,0.40354883670806885,-0.001470138318836689,0.40808114409446716,0.37627488374710083,-0.009618241339921951,0.42885932326316833,0.3962092995643616,-0.012893076054751873,0.4404047727584839,0.417580783367157,-0.01386543083935976,0.3686985969543457,0.41555818915367126,-0.01342727616429329,0.4162576496601105,0.3760342001914978,-0.021495280787348747,0.4390471875667572,0.39781123399734497,-0.023246901109814644,0.45024585723876953,0.4222337007522583,-0.022902479395270348,0.37433090806007385,0.4395909011363983,-0.024201640859246254,0.41654300689697266,0.39516279101371765,-0.029565710574388504,0.44020622968673706,0.41404786705970764,-0.0282171368598938,0.4534762501716614,0.43436798453330994,-0.026477133855223656,0.38209012150764465,0.4730510711669922,-0.03397100418806076,0.4132527709007263,0.43833255767822266,-0.036536552011966705,0.4313168227672577,0.43761584162712097,-0.03427300602197647,0.4437633454799652,0.4419618248939514,-0.03208913654088974
0.3268742859363556,0.5231998562812805,1.0406091632830794e-07,0.3420585095882416,0.47410616278648376,0.013292460702359676,0.3619990348815918,0.43374159932136536,0.013177044689655304,0.3817416727542877,0.41921260952949524,0.008959674276411533,0.3990989327430725,0.41487768292427063,0.00438496982678771,0.364892840385437,0.40305376052856445,-0.0018937792629003525,0.40917038917541504,0.374756395816803,-0.010378861799836159,0.43008187413215637,0.3953403830528259,-0.013658895157277584,0.44139423966407776,0.41778555512428284,-0.014473063871264458,0.368974506855011,0.41504207253456116,-0.013990095816552639,0.4171416163444519,0.37513619661331177,-0.022330060601234436,0.43998804688453674,0.39769524335861206,-0.023959793150424957,0.45079290866851807,0.4231414794921875,-0.02342122420668602,0.3744126856327057,0.43919700384140015,-0.024859296157956123,0.4173803925514221,0.3943510353565216,-0.030396593734622,0.4409114122390747,0.41391444206237793,-0.02879699505865574,0.4537133574485779,0.43514353036880493,-0.02678372897207737,0.3818575441837311,0.47292476892471313,-0.03467952832579613,0.4135252833366394,0.43751513957977295,-0.0374954529106617,0.4315338730812073,0.4373478591442108,-0.03513964265584946,0.44366884231567383,0.4426335096359253,-0.032744549214839935
0.32827407121658325,0.5231019258499146,1.0168784569941636e-07,0.3425903618335724,0.47283416986465454,0.013393165543675423,0.3619161546230316,0.43263325095176697,0.01321393996477127,0.3812088966369629,0.41830307245254517,0.008935563266277313,0.3978665769100189,0.41469165682792664,0.004324300680309534,0.3660697340965271,0.4020056128501892,-0.0015306809218600392,0.4102039933204651,0.37449589371681213,-0.009782696142792702,0.43083715438842773,0.39459604024887085,-0.013031539507210255,0.4418941140174866,0.4164937734603882,-0.013871146366000175,0.37046995759010315,0.41399553418159485,-0.013601969927549362,0.4182225465774536,0.37444061040878296,-0.021513840183615685,0.44068771600723267,0.39639756083488464,-0.022894596680998802,0.45117679238319397,0.42138588428497314,-0.022292930632829666,0.3760339617729187,0.43799883127212524,-0.024452026933431625,0.4184962213039398,0.3935343325138092,-0.02952636405825615,0.44152915477752686,0.412930428981781,-0.02764291875064373,0.4541032910346985,0.43397432565689087,-0.025572922080755234,0.3835351765155792,0.4713502526283264,-0.03427797555923462,0.4147283434867859,0.436506062746048,-0.03664795681834221,0.43244683742523193,0.43639475107192993,-0.034039780497550964,0.4445280134677887,0.4415389895439148,-0.03154885768890381
0.32966411113739014,0.5222418308258057,9.769371445145225e-08,0.34315529465675354,0.4712657928466797,0.013549651950597763,0.3616095781326294,0.4312591552734375,0.01334013044834137,0.37994247674942017,0.41685596108436584,0.009018086828291416,0.3960055112838745,0.41308116912841797,0.00430411659181118,0.36678409576416016,0.40137216448783875,-0.0018190392293035984,0.41094544529914856,0.3725935220718384,-0.010241389274597168,0.43125447630882263,0.3922961354255676,-0.013492773286998272,0.4417474567890167,0.41447803378105164,-0.014181159436702728,0.37150004506111145,0.4133196473121643,-0.013884992338716984,0.419264554977417,0.37276744842529297,-0.021801596507430077,0.44148313999176025,0.39415645599365234,-0.023014163598418236,0.4513096511363983,0.41941848397254944,-0.022214487195014954,0.3771853744983673,0.4371911883354187,-0.02469746209681034,0.41960346698760986,0.3922264277935028,-0.029677273705601692,0.44239625334739685,0.41109395027160645,-0.027627702802419662,0.454440712928772,0.4321242868900299,-0.025370098650455475,0.38466545939445496,0.47032561898231506,-0.034442562609910965,0.41588467359542847,0.43453750014305115,-0.0366765558719635,0.4333396553993225,0.4347130060195923,-0.03381098806858063,0.4448108673095703,0.44063621759414673,-0.031043358147144318
0.33077722787857056,0.5217824578285217,9.16603681844208e-08,0.3445064425468445,0.46953585743904114,0.014021608978509903,0.36398831009864807,0.4298465847969055,0.014196127653121948,0.3834938108921051,0.4168263077735901,0.010137674398720264,0.40038952231407166,0.41428783535957336,0.005725962575525045,0.36838576197624207,0.400928258895874,-0.0009296035277657211,0.41269269585609436,0.3718779981136322,-0.008924530819058418,0.4328118860721588,0.39157405495643616,-0.01185562927275896,0.4428432881832123,0.4139532148838043,-0.01225902047008276,0.3731638789176941,0.41318362951278687,-0.01302586030215025,0.4208752512931824,0.37237152457237244,-0.02049260027706623,0.4428064227104187,0.39346402883529663,-0.02139749750494957,0.45199334621429443,0.4187586009502411,-0.020314110442996025,0.3789061903953552,0.4370514750480652,-0.023825060576200485,0.4212954044342041,0.39158281683921814,-0.028332596644759178,0.4437750279903412,0.4101123809814453,-0.025889651849865913,0.45527029037475586,0.4314503073692322,-0.02329355850815773,0.38638508319854736,0.4700414836406708,-0.033558230847120285,0.41756728291511536,0.4334717392921448,-0.035444267094135284,0.4350937306880951,0.434180349111557,-0.03230464458465576,0.4464028775691986,0.44112417101860046,-0.029246985912322998
0.33215922117233276,0.5210602283477783,8.944247298359187e-08,0.34642428159713745,0.4686684012413025,0.013936364091932774,0.36611616611480713,0.42955759167671204,0.014042127877473831,0.3852730691432953,0.41641178727149963,0.009850656613707542,0.4019750952720642,0.4130213260650635,0.005345960147678852,0.37018173933029175,0.39989596605300903,-0.0002927474270109087,0.4140794277191162,0.37012648582458496,-0.008489484898746014,0.43399864435195923,0.389476478099823,-0.011631127446889877,0.4436141848564148,0.4120325446128845,-0.01202589925378561,0.37483394145965576,0.4117579460144043,-0.012387646362185478,0.4221932291984558,0.37193116545677185,-0.019693881273269653,0.4438953995704651,0.3928952217102051,-0.020717300474643707,0.4528529644012451,0.4182053804397583,-0.01972353644669056,0.3805099427700043,0.4354861378669739,-0.023279370740056038,0.42257219552993774,0.39068159461021423,-0.02758387289941311,0.44484230875968933,0.4093317985534668,-0.02525215968489647,0.45608702301979065,0.43109002709388733,-0.022754153236746788,0.38787898421287537,0.4682730436325073,-0.03314492106437683,0.4189970791339874,0.43204206228256226,-0.03474279120564461,0.43640846014022827,0.43297624588012695,-0.03150990232825279,0.4475865960121155,0.4404437839984894,-0.028388015925884247
0.33320116996765137,0.5205097198486328,8.656157035602519e-08,0.34840115904808044,0.47018373012542725,0.013917305506765842,0.3686092495918274,0.4316832423210144,0.013995561748743057,0.38820314407348633,0.42048293352127075,0.009710578247904778,0.4050999581813812,0.418498158454895,0.005106501746922731,0.37084922194480896,0.39959263801574707,-0.0003007081395480782,0.41493526101112366,0.3696986138820648,-0.008683481253683567,0.4346616268157959,0.39025986194610596,-0.012067059986293316,0.4441094398498535,0.4139195680618286,-0.012651469558477402,0.3751283884048462,0.4109620451927185,-0.012554895132780075,0.42298388481140137,0.37075603008270264,-0.0199661236256361,0.4445614814758301,0.39285707473754883,-0.021308574825525284,0.4534129798412323,0.419263631105423,-0.020591607317328453,0.3808545172214508,0.4345596134662628,-0.0236392542719841,0.42326653003692627,0.38913992047309875,-0.028058266267180443,0.44568461179733276,0.40834784507751465,-0.026203442364931107,0.4569448232650757,0.43062782287597656,-0.024084314703941345,0.3887266516685486,0.4670697748661041,-0.03370834141969681,0.4197314977645874,0.43023526668548584,-0.03544873371720314,0.43704983592033386,0.43147656321525574,-0.032598793506622314,0.44822004437446594,0.4393186569213867,-0.029856350272893906
0.33417925238609314,0.5199679732322693,8.57802717746381e-08,0.349872887134552,0.4696098566055298,0.014016969129443169,0.37011221051216125,0.4319494962692261,0.013560377061367035,0.3898344337940216,0.4212944209575653,0.00869682151824236,0.40722212195396423,0.4190579354763031,0.003499150974676013,0.3713158369064331,0.399000883102417,-0.0015952764078974724,0.4160436987876892,0.3695085048675537,-0.010711228474974632,0.4357406795024872,0.39109620451927185,-0.014298314228653908,0.44435739517211914,0.4157702922821045,-0.014782717451453209,0.375203013420105,0.4103058874607086,-0.014104314148426056,0.4240545332431793,0.3702174127101898,-0.022170737385749817,0.4457729756832123,0.393555611371994,-0.02353489398956299,0.4537034332752228,0.421229749917984,-0.02265286073088646,0.3807622492313385,0.4340309798717499,-0.025371402502059937,0.4241814613342285,0.38826122879981995,-0.030372748151421547,0.44653481245040894,0.4086962938308716,-0.028501898050308228,0.4567776918411255,0.4321012496948242,-0.026158200576901436,0.38849353790283203,0.46679335832595825,-0.0355352982878685,0.41973254084587097,0.4299483597278595,-0.037728291004896164,0.436886191368103,0.43188682198524475,-0.03489960730075836,0.44735467433929443,0.44085660576820374,-0.03200466185808182
0.33460932970046997,0.5183802843093872,8.257963202140672e-08,0.3491151034832001,0.46714887022972107,0.01306834165006876,0.36866679787635803,0.4289184510707855,0.012192162685096264,0.3874651789665222,0.41780176758766174,0.007099431939423084,0.4036201238632202,0.41535472869873047,0.0016226359875872731,0.3720969259738922,0.39884474873542786,-0.0029980740509927273,0.4168745279312134,0.3695017397403717,-0.012896744534373283,0.4364264905452728,0.3908463418483734,-0.017014775425195694,0.44437822699546814,0.41537731885910034,-0.017651908099651337,0.37629541754722595,0.4108830690383911,-0.01497939508408308,0.42489656805992126,0.37038537859916687,-0.02392352744936943,0.4463207721710205,0.3939884901046753,-0.025645285844802856,0.45312222838401794,0.42188698053359985,-0.024722371250391006,0.38194283843040466,0.43460357189178467,-0.02573452517390251,0.4249444901943207,0.38863709568977356,-0.031374696642160416,0.44709938764572144,0.4088917076587677,-0.029638683423399925,0.45661818981170654,0.43180131912231445,-0.027044985443353653,0.38922008872032166,0.4669916033744812,-0.03541363403201103,0.42042234539985657,0.4303673505783081,-0.037966225296258926,0.437643438577652,0.4324595034122467,-0.03515905141830444,0.447669118642807,0.4414622187614441,-0.032043665647506714
0.33442240953445435,0.5164706110954285,8.005714136061215e-08,0.3498232960700989,0.4645160138607025,0.014127969741821289,0.36982670426368713,0.4273565113544464,0.01383453980088234,0.3889710307121277,0.4174262583255768,0.009154144674539566,0.40563759207725525,0.4159370958805084,0.0039728968404233456,0.373083233833313,0.39804601669311523,-0.0019454479916021228,0.4179098904132843,0.37036919593811035,-0.01128650177270174,0.4374326467514038,0.3917052149772644,-0.014950751326978207,0.44528642296791077,0.4162884056568146,-0.01529248058795929,0.3773570954799652,0.4099199175834656,-0.014263841323554516,0.42621585726737976,0.3710063397884369,-0.022765928879380226,0.4475017488002777,0.3948938548564911,-0.024141356348991394,0.4539955258369446,0.4229446053504944,-0.02292943000793457,0.38282349705696106,0.4339207708835602,-0.02524477243423462,0.42633411288261414,0.3894800841808319,-0.030608875676989555,0.44815924763679504,0.4102344512939453,-0.02854686602950096,0.45715582370758057,0.43324801325798035,-0.025674404576420784,0.38966891169548035,0.46698445081710815,-0.03503632918000221,0.42159125208854675,0.4310387074947357,-0.037407513707876205,0.43875589966773987,0.4335006773471832,-0.03429321199655533,0.44847220182418823,0.44266557693481445,-0.030881479382514954
0.33368587493896484,0.5157406330108643,8.226858483340038e-08,0.34903350472450256,0.46509069204330444,0.013307352550327778,0.36895883083343506,0.4277018904685974,0.01282091997563839,0.38751542568206787,0.41631177067756653,0.008145769126713276,0.40355247259140015,0.4140922725200653,0.003014753805473447,0.3738780617713928,0.3973703384399414,-0.0019880186300724745,0.41790667176246643,0.3705011308193207,-0.011014336720108986,0.4372447431087494,0.3919309675693512,-0.014787599444389343,0.4459240734577179,0.4159778952598572,-0.015542126260697842,0.37806153297424316,0.40921565890312195,-0.013999832794070244,0.4260777235031128,0.3714838922023773,-0.022115439176559448,0.4472549557685852,0.39458125829696655,-0.02376130223274231,0.4550999402999878,0.4216770827770233,-0.023066677153110504,0.3831440508365631,0.4334767758846283,-0.02477467805147171,0.4256722927093506,0.39004912972450256,-0.029850004240870476,0.44746899604797363,0.410131573677063,-0.02824287861585617,0.4578930735588074,0.43261846899986267,-0.026029832661151886,0.38968196511268616,0.46692848205566406,-0.034484632313251495,0.4206438362598419,0.43239134550094604,-0.03676877170801163,0.4379250705242157,0.43329259753227234,-0.03414538875222206,0.44883793592453003,0.4407479763031006,-0.03136084973812103
0.3335621654987335,0.5150066614151001,8.307921461891965e-08,0.3489105701446533,0.4641326665878296,0.013322907499969006,0.36875098943710327,0.42794445157051086,0.012716671451926231,0.38703417778015137,0.4164621829986572,0.007923542521893978,0.40285539627075195,0.41369444131851196,0.0027241751085966825,0.3740859031677246,0.3977261483669281,-0.002411910332739353,0.417969286441803,0.3698073625564575,-0.011609437875449657,0.4370962977409363,0.3918057680130005,-0.015220655128359795,0.44557663798332214,0.4162331819534302,-0.0157347209751606,0.37814465165138245,0.4095355272293091,-0.014482746832072735,0.42603829503059387,0.372536838054657,-0.022720953449606895,0.4472951292991638,0.39549410343170166,-0.02405407652258873,0.4554089903831482,0.422255277633667,-0.02306700311601162,0.3829919099807739,0.4338931143283844,-0.025340232998132706,0.42562276124954224,0.3913712501525879,-0.03044862113893032,0.44752275943756104,0.41115644574165344,-0.028443574905395508,0.45836204290390015,0.4334583580493927,-0.025890761986374855,0.3892412483692169,0.46770697832107544,-0.03516082465648651,0.42067956924438477,0.4338604509830475,-0.03746982663869858,0.4382178783416748,0.43490365147590637,-0.03459702059626579,0.4494110345840454,0.44260188937187195,-0.031508900225162506
0.33266669511795044,0.5175569653511047,8.238216508971163e-08,0.34779712557792664,0.4674173593521118,0.012285865843296051,0.3684506416320801,0.43166565895080566,0.011524418368935585,0.38768842816352844,0.4203028976917267,0.0067488402128219604,0.4049172103404999,0.4167182147502899,0.001697867875918746,0.37494510412216187,0.4030952453613281,-0.0028764689341187477,0.4181213974952698,0.372305691242218,-0.012997012585401535,0.4374096095561981,0.3930271863937378,-0.01706545613706112,0.44593098759651184,0.4174339473247528,-0.017502060160040855,0.3787705600261688,0.4148266911506653,-0.014387603849172592,0.42566099762916565,0.3764718174934387,-0.02324981614947319,0.4474184215068817,0.39744630455970764,-0.02455383539199829,0.4560603201389313,0.4232036769390106,-0.023140564560890198,0.38329723477363586,0.43895336985588074,-0.024893559515476227,0.42530691623687744,0.39545053243637085,-0.03072001412510872,0.44747620820999146,0.41250333189964294,-0.028538642451167107,0.45873120427131653,0.43394675850868225,-0.02534058690071106,0.38937175273895264,0.47253695130348206,-0.034465089440345764,0.42085593938827515,0.4377295970916748,-0.03751108795404434,0.439053475856781,0.43675222992897034,-0.034731484949588776,0.45074376463890076,0.4436555504798889,-0.031212497502565384
0.33306288719177246,0.5247055292129517,6.683826825337746e-08,0.34858188033103943,0.4733678996562958,0.015746209770441055,0.3685430586338043,0.437370240688324,0.016422046348452568,0.3860762417316437,0.42402350902557373,0.0122515968978405,0.4029804468154907,0.417545884847641,0.0075399624183773994,0.37456852197647095,0.4115722179412842,-0.0017286789370700717,0.41704410314559937,0.3727911114692688,-0.013233883306384087,0.4377979636192322,0.39286792278289795,-0.01717432215809822,0.4467957615852356,0.41919711232185364,-0.016778795048594475,0.377989798784256,0.42102891206741333,-0.015101089142262936,0.4237583577632904,0.375713050365448,-0.0261776614934206,0.44758957624435425,0.3970647156238556,-0.027127355337142944,0.4562458097934723,0.42536455392837524,-0.024394391104578972,0.38226521015167236,0.44380056858062744,-0.02734522894024849,0.42335256934165955,0.3932115137577057,-0.035397741943597794,0.44712185859680176,0.41018784046173096,-0.033195506781339645,0.45878711342811584,0.4340512454509735,-0.028872890397906303,0.3884674906730652,0.4765435755252838,-0.03826294466853142,0.4197077751159668,0.43612420558929443,-0.04419748857617378,0.439301997423172,0.4334176182746887,-0.04274238646030426,0.4518246650695801,0.4419054388999939,-0.03920504450798035
0.3310546278953552,0.5286825895309448,5.9024781506877844e-08,0.3466387093067169,0.4761960804462433,0.016991158947348595,0.36707761883735657,0.4410291612148285,0.018404006958007812,0.38464000821113586,0.4279352128505707,0.01468688528984785,0.40148288011550903,0.42035728693008423,0.010405685752630234,0.37293756008148193,0.41861337423324585,-0.00014692169497720897,0.41443926095962524,0.37499454617500305,-0.012019285932183266,0.4363695979118347,0.392215758562088,-0.01614626683294773,0.4466925263404846,0.4177957773208618,-0.015719853341579437,0.37689703702926636,0.4274284839630127,-0.014154479838907719,0.42149293422698975,0.37788960337638855,-0.025503501296043396,0.44651204347610474,0.3962477743625641,-0.026106728240847588,0.45613816380500793,0.42369794845581055,-0.02292129024863243,0.38130849599838257,0.4491363763809204,-0.02710137888789177,0.4213077425956726,0.3954494893550873,-0.035505324602127075,0.4456017017364502,0.4089457392692566,-0.032605405896902084,0.4582623243331909,0.43145015835762024,-0.02758956141769886,0.3880724310874939,0.48123225569725037,-0.03869912773370743,0.41809776425361633,0.43899160623550415,-0.04530314728617668,0.43792101740837097,0.4333473742008209,-0.0438271164894104,0.45116540789604187,0.4398692846298218,-0.040041424334049225
0.3291619122028351,0.5337594151496887,7.697896364788903e-08,0.3449896574020386,0.48092830181121826,0.016423625871539116,0.36601173877716064,0.44454964995384216,0.0175556018948555,0.38450536131858826,0.4298638105392456,0.013760540634393692,0.402205228805542,0.42167991399765015,0.009534316137433052,0.370803564786911,0.4230212867259979,-0.0008477364317514002,0.4130716919898987,0.377267062664032,-0.012280006892979145,0.43600815534591675,0.39108774065971375,-0.01607733592391014,0.447456419467926,0.4148671627044678,-0.015524779446423054,0.3747308850288391,0.432738721370697,-0.01449999026954174,0.42000705003738403,0.38206949830055237,-0.025004733353853226,0.4454830586910248,0.39627230167388916,-0.02507520280778408,0.45601344108581543,0.4209202229976654,-0.021882299333810806,0.3795207142829895,0.45508983731269836,-0.027102332562208176,0.4203331470489502,0.400510311126709,-0.03428315743803978,0.44479984045028687,0.4099571406841278,-0.03089096210896969,0.457975298166275,0.4298384189605713,-0.02610393986105919,0.3870663046836853,0.4869130551815033,-0.038515836000442505,0.41675376892089844,0.44361186027526855,-0.044274505227804184,0.43653133511543274,0.43521496653556824,-0.0427083894610405,0.4501532018184662,0.4389626979827881,-0.03920955955982208
0.32934844493865967,0.5287492275238037,8.137682527831203e-08,0.34670841693878174,0.4770628809928894,0.017565686255693436,0.367607444524765,0.4412674307823181,0.019495723769068718,0.3869633972644806,0.427772581577301,0.01618129014968872,0.40474754571914673,0.42085835337638855,0.012388086877763271,0.37286895513534546,0.415960431098938,0.0033405162394046783,0.4147193133831024,0.37764906883239746,-0.006005353294312954,0.43710532784461975,0.39141353964805603,-0.009203179739415646,0.4484250545501709,0.412640780210495,-0.009009376168251038,0.37682604789733887,0.42543500661849976,-0.010828059166669846,0.4214867949485779,0.37811458110809326,-0.019932042807340622,0.4462107717990875,0.39301037788391113,-0.020396703854203224,0.45661813020706177,0.4172408878803253,-0.0180752482265234,0.38153156638145447,0.448008269071579,-0.023939240723848343,0.42184221744537354,0.39658641815185547,-0.03014618717133999,0.4463456869125366,0.4085615873336792,-0.02716263383626938,0.4598960280418396,0.4289589524269104,-0.023212779313325882,0.388909250497818,0.48143917322158813,-0.03582533076405525,0.41893184185028076,0.4400007724761963,-0.04039720073342323,0.43854933977127075,0.43306922912597656,-0.038520440459251404,0.45265740156173706,0.43687137961387634,-0.03539971262216568
0.32935279607772827,0.5286110639572144,7.39335348498571e-08,0.3458290994167328,0.475910484790802,0.01730964705348015,0.3669389486312866,0.4406142830848694,0.01917296089231968,0.38554027676582336,0.42746415734291077,0.01590324193239212,0.40280792117118835,0.41958433389663696,0.012246633879840374,0.37299785017967224,0.41618525981903076,0.0018619939219206572,0.41544193029403687,0.37481608986854553,-0.00834789127111435,0.43810340762138367,0.3907175362110138,-0.011685815639793873,0.44927388429641724,0.41474485397338867,-0.011222283355891705,0.3770360052585602,0.4252709746360779,-0.012132620438933372,0.42286020517349243,0.3764342665672302,-0.022073660045862198,0.4478471577167511,0.3933512270450592,-0.022387100383639336,0.45796841382980347,0.4190160930156708,-0.019645700231194496,0.3817305564880371,0.4473365545272827,-0.0250634104013443,0.42296695709228516,0.3936312198638916,-0.03202282264828682,0.4473194479942322,0.40726274251937866,-0.028905140236020088,0.4602659046649933,0.4298648238182068,-0.024507876485586166,0.38896241784095764,0.48036161065101624,-0.03675366938114166,0.41937485337257385,0.4377412497997284,-0.042045626789331436,0.43922707438468933,0.43288183212280273,-0.04026780277490616,0.45280349254608154,0.4398072361946106,-0.03691266477108002
0.3280724585056305,0.5297494530677795,7.42605763548454e-08,0.3442468047142029,0.477419912815094,0.01608945056796074,0.36624836921691895,0.4417337477207184,0.017740916460752487,0.3848712146282196,0.42866143584251404,0.014506220817565918,0.40162917971611023,0.42032456398010254,0.011053305119276047,0.37309229373931885,0.41669902205467224,0.0013782636960968375,0.4156022369861603,0.37386250495910645,-0.009403134696185589,0.4384536147117615,0.3904772102832794,-0.01324465312063694,0.4496246576309204,0.4157080054283142,-0.01286342553794384,0.3775479793548584,0.4261236786842346,-0.011968106962740421,0.4230473041534424,0.37776100635528564,-0.02203972451388836,0.44824308156967163,0.39443355798721313,-0.022614389657974243,0.4585604667663574,0.42010414600372314,-0.019884400069713593,0.3823210895061493,0.4479600489139557,-0.02440137043595314,0.42361879348754883,0.3953073024749756,-0.03127400577068329,0.4481464624404907,0.4078907072544098,-0.02814055047929287,0.46129557490348816,0.4299444556236267,-0.023510169237852097,0.3894674479961395,0.4807872772216797,-0.03574138134717941,0.4201750159263611,0.4386831820011139,-0.04028082266449928,0.44026315212249756,0.4335913360118866,-0.03786946088075638,0.45375263690948486,0.4403717517852783,-0.03393569588661194
0.3296176791191101,0.5306428670883179,7.718356442865115e-08,0.3457108438014984,0.47769758105278015,0.016640495508909225,0.366911917924881,0.4415135979652405,0.018417518585920334,0.3854145109653473,0.42766380310058594,0.0150876734405756,0.4021507203578949,0.41900795698165894,0.011566033586859703,0.3736027181148529,0.41567179560661316,0.002868388779461384,0.41599568724632263,0.3742702901363373,-0.006774140056222677,0.4386455714702606,0.39087527990341187,-0.010201684199273586,0.45002034306526184,0.4151751399040222,-0.009990330785512924,0.37828508019447327,0.4243699312210083,-0.010843280702829361,0.4236961603164673,0.3759406507015228,-0.019760169088840485,0.44839081168174744,0.3930925726890564,-0.02024867944419384,0.4586215019226074,0.41884350776672363,-0.017984669655561447,0.3835252821445465,0.4458480775356293,-0.023595962673425674,0.4245137572288513,0.3931727409362793,-0.029136333614587784,0.4484161138534546,0.40673989057540894,-0.02573312632739544,0.4614831805229187,0.4291175901889801,-0.021590188145637512,0.3911370038986206,0.47866588830947876,-0.03533003106713295,0.42163825035095215,0.4369265139102936,-0.03867144137620926,0.4413551092147827,0.43255895376205444,-0.03588460385799408,0.4550158381462097,0.4393274784088135,-0.0321873240172863
0.3293980062007904,0.5299453735351562,6.629035453897814e-08,0.3458895683288574,0.4768935441970825,0.018415309488773346,0.3671095669269562,0.4404653310775757,0.021007517352700233,0.38518473505973816,0.4257621765136719,0.01814504899084568,0.4016278088092804,0.4159157872200012,0.014904982410371304,0.37350526452064514,0.4136890470981598,0.004485734272748232,0.4159797132015228,0.37219297885894775,-0.005084492731839418,0.4387124180793762,0.3886384963989258,-0.008297356776893139,0.449899286031723,0.4128614068031311,-0.007677395828068256,0.3779152035713196,0.42292848229408264,-0.009940195828676224,0.42391589283943176,0.37650081515312195,-0.01868019439280033,0.448346883058548,0.39344650506973267,-0.018587354570627213,0.45822805166244507,0.41855505108833313,-0.015625683590769768,0.38282260298728943,0.4447188377380371,-0.023338403552770615,0.42420148849487305,0.3941407799720764,-0.028900260105729103,0.4480551481246948,0.40615421533584595,-0.02493971958756447,0.4609043598175049,0.4273708462715149,-0.02009901963174343,0.3902209401130676,0.47762131690979004,-0.03553051874041557,0.42092984914779663,0.4354609549045563,-0.03883416950702667,0.4404222071170807,0.4315880835056305,-0.03543321043252945,0.453472763299942,0.4395013451576233,-0.030984928831458092
0.32812270522117615,0.5273618102073669,6.793166562601982e-08,0.34531164169311523,0.4754616320133209,0.016994386911392212,0.3672783374786377,0.43944284319877625,0.019299549981951714,0.3860677480697632,0.4265666902065277,0.016422683373093605,0.40309250354766846,0.41894131898880005,0.01323041319847107,0.37406468391418457,0.41244444251060486,0.004668754525482655,0.4162178635597229,0.37310224771499634,-0.004538742359727621,0.4385056793689728,0.3890776038169861,-0.007967774756252766,0.4497201144695282,0.4124636948108673,-0.00779268704354763,0.3784545958042145,0.4216589033603668,-0.009019419550895691,0.4236815571784973,0.37586554884910583,-0.01747756265103817,0.4477367103099823,0.39254915714263916,-0.018180210143327713,0.4580320715904236,0.41707316040992737,-0.016029035672545433,0.3833855390548706,0.4431670606136322,-0.021771570667624474,0.42404377460479736,0.39276447892189026,-0.027348751202225685,0.44763946533203125,0.4057135283946991,-0.02422228641808033,0.4605899155139923,0.4271010756492615,-0.020073918625712395,0.3906681537628174,0.4760187268257141,-0.03342278301715851,0.4210418164730072,0.43423381447792053,-0.036638446152210236,0.4402879774570465,0.4311380982398987,-0.03348599001765251,0.4532376527786255,0.4392772912979126,-0.029382258653640747
0.3270837664604187,0.5288555026054382,7.108202737526881e-08,0.3443085551261902,0.4768128991127014,0.016453702002763748,0.36627334356307983,0.4409944415092468,0.01819462887942791,0.3850112855434418,0.42735710740089417,0.01477372832596302,0.40214332938194275,0.41926056146621704,0.011071319691836834,0.37329164147377014,0.4158071279525757,0.003795050084590912,0.4155499041080475,0.3752908706665039,-0.00599735276773572,0.4379921555519104,0.39040395617485046,-0.009767413139343262,0.44927236437797546,0.4135616421699524,-0.009715927764773369,0.3777340054512024,0.4250728189945221,-0.009863784536719322,0.42277318239212036,0.37811344861984253,-0.018923131749033928,0.44700849056243896,0.3944021463394165,-0.019819041714072227,0.4569915533065796,0.4194559156894684,-0.01768437772989273,0.3826141059398651,0.4461457133293152,-0.022640466690063477,0.4234659671783447,0.39533746242523193,-0.028372179716825485,0.44707101583480835,0.40783166885375977,-0.025179388001561165,0.45987266302108765,0.42912518978118896,-0.020965810865163803,0.3896864652633667,0.47814199328422546,-0.03440265730023384,0.4201861023902893,0.43676403164863586,-0.0378141924738884,0.43976858258247375,0.4323786199092865,-0.03490933030843735,0.453121542930603,0.43933650851249695,-0.030951669439673424
0.3277863562107086,0.5268773436546326,7.986507455370884e-08,0.34591901302337646,0.4745628833770752,0.016902504488825798,0.3679841458797455,0.4394712746143341,0.018851056694984436,0.38711175322532654,0.4276319742202759,0.015582580119371414,0.40429872274398804,0.4218873679637909,0.011988040059804916,0.37504005432128906,0.414635568857193,0.00467735156416893,0.41761741042137146,0.3784898519515991,-0.00367378955706954,0.43928462266921997,0.3941754996776581,-0.006732090376317501,0.45050573348999023,0.4161447584629059,-0.006756633520126343,0.3794286847114563,0.42452073097229004,-0.009152717888355255,0.4249063730239868,0.3798704743385315,-0.01719016209244728,0.44822847843170166,0.39596930146217346,-0.01799439638853073,0.4581773281097412,0.41975653171539307,-0.016224848106503487,0.38424810767173767,0.4461236298084259,-0.021954676136374474,0.4253809452056885,0.3977506756782532,-0.026546116918325424,0.4483277499675751,0.41090014576911926,-0.022987183183431625,0.4611228108406067,0.43135619163513184,-0.019032860174775124,0.3909851908683777,0.4787067174911499,-0.03377687931060791,0.4218623638153076,0.4396663010120392,-0.03613267093896866,0.4410659968852997,0.43537724018096924,-0.03277897089719772,0.4546438455581665,0.44112488627433777,-0.028908157721161842
0.32869216799736023,0.5248533487319946,8.060868594839121e-08,0.34848344326019287,0.4727444052696228,0.019323859363794327,0.36979344487190247,0.43858668208122253,0.02180762030184269,0.38879889249801636,0.42758506536483765,0.018577415496110916,0.40609800815582275,0.42423945665359497,0.014803453348577023,0.37657999992370605,0.4126933515071869,0.006332125514745712,0.41988372802734375,0.38030654191970825,-0.0008463371195830405,0.4410816729068756,0.3966578543186188,-0.002982433419674635,0.45232364535331726,0.41737696528434753,-0.0027036445681005716,0.3806215822696686,0.42218586802482605,-0.008802231401205063,0.4271621108055115,0.37986186146736145,-0.016118228435516357,0.4500831663608551,0.39731186628341675,-0.015982873737812042,0.4597553014755249,0.4211771786212921,-0.013653182424604893,0.3849329948425293,0.4444962739944458,-0.022669440135359764,0.42713379859924316,0.39840516448020935,-0.026590874418616295,0.44970381259918213,0.4133026599884033,-0.021932754665613174,0.4621647000312805,0.43391141295433044,-0.017408011481165886,0.39106789231300354,0.47849488258361816,-0.035382337868213654,0.422673761844635,0.44032910466194153,-0.03715937212109566,0.4417404532432556,0.4363613724708557,-0.033068228513002396,0.4554706811904907,0.4414564371109009,-0.028791990131139755
0.32882440090179443,0.5235799551010132,8.410146534743035e-08,0.34828653931617737,0.4718436598777771,0.017200931906700134,0.37009647488594055,0.4372490644454956,0.01910502277314663,0.3891237676143646,0.42631179094314575,0.015574034303426743,0.4059104919433594,0.42235100269317627,0.011563727632164955,0.3773721754550934,0.4111505150794983,0.00621584989130497,0.4201735854148865,0.37904471158981323,-0.001682264730334282,0.44132497906684875,0.3951631784439087,-0.004737924784421921,0.4518854320049286,0.4164089262485504,-0.0048516071401536465,0.38164085149765015,0.4206584095954895,-0.007879571989178658,0.42760545015335083,0.3791531026363373,-0.015088854357600212,0.44988688826560974,0.3970884084701538,-0.0156567245721817,0.4588202238082886,0.42108622193336487,-0.01380184292793274,0.386056125164032,0.442638635635376,-0.020991187542676926,0.42745983600616455,0.3975905478000641,-0.025131968781352043,0.449596107006073,0.4127419590950012,-0.02121284045279026,0.4613606929779053,0.43377557396888733,-0.017065364867448807,0.39183416962623596,0.4762217104434967,-0.033122558146715164,0.4231911301612854,0.43880927562713623,-0.0348929725587368,0.44188007712364197,0.43747177720069885,-0.03071766160428524,0.45471540093421936,0.44519320130348206,-0.026266437023878098
0.3280198872089386,0.5237528085708618,9.301922432314313e-08,0.34744298458099365,0.47507572174072266,0.01604657806456089,0.36909380555152893,0.44058385491371155,0.01706826128065586,0.388427197933197,0.42917343974113464,0.012874678708612919,0.40531042218208313,0.42440566420555115,0.008232710883021355,0.3763665556907654,0.409912645816803,0.004548222292214632,0.4199485182762146,0.3793087899684906,-0.00386058003641665,0.4411781430244446,0.397029846906662,-0.0074535999447107315,0.45199301838874817,0.41966521739959717,-0.00798077043145895,0.38010430335998535,0.419944167137146,-0.00928296335041523,0.42709583044052124,0.38119906187057495,-0.016603713855147362,0.4496549069881439,0.40077313780784607,-0.017475854605436325,0.45924097299575806,0.4257270395755768,-0.01606578193604946,0.38435959815979004,0.44247668981552124,-0.022203505039215088,0.4264910817146301,0.3994187116622925,-0.02628963813185692,0.4489612579345703,0.4157591462135315,-0.022781306877732277,0.46091318130493164,0.4374628961086273,-0.019218789413571358,0.39029592275619507,0.4762258529663086,-0.034244976937770844,0.4219484329223633,0.4399235248565674,-0.035675305873155594,0.4403117299079895,0.4408710300922394,-0.03141890838742256,0.4523393213748932,0.4505650997161865,-0.027175793424248695
0.3264642655849457,0.5202922821044922,8.943625573465397e-08,0.34480729699134827,0.4715794026851654,0.01773643307387829,0.36588606238365173,0.43727418780326843,0.019433103501796722,0.38461974263191223,0.4263117015361786,0.015702515840530396,0.40087074041366577,0.42278170585632324,0.011279735714197159,0.37542808055877686,0.40758565068244934,0.0048124217428267,0.42037439346313477,0.379098117351532,-0.0028804163448512554,0.4411119520664215,0.39791038632392883,-0.005539070349186659,0.4513012170791626,0.42119836807250977,-0.005259745288640261,0.3793652355670929,0.4180237948894501,-0.009421809576451778,0.42758432030677795,0.38196179270744324,-0.016141721978783607,0.44994643330574036,0.40294110774993896,-0.01599925383925438,0.4590213894844055,0.4291074275970459,-0.013740722090005875,0.3835156261920929,0.4410896897315979,-0.022514844313263893,0.4274919331073761,0.4018844664096832,-0.026080839335918427,0.44979357719421387,0.4207524359226227,-0.021982328966259956,0.4608931839466095,0.44368213415145874,-0.017879048362374306,0.3890657126903534,0.47432437539100647,-0.03450227528810501,0.4225022792816162,0.439549058675766,-0.03528904914855957,0.4411471486091614,0.4419354200363159,-0.030484849587082863,0.4527857005596161,0.45226067304611206,-0.02577427215874195
0.3252102732658386,0.5194376111030579,1.015729935716081e-07,0.34555143117904663,0.471885085105896,0.015972549095749855,0.3693234622478485,0.43806883692741394,0.01686406135559082,0.39008432626724243,0.4294258654117584,0.012634266167879105,0.408819317817688,0.4271138906478882,0.007917879149317741,0.37510764598846436,0.40994182229042053,0.0020165047608315945,0.42047733068466187,0.37939855456352234,-0.0069131506606936455,0.4413870871067047,0.39885932207107544,-0.010201561264693737,0.45159712433815,0.4235793650150299,-0.010203766636550426,0.3784452974796295,0.4207042455673218,-0.011655937880277634,0.4273991584777832,0.38244566321372986,-0.01959069073200226,0.450471431016922,0.4043179154396057,-0.020427163690328598,0.459892600774765,0.4319961965084076,-0.018781086429953575,0.382394403219223,0.4440481662750244,-0.02421240694820881,0.42743760347366333,0.40389010310173035,-0.02876831218600273,0.44997039437294006,0.4243845045566559,-0.02577834203839302,0.46094441413879395,0.44898268580436707,-0.022357508540153503,0.38777175545692444,0.47676146030426025,-0.03575480729341507,0.42133277654647827,0.44273489713668823,-0.03728003427386284,0.4399946928024292,0.44634929299354553,-0.03325842693448067,0.4513727128505707,0.45832115411758423,-0.029130131006240845
0.3236103653907776,0.5184656381607056,1.0321083010467191e-07,0.3447391092777252,0.47131243348121643,0.015961039811372757,0.3689427375793457,0.4374278485774994,0.016744468361139297,0.3899275064468384,0.4286003112792969,0.012421137653291225,0.40881872177124023,0.42654985189437866,0.00767127238214016,0.3745853006839752,0.4103745222091675,0.001572217559441924,0.42059755325317383,0.38116544485092163,-0.007268236950039864,0.44109511375427246,0.4012560546398163,-0.010330835357308388,0.45071473717689514,0.42594876885414124,-0.010182064026594162,0.3777998089790344,0.421398401260376,-0.012109233066439629,0.4275061786174774,0.3839961588382721,-0.019897768273949623,0.450239896774292,0.4066435694694519,-0.020382916554808617,0.4593439996242523,0.43444570899009705,-0.018520241603255272,0.38148602843284607,0.4447401762008667,-0.02466566488146782,0.4272632300853729,0.4065418541431427,-0.028964970260858536,0.4496869742870331,0.4279754161834717,-0.025717083364725113,0.4605180025100708,0.45263996720314026,-0.0222492516040802,0.3864455223083496,0.4773108661174774,-0.03621891140937805,0.42061924934387207,0.4456140995025635,-0.037543635815382004,0.4392979145050049,0.4501427114009857,-0.03347503021359444,0.4507173001766205,0.4621537923812866,-0.0294115599244833
0.32397839426994324,0.5203101634979248,1.0180490761513283e-07,0.34539347887039185,0.4746701717376709,0.016537675634026527,0.3695880174636841,0.4413573741912842,0.017475837841629982,0.390083909034729,0.43121790885925293,0.013287818059325218,0.408858060836792,0.4281585216522217,0.008761916309595108,0.3747127652168274,0.4138486683368683,0.0019047230016440153,0.42022985219955444,0.3838158845901489,-0.006507976911962032,0.4407915771007538,0.4025951027870178,-0.009289253503084183,0.4508644640445709,0.42605775594711304,-0.00909930095076561,0.37749183177948,0.4242798388004303,-0.012130704708397388,0.4270663559436798,0.38477498292922974,-0.0198857169598341,0.4500848352909088,0.40596991777420044,-0.02035156823694706,0.45951738953590393,0.4329102337360382,-0.018650423735380173,0.38103368878364563,0.44676080346107483,-0.024981657043099403,0.427046537399292,0.4094095826148987,-0.02891593426465988,0.4495995044708252,0.43019020557403564,-0.025597237050533295,0.46067965030670166,0.4536128342151642,-0.02235964685678482,0.3860926926136017,0.4780983626842499,-0.03682109713554382,0.4210674464702606,0.4477621018886566,-0.03745333477854729,0.44019076228141785,0.45122629404067993,-0.033305343240499496,0.4521166682243347,0.4612712860107422,-0.02954142913222313
0.3248758316040039,0.5219638347625732,1.1228848961764015e-07,0.3461698889732361,0.47817888855934143,0.015359821729362011,0.37026509642601013,0.4440736770629883,0.015963103622198105,0.39044228196144104,0.4334467351436615,0.011664444580674171,0.40822771191596985,0.4300721287727356,0.007066682446748018,0.3759141266345978,0.41453632712364197,0.0006425725878216326,0.4213300347328186,0.3853706121444702,-0.008892744779586792,0.4422241747379303,0.4060111343860626,-0.01301567628979683,0.4525890648365021,0.4305116832256317,-0.013805345632135868,0.377995103597641,0.42458733916282654,-0.012939347885549068,0.42734044790267944,0.3865514397621155,-0.021491028368473053,0.45099499821662903,0.4090011715888977,-0.023079611361026764,0.46120670437812805,0.4360640048980713,-0.02236858196556568,0.3808884918689728,0.4467677175998688,-0.02545030415058136,0.42655956745147705,0.4089162349700928,-0.030274897813796997,0.44967886805534363,0.4304148256778717,-0.02799426019191742,0.4614948630332947,0.4539952874183655,-0.025514036417007446,0.3856184482574463,0.4784529209136963,-0.03703901916742325,0.420503169298172,0.44984835386276245,-0.038472384214401245,0.4396822154521942,0.45422929525375366,-0.03506737947463989,0.4519113600254059,0.46436765789985657,-0.031913936138153076
0.323697566986084,0.5234553217887878,1.1409391476036035e-07,0.34421494603157043,0.4806158244609833,0.013683267869055271,0.369404137134552,0.44612231850624084,0.01344110257923603,0.39025232195854187,0.4353145956993103,0.008610865101218224,0.409047931432724,0.43177303671836853,0.0035821408964693546,0.37675970792770386,0.41684621572494507,-0.0012021887814626098,0.422461599111557,0.38893449306488037,-0.011978073976933956,0.44305938482284546,0.4111999273300171,-0.016940400004386902,0.4524410665035248,0.4373854398727417,-0.018019074574112892,0.3784840404987335,0.42642760276794434,-0.014110997319221497,0.428377240896225,0.39013779163360596,-0.023555897176265717,0.451984703540802,0.4147557318210602,-0.025621049106121063,0.4616497755050659,0.44339343905448914,-0.025000758469104767,0.38086920976638794,0.448605477809906,-0.026125183328986168,0.4271351397037506,0.4120359420776367,-0.0319572389125824,0.4504902958869934,0.435208261013031,-0.03033255785703659,0.4618425965309143,0.4603417217731476,-0.027993980795145035,0.38496074080467224,0.4803140461444855,-0.03726646304130554,0.4202834963798523,0.4538021385669708,-0.039524566382169724,0.43966224789619446,0.4598931074142456,-0.03666527941823006,0.4514244496822357,0.4717346429824829,-0.03369027003645897
0.3236815631389618,0.5257185101509094,1.1509068542636669e-07,0.3440970480442047,0.4834437370300293,0.013010825030505657,0.3699214458465576,0.45006439089775085,0.01248429249972105,0.3913153111934662,0.4396119713783264,0.007633413653820753,0.4107099771499634,0.4370875358581543,0.002670140704140067,0.37769055366516113,0.4206838309764862,-0.002322946675121784,0.42436349391937256,0.3949161469936371,-0.013078278861939907,0.44458529353141785,0.4177308678627014,-0.017679888755083084,0.4538053274154663,0.4440484642982483,-0.018458712846040726,0.37925365567207336,0.4307645261287689,-0.01476660743355751,0.43032509088516235,0.3976455628871918,-0.024502171203494072,0.4533737301826477,0.42342519760131836,-0.026327943429350853,0.4629662036895752,0.4523104727268219,-0.025391176342964172,0.3812764585018158,0.4530191123485565,-0.026291469112038612,0.42858660221099854,0.41969847679138184,-0.03239204362034798,0.4515213966369629,0.44379621744155884,-0.030602172017097473,0.4628223478794098,0.46910685300827026,-0.02801336534321308,0.3846416175365448,0.48448672890663147,-0.0369400829076767,0.4200249910354614,0.45875340700149536,-0.039086271077394485,0.4387856423854828,0.4651101231575012,-0.03597244620323181,0.4501383900642395,0.47702643275260925,-0.0327673964202404
0.3237120509147644,0.5279406309127808,1.253278014701209e-07,0.3434043228626251,0.4861955940723419,0.011220984160900116,0.36935892701148987,0.4538203775882721,0.009911931119859219,0.39081093668937683,0.44435903429985046,0.004693103022873402,0.41055381298065186,0.4431094825267792,-0.000493141240440309,0.37857428193092346,0.42533913254737854,-0.004009861499071121,0.42590194940567017,0.40207865834236145,-0.015312986448407173,0.4458670914173126,0.42591121792793274,-0.02018258348107338,0.4547686278820038,0.4526642858982086,-0.021013658493757248,0.3803310692310333,0.43588191270828247,-0.015531187877058983,0.4316205382347107,0.40476348996162415,-0.02566874399781227,0.45473164319992065,0.431026428937912,-0.027605822309851646,0.46432745456695557,0.4602225124835968,-0.02665889449417591,0.3823125958442688,0.4579930603504181,-0.026261935010552406,0.4297380745410919,0.42645612359046936,-0.03269091621041298,0.4524787366390228,0.4508271813392639,-0.03094310872256756,0.46352672576904297,0.4764116406440735,-0.02822813019156456,0.3853704333305359,0.4891473352909088,-0.03624880313873291,0.42087048292160034,0.4643853008747101,-0.03845678269863129,0.43946734070777893,0.4711898863315582,-0.03523150086402893,0.4503828287124634,0.48375964164733887,-0.03181397542357445
0.325276255607605,0.5336284637451172,1.0958722640452834e-07,0.34669867157936096,0.49452313780784607,0.011562278494238853,0.37260740995407104,0.4628930687904358,0.011334041133522987,0.3921608328819275,0.45087310671806335,0.006967447232455015,0.40869149565696716,0.4455300271511078,0.0028121841605752707,0.3816857635974884,0.43491238355636597,0.0023014573380351067,0.42697492241859436,0.4089101254940033,-0.006818202789872885,0.4472413659095764,0.430921733379364,-0.01158857997506857,0.4554656744003296,0.45773494243621826,-0.01241905428469181,0.383878231048584,0.44457724690437317,-0.008497796952724457,0.4314515292644501,0.41344907879829407,-0.0156822819262743,0.45292118191719055,0.4382929801940918,-0.017840461805462837,0.46094298362731934,0.46626752614974976,-0.017507998272776604,0.38612815737724304,0.46339651942253113,-0.018764521926641464,0.43025723099708557,0.43364226818084717,-0.021813683211803436,0.45018675923347473,0.45539388060569763,-0.020007602870464325,0.4587283134460449,0.4792448580265045,-0.017972607165575027,0.3890242576599121,0.4897763729095459,-0.02849857695400715,0.4205951392650604,0.46556955575942993,-0.027093669399619102,0.4361152648925781,0.4718351364135742,-0.02250520884990692,0.44333717226982117,0.4839857220649719,-0.018667588010430336
0.32634979486465454,0.5380963683128357,1.1359147578104967e-07,0.3475947678089142,0.49866315722465515,0.012114949524402618,0.37319597601890564,0.4676649868488312,0.0126440254971385,0.3929860591888428,0.4566369652748108,0.008974410593509674,0.4103643000125885,0.45233026146888733,0.005590079817920923,0.3818974792957306,0.4402315318584442,0.004024857189506292,0.4260927140712738,0.41712668538093567,-0.0039751543663442135,0.4462318420410156,0.43799471855163574,-0.007947838865220547,0.4554895758628845,0.4637048542499542,-0.008551586419343948,0.3845765292644501,0.44995471835136414,-0.006840262562036514,0.43120381236076355,0.4203130602836609,-0.013383938930928707,0.4527878165245056,0.4429987967014313,-0.01522483304142952,0.4622395634651184,0.4693884551525116,-0.01485169492661953,0.38730576634407043,0.46881693601608276,-0.017172595486044884,0.43051183223724365,0.4408058822154999,-0.019930606707930565,0.45087140798568726,0.4613848328590393,-0.018258288502693176,0.4607081115245819,0.4843350052833557,-0.01647389866411686,0.3909432291984558,0.4953126311302185,-0.026954110711812973,0.42278391122817993,0.4718570113182068,-0.025376155972480774,0.4386511743068695,0.4778055250644684,-0.020932041108608246,0.44701138138771057,0.48955488204956055,-0.017341487109661102
0.32872653007507324,0.5471227765083313,1.1543965428018055e-07,0.3497963547706604,0.5067940950393677,0.011156671680510044,0.3755682110786438,0.47550156712532043,0.011192732490599155,0.3958350718021393,0.4645968973636627,0.007264084182679653,0.4140799641609192,0.4609634578227997,0.003608806524425745,0.38217678666114807,0.44939178228378296,0.0008774775196798146,0.4257374405860901,0.4225520193576813,-0.008669115602970123,0.4468742907047272,0.44351768493652344,-0.01345728524029255,0.4577288031578064,0.4692413806915283,-0.014682256616652012,0.38488534092903137,0.4586454927921295,-0.010096663609147072,0.4310927093029022,0.4268259108066559,-0.018119294196367264,0.4542621374130249,0.44970062375068665,-0.02057582698762417,0.46498438715934753,0.47640740871429443,-0.020599916577339172,0.3878946900367737,0.478211373090744,-0.02051450125873089,0.43054527044296265,0.4451589584350586,-0.024602090939879417,0.45240581035614014,0.4649392366409302,-0.023259403184056282,0.4639371633529663,0.48850610852241516,-0.021529003977775574,0.3922103941440582,0.5058704018592834,-0.030484257265925407,0.4231626093387604,0.47831636667251587,-0.03104444220662117,0.44078755378723145,0.4821052849292755,-0.027960877865552902,0.45142027735710144,0.493637353181839,-0.025065330788493156
0.3278568983078003,0.5505682229995728,1.2251139480667916e-07,0.35125863552093506,0.5121516585350037,0.013579987920820713,0.37769943475723267,0.4817498028278351,0.013619771227240562,0.39966055750846863,0.4710102081298828,0.009157445281744003,0.4197295904159546,0.46957969665527344,0.004523220006376505,0.3828883171081543,0.4557625353336334,-0.001661568763665855,0.4284568727016449,0.4279416501522064,-0.012339145876467228,0.4507495164871216,0.449619323015213,-0.01671910099685192,0.46330726146698,0.4744807183742523,-0.017704814672470093,0.384047269821167,0.46521589159965515,-0.014965086244046688,0.43340003490448,0.43441540002822876,-0.025499965995550156,0.45891281962394714,0.4588547348976135,-0.027508622035384178,0.47129547595977783,0.4861658811569214,-0.026635639369487762,0.38571155071258545,0.4867629408836365,-0.027345629408955574,0.4307875633239746,0.45180225372314453,-0.03348538652062416,0.4550439119338989,0.47296246886253357,-0.030861476436257362,0.4683365821838379,0.4977564513683319,-0.027730870991945267,0.38889700174331665,0.5179933905601501,-0.03904863819479942,0.42054787278175354,0.4842735826969147,-0.04214075580239296,0.4401463270187378,0.4852239191532135,-0.03950260207056999,0.4533636271953583,0.49559327960014343,-0.036486800760030746
0.3297211527824402,0.5485163331031799,1.286302762082414e-07,0.3535202741622925,0.5120257139205933,0.015820220112800598,0.3803713917732239,0.48151636123657227,0.01677749864757061,0.40266579389572144,0.46901780366897583,0.012720838189125061,0.4225524067878723,0.46595972776412964,0.008481658063828945,0.3851601481437683,0.4541506767272949,0.0025087837129831314,0.43200942873954773,0.4305262863636017,-0.005660653579980135,0.45377877354621887,0.4531225860118866,-0.008800214156508446,0.46583646535873413,0.4779587388038635,-0.00926346518099308,0.3865698575973511,0.4624030292034149,-0.011592770926654339,0.4375595450401306,0.43463462591171265,-0.019874274730682373,0.46195560693740845,0.46003982424736023,-0.021104935556650162,0.4727094769477844,0.48845741152763367,-0.019993390887975693,0.38864830136299133,0.4824025630950928,-0.024617569521069527,0.43522945046424866,0.45102107524871826,-0.02805675007402897,0.4580167233943939,0.4748936891555786,-0.024682242423295975,0.4697139859199524,0.501092791557312,-0.021772174164652824,0.3919103741645813,0.511765718460083,-0.03689515218138695,0.42409634590148926,0.47969967126846313,-0.037207137793302536,0.4422880709171295,0.48379185795783997,-0.03320227190852165,0.45371291041374207,0.49687495827674866,-0.02978476509451866
0.3305600881576538,0.544646143913269,1.3757670558334212e-07,0.35396161675453186,0.5069395303726196,0.014131780713796616,0.381189227104187,0.4786507785320282,0.014633508399128914,0.40357711911201477,0.4702906906604767,0.010544417425990105,0.4232172966003418,0.469559907913208,0.006335151847451925,0.38675710558891296,0.4547218680381775,0.0011601708829402924,0.4341129660606384,0.43083396553993225,-0.00691542262211442,0.4552970230579376,0.45300543308258057,-0.00982718076556921,0.4672529399394989,0.47712841629981995,-0.0100137023255229,0.38882550597190857,0.4636496603488922,-0.011679618619382381,0.4393499493598938,0.4306877851486206,-0.020018156617879868,0.4639672338962555,0.4558388590812683,-0.021386314183473587,0.47562670707702637,0.4841616749763489,-0.020327817648649216,0.3911394774913788,0.48376598954200745,-0.02346840687096119,0.4371863901615143,0.4513249099254608,-0.027560479938983917,0.45904797315597534,0.47738274931907654,-0.024770911782979965,0.47004029154777527,0.5045024752616882,-0.021967414766550064,0.39424335956573486,0.5124809145927429,-0.03453011438250542,0.4271250367164612,0.48099032044410706,-0.03507988527417183,0.4449390470981598,0.4870302975177765,-0.031171739101409912,0.45572540163993835,0.5004929304122925,-0.0277409628033638
0.32930150628089905,0.5398231148719788,1.2001021332253003e-07,0.35419729351997375,0.5034416317939758,0.01646680384874344,0.3818557560443878,0.47826436161994934,0.01809818111360073,0.40423354506492615,0.4709327816963196,0.014668667688965797,0.42314964532852173,0.4685940146446228,0.011051574721932411,0.3890031576156616,0.45345720648765564,0.004369883332401514,0.43656402826309204,0.43241697549819946,-0.0028004013001918793,0.45648878812789917,0.4552219808101654,-0.0049090008251369,0.46682244539260864,0.47973883152008057,-0.0044823214411735535,0.39082610607147217,0.4616352617740631,-0.009582196362316608,0.4420921802520752,0.42863214015960693,-0.01771618239581585,0.4661106467247009,0.4536841809749603,-0.01862267591059208,0.4772489666938782,0.48222124576568604,-0.01704324409365654,0.3927355706691742,0.481423020362854,-0.02246575802564621,0.4394090473651886,0.4523463845252991,-0.026440707966685295,0.4607859253883362,0.4795341491699219,-0.023360205814242363,0.47141706943511963,0.5064868330955505,-0.02027195692062378,0.39521583914756775,0.5097355246543884,-0.03441309928894043,0.4296785295009613,0.479424387216568,-0.03398766741156578,0.446637362241745,0.48671141266822815,-0.029192961752414703,0.45644137263298035,0.5007888078689575,-0.025266701355576515
0.32938671112060547,0.537773609161377,1.0905866787425111e-07,0.35492202639579773,0.5040507316589355,0.01604076661169529,0.380825012922287,0.47924938797950745,0.017728209495544434,0.4020441472530365,0.47050225734710693,0.014374349266290665,0.41959890723228455,0.46702274680137634,0.010893299244344234,0.3919810354709625,0.4492056667804718,0.006163023412227631,0.4378780722618103,0.43361449241638184,-0.0005617318674921989,0.4569666385650635,0.4563165307044983,-0.0031241609249264,0.46684837341308594,0.48091399669647217,-0.0033679523039609194,0.39429789781570435,0.457364022731781,-0.007837862707674503,0.44372907280921936,0.42961016297340393,-0.014990084804594517,0.4672057330608368,0.4528712034225464,-0.016330715268850327,0.47872012853622437,0.4801214039325714,-0.01563393697142601,0.3961237967014313,0.47763243317604065,-0.021043740212917328,0.44094863533973694,0.4526005983352661,-0.024650514125823975,0.4619675278663635,0.4802371859550476,-0.022555826231837273,0.4728549122810364,0.5083401203155518,-0.020651116967201233,0.39833328127861023,0.5068522691726685,-0.03342876210808754,0.43137770891189575,0.48089513182640076,-0.033332642167806625,0.4476824104785919,0.48801618814468384,-0.02949051931500435,0.45789390802383423,0.5019915699958801,-0.026526091620326042
0.3281358480453491,0.540335476398468,1.0756685497881335e-07,0.3510937988758087,0.5038268566131592,0.013432631269097328,0.3763540983200073,0.4787771701812744,0.013875088654458523,0.3976709246635437,0.46986153721809387,0.009891857393085957,0.41549333930015564,0.46660512685775757,0.005957499146461487,0.3904094994068146,0.45189133286476135,0.0031469848472625017,0.43627259135246277,0.4353843629360199,-0.004689404740929604,0.45576462149620056,0.4574596881866455,-0.007956894114613533,0.4653488099575043,0.4827103614807129,-0.008439046330749989,0.39287909865379333,0.4609486162662506,-0.009649224579334259,0.4424152374267578,0.42916157841682434,-0.017971932888031006,0.4657617211341858,0.4522610008716583,-0.01982658915221691,0.4768785834312439,0.48048609495162964,-0.019123131409287453,0.395230233669281,0.48147255182266235,-0.021775560453534126,0.43987762928009033,0.4533102512359619,-0.026455454528331757,0.4616079032421112,0.4795094430446625,-0.02503865584731102,0.4730077385902405,0.5071393251419067,-0.02328174002468586,0.3980146646499634,0.510614812374115,-0.03323091194033623,0.4312494397163391,0.4843449294567108,-0.03406743332743645,0.4480413794517517,0.48971498012542725,-0.030844638124108315,0.45868316292762756,0.5015583634376526,-0.028087463229894638
0.3329622745513916,0.5566175580024719,1.2044871766647702e-07,0.35572338104248047,0.5206953883171082,0.009275409393012524,0.3815189301967621,0.492966890335083,0.00825745239853859,0.40385568141937256,0.48156189918518066,0.004356398247182369,0.42268598079681396,0.47709861397743225,0.0010806416394189,0.39187437295913696,0.46491652727127075,-0.003730903146788478,0.4380676746368408,0.44728994369506836,-0.012712057679891586,0.45769202709198,0.4695683717727661,-0.01625339314341545,0.46825695037841797,0.4942008852958679,-0.016873762011528015,0.3936993479728699,0.47389161586761475,-0.013784029521048069,0.44413918256759644,0.4404452443122864,-0.02352353185415268,0.4671250581741333,0.4633428752422333,-0.025542564690113068,0.47863924503326416,0.48963022232055664,-0.024762921035289764,0.39560666680336,0.4939020276069641,-0.02311200648546219,0.43999746441841125,0.46619442105293274,-0.028943054378032684,0.462127685546875,0.4898630976676941,-0.027856148779392242,0.4746284782886505,0.5142970681190491,-0.026013435795903206,0.39805009961128235,0.5218756198883057,-0.03187312185764313,0.43063583970069885,0.4964607059955597,-0.0331960991024971,0.4479144811630249,0.4995742738246918,-0.03040638379752636,0.45932599902153015,0.5083991885185242,-0.027836518362164497
0.33358681201934814,0.5612675547599792,1.2755316447510268e-07,0.35784265398979187,0.5239151120185852,0.011505250819027424,0.3861503303050995,0.49834099411964417,0.011734201572835445,0.4092133939266205,0.4922502338886261,0.00812532939016819,0.4283522367477417,0.49120885133743286,0.004616882652044296,0.39478015899658203,0.4734385013580322,-0.00013409530220087618,0.4412100315093994,0.4562495946884155,-0.009095755405724049,0.46207135915756226,0.4768805205821991,-0.013185800984501839,0.47419705986976624,0.4980068504810333,-0.01417537685483694,0.3962569832801819,0.48412203788757324,-0.0113112423568964,0.44644811749458313,0.4596123695373535,-0.01974252052605152,0.47003892064094543,0.4837585389614105,-0.021944629028439522,0.48204997181892395,0.5092133283615112,-0.021730219945311546,0.3974730968475342,0.5045104026794434,-0.021754851564764977,0.4437704086303711,0.4780288636684418,-0.026441004127264023,0.46532610058784485,0.5009443163871765,-0.02476266212761402,0.47682803869247437,0.5242857933044434,-0.02268759161233902,0.39912548661231995,0.5324921607971191,-0.03163685277104378,0.43323248624801636,0.5079130530357361,-0.03242695704102516,0.45121654868125916,0.5138569474220276,-0.02917071245610714,0.46261975169181824,0.5251914858818054,-0.026225421577692032
0.3339015543460846,0.5588358640670776,1.401119646970983e-07,0.36009275913238525,0.5265904664993286,0.013816752471029758,0.388525128364563,0.5032367706298828,0.014792624861001968,0.4117821156978607,0.4989984333515167,0.011264380067586899,0.4311157763004303,0.5007196068763733,0.0075191957876086235,0.3946908116340637,0.4761599600315094,0.0022607403807342052,0.44135794043540955,0.4619336724281311,-0.0054611326195299625,0.4627845585346222,0.4815683960914612,-0.008866365067660809,0.4754851460456848,0.5017324090003967,-0.009837339632213116,0.39648711681365967,0.4858511984348297,-0.010297274217009544,0.44748154282569885,0.46409186720848083,-0.01756116934120655,0.47024407982826233,0.48775625228881836,-0.01940777525305748,0.4820190668106079,0.5122467875480652,-0.019516410306096077,0.3981132209300995,0.5069271922111511,-0.02198551408946514,0.4448402523994446,0.4862931966781616,-0.02553168497979641,0.46597129106521606,0.5100724101066589,-0.023588282987475395,0.4774765074253082,0.5328580141067505,-0.022025756537914276,0.4002875089645386,0.536859393119812,-0.033004991710186005,0.43578648567199707,0.5158946514129639,-0.033010516315698624,0.4547361135482788,0.5215418934822083,-0.029735224321484566,0.4678223133087158,0.53128981590271,-0.027429059147834778
0.3358684778213501,0.5601326823234558,1.4972054884765384e-07,0.36223238706588745,0.529613196849823,0.013447628356516361,0.3904033899307251,0.5072365999221802,0.014429282397031784,0.4136926531791687,0.5030596852302551,0.011096792295575142,0.4321022927761078,0.505048394203186,0.007535024546086788,0.3964881896972656,0.47877225279808044,0.0018989451928064227,0.4422602355480194,0.46613067388534546,-0.005786917172372341,0.463781476020813,0.4850393831729889,-0.009194227866828442,0.4769650995731354,0.5034937262535095,-0.010357757098972797,0.39845845103263855,0.4877448081970215,-0.01056547462940216,0.44896799325942993,0.46732717752456665,-0.018177565187215805,0.4719204604625702,0.49154308438301086,-0.02028334140777588,0.4837478697299957,0.5163747072219849,-0.020552750676870346,0.3998052775859833,0.5088942646980286,-0.02217566967010498,0.44607746601104736,0.49151164293289185,-0.026206083595752716,0.46753597259521484,0.5154916048049927,-0.02463672123849392,0.4797994792461395,0.5375627279281616,-0.02326909266412258,0.4014347195625305,0.5391976833343506,-0.03310238569974899,0.4368228316307068,0.521702766418457,-0.03357872739434242,0.4564448297023773,0.5262397527694702,-0.030816711485385895,0.47070398926734924,0.534191370010376,-0.02890460379421711
0.33799153566360474,0.5599866509437561,1.6121371970712062e-07,0.3641880750656128,0.5319557189941406,0.012811568565666676,0.3917592465877533,0.5107672214508057,0.013503620401024818,0.4139045178890228,0.505791425704956,0.009995278902351856,0.43049943447113037,0.506239652633667,0.006268237717449665,0.3980998694896698,0.47789180278778076,0.001842696568928659,0.44242775440216064,0.46563005447387695,-0.0059643578715622425,0.46447622776031494,0.48406267166137695,-0.010053114965558052,0.4779002368450165,0.5031325221061707,-0.011775572784245014,0.3997248411178589,0.48698633909225464,-0.01039419136941433,0.4490337073802948,0.4674595594406128,-0.017721110954880714,0.4719826877117157,0.49131906032562256,-0.020401882007718086,0.4837854504585266,0.5170067548751831,-0.02135218307375908,0.4010450541973114,0.508476734161377,-0.021822649985551834,0.4463127851486206,0.4942266345024109,-0.02554621361196041,0.46745479106903076,0.5179188251495361,-0.024593712761998177,0.47946277260780334,0.5397642254829407,-0.023961268365383148,0.40313899517059326,0.5385540723800659,-0.03266514465212822,0.4377342164516449,0.5252774953842163,-0.03299327567219734,0.456962913274765,0.5301849842071533,-0.03055238537490368,0.47127729654312134,0.5374369025230408,-0.029080882668495178
0.3403468728065491,0.5594810843467712,1.5341295522830478e-07,0.3663285970687866,0.5317246317863464,0.014631561934947968,0.3928534686565399,0.5105991363525391,0.015893563628196716,0.4144994914531708,0.5053442120552063,0.012672963552176952,0.43070465326309204,0.50680011510849,0.008909269236028194,0.3995822072029114,0.47567451000213623,0.002787492936477065,0.44305601716041565,0.4659004807472229,-0.004407159052789211,0.46486330032348633,0.48421037197113037,-0.007900482043623924,0.478109747171402,0.5032181739807129,-0.009302984923124313,0.4011145234107971,0.4856260418891907,-0.010373528115451336,0.4501127600669861,0.46734103560447693,-0.017783060669898987,0.47268912196159363,0.4917529821395874,-0.02013399638235569,0.4841260612010956,0.5179658532142639,-0.02065432071685791,0.40214765071868896,0.508583664894104,-0.022519856691360474,0.44715383648872375,0.4967024624347687,-0.026721280068159103,0.4678017199039459,0.5212305188179016,-0.025671515613794327,0.4794113039970398,0.5423279404640198,-0.02481113001704216,0.4036078453063965,0.5401890873908997,-0.03380511701107025,0.438321977853775,0.5285783410072327,-0.034678153693675995,0.4573182761669159,0.5336266160011292,-0.032269880175590515,0.47157812118530273,0.5403024554252625,-0.030716806650161743
0.34195268154144287,0.5617721080780029,1.5409221987283672e-07,0.3683471083641052,0.5332044959068298,0.014132331125438213,0.39495477080345154,0.511530876159668,0.014888128265738487,0.41734567284584045,0.5070387721061707,0.0112874461337924,0.4352971017360687,0.5096374154090881,0.007192373275756836,0.40049052238464355,0.4766595661640167,0.0017036712961271405,0.44402575492858887,0.46539750695228577,-0.006033581681549549,0.46513116359710693,0.48303738236427307,-0.009479818865656853,0.4774805009365082,0.5017935633659363,-0.010596362873911858,0.40133723616600037,0.48732858896255493,-0.011262087151408195,0.4500315189361572,0.46792539954185486,-0.019520923495292664,0.4720839560031891,0.4917834401130676,-0.02189808525145054,0.4831762909889221,0.5175583362579346,-0.022034667432308197,0.40195509791374207,0.5104984045028687,-0.023237429559230804,0.44656261801719666,0.49969208240509033,-0.028170160949230194,0.46721696853637695,0.5234009623527527,-0.027010764926671982,0.4787874221801758,0.5436038970947266,-0.02568783238530159,0.4030134379863739,0.5417370796203613,-0.034323036670684814,0.4377499222755432,0.5302675366401672,-0.03535809740424156,0.45696061849594116,0.5346371531486511,-0.032618384808301926,0.47142165899276733,0.540385365486145,-0.03060097061097622
0.34306931495666504,0.5671237707138062,1.539600305022759e-07,0.36693644523620605,0.5342855453491211,0.012563860975205898,0.3929441273212433,0.5108223557472229,0.01246984489262104,0.4144699275493622,0.5046875476837158,0.00845607090741396,0.43199634552001953,0.506318986415863,0.004118652548640966,0.4000921845436096,0.47969940304756165,-0.0012965725036337972,0.4434782862663269,0.4650117754936218,-0.010053767822682858,0.4642387628555298,0.4829649031162262,-0.0138857988640666,0.4762917160987854,0.5024212002754211,-0.015144516713917255,0.40165653824806213,0.49115148186683655,-0.01372558157891035,0.44983476400375366,0.4687390625476837,-0.02350672520697117,0.47290194034576416,0.4915876090526581,-0.026478121057152748,0.4848194718360901,0.5168061256408691,-0.02680920623242855,0.4028325080871582,0.5152139067649841,-0.025199253112077713,0.4470726251602173,0.5015662312507629,-0.03176703304052353,0.469764769077301,0.5247669816017151,-0.031490545719861984,0.4830387532711029,0.5453381538391113,-0.030404135584831238,0.4042606055736542,0.5474206805229187,-0.03578134626150131,0.43929919600486755,0.5345563292503357,-0.03795885667204857,0.4592323899269104,0.5381366014480591,-0.03581620007753372,0.47426605224609375,0.5434765219688416,-0.034034620970487595
0.34474533796310425,0.578011155128479,1.4637097933700716e-07,0.3677588999271393,0.5424505472183228,0.011762823909521103,0.3926505744457245,0.5165739059448242,0.01118133682757616,0.4132605791091919,0.5077542066574097,0.007049607113003731,0.4301135838031769,0.508914589881897,0.0026460797525942326,0.39925795793533325,0.48520568013191223,-0.003880260279402137,0.4431919455528259,0.4687179625034332,-0.013179434463381767,0.46314865350723267,0.48694247007369995,-0.016891706734895706,0.4746812582015991,0.5068380832672119,-0.01802520826458931,0.4005196690559387,0.49824100732803345,-0.01596452295780182,0.4490341246128082,0.4731731712818146,-0.026483437046408653,0.47151294350624084,0.4954087734222412,-0.0293582696467638,0.48340103030204773,0.5198143720626831,-0.029412899166345596,0.4015498757362366,0.523287296295166,-0.02699659951031208,0.4454708993434906,0.5078623294830322,-0.03435004875063896,0.46833789348602295,0.5292356610298157,-0.03423194959759712,0.4823739528656006,0.5478338599205017,-0.03306671231985092,0.4025338888168335,0.5550853610038757,-0.03707127273082733,0.43597930669784546,0.539214551448822,-0.03979194164276123,0.4546284079551697,0.5404723882675171,-0.037667568773031235,0.4688209295272827,0.5434286594390869,-0.035769637674093246
0.34206637740135193,0.5940093994140625,1.3961094680325914e-07,0.3667934536933899,0.5658113360404968,0.008242027834057808,0.39558231830596924,0.5390639901161194,0.006835700944066048,0.41909095644950867,0.5308529138565063,0.002160186180844903,0.438787043094635,0.5287759304046631,-0.002381045836955309,0.3978520333766937,0.5056540966033936,-0.003906333819031715,0.443188339471817,0.4886307120323181,-0.013926141895353794,0.4644002914428711,0.5092602968215942,-0.019454563036561012,0.47738614678382874,0.5285159349441528,-0.02218213863670826,0.39844632148742676,0.5158594846725464,-0.014335907995700836,0.44782400131225586,0.4927010238170624,-0.0234718918800354,0.4708344340324402,0.5177220702171326,-0.027689902111887932,0.48368996381759644,0.5415962934494019,-0.02972296252846718,0.3994266986846924,0.5378527641296387,-0.0241737999022007,0.44430094957351685,0.5148441791534424,-0.02987033687531948,0.46674007177352905,0.5365471839904785,-0.030562495812773705,0.47988927364349365,0.5573222637176514,-0.03093506582081318,0.40167731046676636,0.5675814151763916,-0.033698759973049164,0.4333655536174774,0.5496677756309509,-0.03660155087709427,0.4532274901866913,0.551213800907135,-0.036427490413188934,0.46832355856895447,0.5556375980377197,-0.036491598933935165
0.339866578578949,0.6030376553535461,1.2603392463006458e-07,0.3656843602657318,0.5754002332687378,0.00960784312337637,0.39400598406791687,0.5482252836227417,0.009618205018341541,0.4176725745201111,0.5396172404289246,0.006031205877661705,0.4366571009159088,0.5378548502922058,0.00233291182667017,0.3993891179561615,0.5153722167015076,0.0005048480234108865,0.4427729547023773,0.5031585097312927,-0.008371840231120586,0.46362000703811646,0.5230947136878967,-0.013580645434558392,0.4765316843986511,0.5431383848190308,-0.016036592423915863,0.3998442590236664,0.5254403352737427,-0.01013209018856287,0.4477868676185608,0.5092744827270508,-0.01791524887084961,0.47068968415260315,0.5309146642684937,-0.021656949073076248,0.48347386717796326,0.5533186197280884,-0.023246655240654945,0.40010353922843933,0.5462290644645691,-0.020350517705082893,0.4445386826992035,0.525298535823822,-0.024907102808356285,0.4671236574649811,0.5428564548492432,-0.025049801915884018,0.48082026839256287,0.561357319355011,-0.02492520771920681,0.4011918008327484,0.5753113031387329,-0.030195189639925957,0.4333539307117462,0.5549301505088806,-0.03164348751306534,0.45266467332839966,0.5535731315612793,-0.030283164232969284,0.46704933047294617,0.5569158792495728,-0.02935718558728695
0.33875739574432373,0.602685809135437,1.5149285559346026e-07,0.3664044439792633,0.5787802934646606,0.010627148672938347,0.3939262628555298,0.5554805994033813,0.011205608025193214,0.4172929525375366,0.5486624240875244,0.00793380569666624,0.43574655055999756,0.5468950271606445,0.004466359503567219,0.39829498529434204,0.5188636779785156,0.0021525858901441097,0.44158706068992615,0.5051696300506592,-0.006339740939438343,0.463748961687088,0.5247392058372498,-0.011629227548837662,0.47792938351631165,0.5444744825363159,-0.014454115182161331,0.39964139461517334,0.5274668335914612,-0.009119972586631775,0.44743525981903076,0.5090388655662537,-0.016669729724526405,0.470794677734375,0.5306208729743958,-0.020631825551390648,0.48374632000923157,0.5539190769195557,-0.022731473669409752,0.40069711208343506,0.5484715700149536,-0.02000461518764496,0.44521230459213257,0.529697597026825,-0.024480748921632767,0.46807754039764404,0.5472355484962463,-0.02500828355550766,0.482317179441452,0.5648442506790161,-0.025541871786117554,0.4023432433605194,0.5776845216751099,-0.030514873564243317,0.4334107041358948,0.5593727231025696,-0.0327848382294178,0.45301997661590576,0.55605149269104,-0.03246646374464035,0.46886739134788513,0.5567572116851807,-0.03248095512390137
0.3400283455848694,0.6012622117996216,1.582987039228101e-07,0.36994609236717224,0.5844824314117432,0.012346072122454643,0.396940678358078,0.563449501991272,0.013607801869511604,0.4204399585723877,0.5573598146438599,0.010590804740786552,0.4380844533443451,0.5547522902488708,0.007289822679013014,0.39866042137145996,0.5171370506286621,0.004122242331504822,0.4417566955089569,0.5048855543136597,-0.003440918168053031,0.463762104511261,0.5240927934646606,-0.008375782519578934,0.47847187519073486,0.543188750743866,-0.011246074922382832,0.39979076385498047,0.5240865349769592,-0.008039375767111778,0.44818004965782166,0.5077739953994751,-0.014720876701176167,0.4715334177017212,0.5304133892059326,-0.0185188427567482,0.48478829860687256,0.5549559593200684,-0.0209462009370327,0.40083545446395874,0.5447438359260559,-0.019700197502970695,0.4462594985961914,0.5310842394828796,-0.023492030799388885,0.4687502980232239,0.5517507791519165,-0.024033190682530403,0.48262739181518555,0.5713573694229126,-0.0250026136636734,0.40269333124160767,0.5740660429000854,-0.030886907130479813,0.43486717343330383,0.5603134036064148,-0.03262844309210777,0.4548618197441101,0.5591181516647339,-0.03235175460577011,0.4711822271347046,0.5608665943145752,-0.0327775813639164
0.3417511582374573,0.5953118205070496,1.5160686928084033e-07,0.36826807260513306,0.5708223581314087,0.014646544121205807,0.3949570655822754,0.5500694513320923,0.016355743631720543,0.4182893633842468,0.546095073223114,0.013715477660298347,0.435472309589386,0.5490911602973938,0.010591773316264153,0.4001865088939667,0.5129977464675903,0.004527437034994364,0.44292765855789185,0.5028629899024963,-0.001701729721389711,0.4641578197479248,0.5219932794570923,-0.004908801522105932,0.4774448275566101,0.5410257577896118,-0.00634100241586566,0.4017823338508606,0.5211026072502136,-0.008102398365736008,0.4508090317249298,0.5047684907913208,-0.013684524223208427,0.47237294912338257,0.5284122824668884,-0.015445594675838947,0.48403966426849365,0.5521827340126038,-0.016150644049048424,0.4025760889053345,0.5421527028083801,-0.01983293890953064,0.44787126779556274,0.5334402918815613,-0.022779196500778198,0.46835777163505554,0.5566632747650146,-0.021142153069376945,0.4801642596721649,0.5760661363601685,-0.020467402413487434,0.40389522910118103,0.5714778900146484,-0.03077688440680504,0.43720167875289917,0.5607972741127014,-0.031186582520604134,0.4562789797782898,0.5622891187667847,-0.028903113678097725,0.47143739461898804,0.5642083287239075,-0.027826428413391113
0.3424798250198364,0.5955132842063904,1.5217484872209752e-07,0.36700356006622314,0.5695381164550781,0.014903348870575428,0.393277108669281,0.5482944846153259,0.016675008460879326,0.4146530032157898,0.542194128036499,0.014186604879796505,0.429281085729599,0.5417208671569824,0.011032886803150177,0.4018336832523346,0.5122988820075989,0.0021647715475410223,0.44428959488868713,0.5024873614311218,-0.004952252376824617,0.46571287512779236,0.5209358334541321,-0.008433063514530659,0.47873735427856445,0.540155827999115,-0.009781667962670326,0.4030139446258545,0.5217790007591248,-0.01068439893424511,0.4509846568107605,0.5050066113471985,-0.01751699671149254,0.4732699692249298,0.5281516909599304,-0.019178790971636772,0.48505955934524536,0.552096426486969,-0.019375555217266083,0.403140664100647,0.5442847609519958,-0.02246989868581295,0.44779691100120544,0.5385019779205322,-0.026606226339936256,0.4679645001888275,0.561383068561554,-0.024981187656521797,0.4792957901954651,0.5799598097801208,-0.02372734062373638,0.40362924337387085,0.5748350620269775,-0.03332890570163727,0.43794646859169006,0.5696666240692139,-0.03446929156780243,0.45757561922073364,0.5733510255813599,-0.03204478323459625,0.47285833954811096,0.5769459009170532,-0.03040364943444729
0.34452664852142334,0.5976364612579346,1.5416958376590628e-07,0.3696476221084595,0.5644383430480957,0.017076659947633743,0.3960592746734619,0.5431897044181824,0.01965349353849888,0.41761305928230286,0.5393369793891907,0.017605870962142944,0.43421506881713867,0.5434405207633972,0.014956456609070301,0.4032405614852905,0.512787938117981,0.004732771310955286,0.44441717863082886,0.5019522905349731,-0.0011661299504339695,0.46522057056427,0.5189530253410339,-0.003529468085616827,0.47763004899024963,0.5382971167564392,-0.004003279842436314,0.40421798825263977,0.5232674479484558,-0.008744781836867332,0.4515821933746338,0.5048598051071167,-0.014912249520421028,0.47354307770729065,0.5265448689460754,-0.016023822128772736,0.4851498603820801,0.5503216981887817,-0.015614391304552555,0.4041111469268799,0.5464223623275757,-0.020967602729797363,0.4482557475566864,0.5422835350036621,-0.025228971615433693,0.46833640336990356,0.5676190853118896,-0.023848045617341995,0.4793073832988739,0.5884358882904053,-0.022380368784070015,0.4043000340461731,0.5786455869674683,-0.031918615102767944,0.4398682117462158,0.5779529213905334,-0.03234495222568512,0.4585893154144287,0.58619624376297,-0.029233092442154884,0.4725310504436493,0.5928577780723572,-0.02700089104473591
0.34702590107917786,0.6076265573501587,1.7002948027311504e-07,0.3703998029232025,0.5714260339736938,0.0140260960906744,0.397283136844635,0.5474094748497009,0.01467673759907484,0.4191030263900757,0.5426149368286133,0.011209446005523205,0.4364531636238098,0.5462520718574524,0.007338202092796564,0.4045116901397705,0.5182212591171265,-0.00015995661669876426,0.4462527334690094,0.5029455423355103,-0.008064981549978256,0.46748650074005127,0.518970787525177,-0.011469186283648014,0.4802583158016205,0.5377598404884338,-0.012554997578263283,0.405467689037323,0.5291064381599426,-0.012769773602485657,0.45245879888534546,0.5066830515861511,-0.020534489303827286,0.47516271471977234,0.5278993844985962,-0.022343063727021217,0.48723897337913513,0.5522993803024292,-0.02235223911702633,0.4055916666984558,0.5528964996337891,-0.024251895025372505,0.44964006543159485,0.5434138178825378,-0.030008649453520775,0.4702046513557434,0.5690939426422119,-0.029042474925518036,0.4816424250602722,0.5913944244384766,-0.027692532166838646,0.40593162178993225,0.5860314965248108,-0.03469100221991539,0.44117891788482666,0.584113359451294,-0.03656758368015289,0.4601573050022125,0.5924835205078125,-0.034146737307310104,0.4744303524494171,0.5996128916740417,-0.032236430794000626
0.34920164942741394,0.6199064254760742,1.8743438090496056e-07,0.3720429539680481,0.5824461579322815,0.010514242574572563,0.39865612983703613,0.5566076636314392,0.00898310448974371,0.4198877215385437,0.5506401062011719,0.003975606057792902,0.4378282129764557,0.553178608417511,-0.0010041350033134222,0.4051482379436493,0.5279672741889954,-0.0057044923305511475,0.4479319453239441,0.5091950297355652,-0.016102181747555733,0.46935829520225525,0.5255667567253113,-0.02088029496371746,0.48207521438598633,0.5448080897331238,-0.022664371877908707,0.40589091181755066,0.5396861433982849,-0.017178358510136604,0.4520542025566101,0.5119608044624329,-0.027503954246640205,0.4761502146720886,0.5327474474906921,-0.03025476075708866,0.48958420753479004,0.5569671988487244,-0.0306997187435627,0.4064130485057831,0.5635651350021362,-0.02768625132739544,0.45000752806663513,0.547217845916748,-0.035625871270895004,0.47255077958106995,0.5727527141571045,-0.035580459982156754,0.48553571105003357,0.5957634449005127,-0.03448735550045967,0.4073373079299927,0.5966278910636902,-0.03738559037446976,0.4426867663860321,0.5917475819587708,-0.04069778323173523,0.46127232909202576,0.602118194103241,-0.03859531506896019,0.47412165999412537,0.6120584011077881,-0.03664039075374603
0.3501707911491394,0.631592333316803,1.947087611142706e-07,0.3703994154930115,0.5933395624160767,0.009391315281391144,0.3966679573059082,0.5665901303291321,0.0074715088121593,0.41804999113082886,0.5597736239433289,0.0023933022748678923,0.436073899269104,0.5609309077262878,-0.002798898611217737,0.40562599897384644,0.5401294231414795,-0.007607507519423962,0.44917675852775574,0.5181059837341309,-0.018087314441800117,0.4713453948497772,0.5332813858985901,-0.022839263081550598,0.4843008518218994,0.5517197847366333,-0.02465771697461605,0.4065646827220917,0.5519639253616333,-0.018371600657701492,0.45317476987838745,0.5208776593208313,-0.02814074419438839,0.4774681031703949,0.5406481027603149,-0.030698634684085846,0.4908413887023926,0.5637596845626831,-0.031163346022367477,0.4065344035625458,0.5763730406761169,-0.028143860399723053,0.45025721192359924,0.554492175579071,-0.03561875596642494,0.47274279594421387,0.5769649147987366,-0.03573530539870262,0.4859042167663574,0.5975203514099121,-0.03508475422859192,0.4063814878463745,0.6099041104316711,-0.03717275708913803,0.4395124018192291,0.6041226983070374,-0.04102548584342003,0.45673272013664246,0.6134575009346008,-0.03958823159337044,0.46826037764549255,0.6224369406700134,-0.038129523396492004
0.3512116074562073,0.6386289596557617,2.0125590083353018e-07,0.37065815925598145,0.5980002284049988,0.008479205891489983,0.39659929275512695,0.5710228681564331,0.006642726715654135,0.41821596026420593,0.5642658472061157,0.002020440762862563,0.43631991744041443,0.5659017562866211,-0.0028299291152507067,0.40657714009284973,0.5490596890449524,-0.008493104949593544,0.45006218552589417,0.523368239402771,-0.01872917078435421,0.4722590744495392,0.5364823937416077,-0.02324691414833069,0.48506954312324524,0.554409921169281,-0.024970369413495064,0.4082675278186798,0.5613885521888733,-0.018500810489058495,0.4536789357662201,0.5257775187492371,-0.027751130983233452,0.4773331582546234,0.5423039197921753,-0.030199846252799034,0.49028974771499634,0.5647774934768677,-0.03064109943807125,0.4077945947647095,0.5861397981643677,-0.027533376589417458,0.4505672752857208,0.5613749027252197,-0.0347597636282444,0.47253233194351196,0.5802925825119019,-0.035874661058187485,0.48619332909584045,0.5997803211212158,-0.03619885817170143,0.4064055383205414,0.619370698928833,-0.03583025187253952,0.4350304901599884,0.616506814956665,-0.04094700515270233,0.4506964087486267,0.6252711415290833,-0.041250959038734436,0.461961030960083,0.6344865560531616,-0.04096926376223564
0.35136160254478455,0.6413462162017822,2.097326898820029e-07,0.36897847056388855,0.5984305739402771,0.008377072401344776,0.39448368549346924,0.5705970525741577,0.0064539434388279915,0.41613268852233887,0.5628505349159241,0.0017159534618258476,0.43391671776771545,0.5641350150108337,-0.003364076605066657,0.4048210382461548,0.5519035458564758,-0.008343594148755074,0.4469186067581177,0.522500216960907,-0.018456391990184784,0.4692848324775696,0.5343188643455505,-0.02321399375796318,0.48320475220680237,0.5508731603622437,-0.02530703693628311,0.40674859285354614,0.5632869601249695,-0.018225399777293205,0.451114684343338,0.5210402011871338,-0.02806241251528263,0.47564733028411865,0.5347525477409363,-0.03128353878855705,0.4900470972061157,0.5550557374954224,-0.03224267065525055,0.40679678320884705,0.5864028930664062,-0.027087565511465073,0.45028188824653625,0.5568335652351379,-0.03549372777342796,0.47242093086242676,0.5775181651115417,-0.03741263598203659,0.4861932396888733,0.5979694724082947,-0.037982143461704254,0.40609729290008545,0.6182939410209656,-0.03512077033519745,0.4354276657104492,0.6164825558662415,-0.041603025048971176,0.45078980922698975,0.6274314522743225,-0.04270566999912262,0.4615572988986969,0.6370891332626343,-0.04275006800889969
0.35141804814338684,0.6418726444244385,2.2367996166394732e-07,0.36956971883773804,0.6002604365348816,0.008749470114707947,0.39550644159317017,0.5719948410987854,0.006707156077027321,0.4173693358898163,0.5634143352508545,0.0017010457813739777,0.4359497129917145,0.5645337700843811,-0.0035674443934112787,0.4042169451713562,0.549959123134613,-0.00765620032325387,0.4453638195991516,0.519745945930481,-0.018019571900367737,0.4692639410495758,0.5298484563827515,-0.023076938465237617,0.4843601584434509,0.5458278059959412,-0.025251390412449837,0.4057528078556061,0.5609660744667053,-0.017948254942893982,0.44926339387893677,0.5164977312088013,-0.027946172282099724,0.4746237099170685,0.5296704173088074,-0.031039923429489136,0.48940062522888184,0.5510885119438171,-0.031836677342653275,0.4060171842575073,0.5838894248008728,-0.02724570967257023,0.44942939281463623,0.5540138483047485,-0.03555895388126373,0.47205859422683716,0.5741894245147705,-0.03695284202694893,0.48574143648147583,0.5949150919914246,-0.03715358301997185,0.4060416519641876,0.6158272624015808,-0.035750050097703934,0.43663135170936584,0.6141502261161804,-0.04165509343147278,0.4525124132633209,0.6271771192550659,-0.04197083041071892,0.4631943106651306,0.639202356338501,-0.04146285727620125
0.3525813817977905,0.6412078738212585,2.317987792821441e-07,0.3713379502296448,0.601116418838501,0.008303115144371986,0.39695143699645996,0.5730100274085999,0.005774714983999729,0.41865551471710205,0.5644691586494446,0.0002819013607222587,0.4376177191734314,0.5651932954788208,-0.0053927176631987095,0.4048684537410736,0.5481220483779907,-0.008322251960635185,0.4462275505065918,0.5177068710327148,-0.019170967862010002,0.47069239616394043,0.5274586081504822,-0.024655308574438095,0.48627975583076477,0.5437077879905701,-0.027047492563724518,0.40615954995155334,0.5589640140533447,-0.01856602542102337,0.4497411847114563,0.5148484706878662,-0.028592407703399658,0.4752972424030304,0.5287688970565796,-0.03159945458173752,0.48992645740509033,0.5511151552200317,-0.03249246999621391,0.40694084763526917,0.5820578336715698,-0.027882259339094162,0.45106980204582214,0.5531956553459167,-0.03590564802289009,0.47394055128097534,0.5743098258972168,-0.036841217428445816,0.4872015714645386,0.5955826640129089,-0.03687817603349686,0.4079132080078125,0.6141474843025208,-0.0365309976041317,0.43972721695899963,0.6114101409912109,-0.04191487655043602,0.45585671067237854,0.6249002814292908,-0.04175307974219322,0.46633556485176086,0.6374971866607666,-0.041018035262823105
0.355389803647995,0.6426314115524292,2.1883163014990714e-07,0.3736564815044403,0.6006369590759277,0.009825908578932285,0.3985869288444519,0.5716008543968201,0.008070320822298527,0.419481486082077,0.5629498362541199,0.00304930261336267,0.4379022717475891,0.5645593404769897,-0.0021831991616636515,0.40682023763656616,0.5474684834480286,-0.006802188232541084,0.4462176561355591,0.5155198574066162,-0.017127428203821182,0.4698610007762909,0.5255311131477356,-0.02222278155386448,0.4847373366355896,0.5426055192947388,-0.024304719641804695,0.4083797037601471,0.5574613213539124,-0.01751529984176159,0.44977083802223206,0.5106449127197266,-0.027102135121822357,0.4746463894844055,0.5249233245849609,-0.029558002948760986,0.4883374869823456,0.548664391040802,-0.02996404841542244,0.409255713224411,0.5802015662193298,-0.02721351943910122,0.4515477418899536,0.5509349703788757,-0.03470420837402344,0.4732899069786072,0.572429895401001,-0.03523390740156174,0.48512426018714905,0.5940597057342529,-0.034970417618751526,0.4103281497955322,0.6125382781028748,-0.03613893687725067,0.4419540762901306,0.6119720935821533,-0.04082215949892998,0.4576713442802429,0.6252829432487488,-0.040395256131887436,0.46745753288269043,0.6372876167297363,-0.03951920196413994
0.35727307200431824,0.6431547403335571,2.0804638722893287e-07,0.375227153301239,0.5997827649116516,0.0095952358096838,0.39937323331832886,0.5713638067245483,0.00790699478238821,0.4198818802833557,0.5624512434005737,0.002964826300740242,0.4376288056373596,0.5637058019638062,-0.0023231403902173042,0.4070805013179779,0.5484076142311096,-0.006335863843560219,0.44668343663215637,0.5187612771987915,-0.01632601208984852,0.4697495400905609,0.5292630195617676,-0.02143319509923458,0.48442238569259644,0.5453457832336426,-0.023733437061309814,0.40925782918930054,0.558235228061676,-0.01691303960978985,0.4509393572807312,0.5143277645111084,-0.025964872911572456,0.4753078520298004,0.5288887619972229,-0.028583921492099762,0.48912400007247925,0.5513339042663574,-0.029328403994441032,0.4105614721775055,0.5808457136154175,-0.02649977058172226,0.4515858292579651,0.5520913600921631,-0.03369918093085289,0.47311750054359436,0.5730311274528503,-0.03451438620686531,0.48523885011672974,0.5939807891845703,-0.034616660326719284,0.41193273663520813,0.6130967736244202,-0.03534543141722679,0.4427943229675293,0.61229008436203,-0.03992422670125961,0.45834463834762573,0.6256568431854248,-0.03958931192755699,0.46819964051246643,0.6377352476119995,-0.03891345486044884
0.3590431213378906,0.644784152507782,1.904724342693953e-07,0.3766363859176636,0.6027432084083557,0.010021178051829338,0.40063315629959106,0.5739731192588806,0.00844294298440218,0.4211593270301819,0.5654963850975037,0.003630194114521146,0.439109742641449,0.5669702291488647,-0.0014636277919635177,0.4085972011089325,0.5479772090911865,-0.0070311324670910835,0.44933050870895386,0.5199061632156372,-0.017400752753019333,0.4707275629043579,0.5338777899742126,-0.022366736084222794,0.48311424255371094,0.552651047706604,-0.02431449480354786,0.4103137254714966,0.5584172606468201,-0.017580822110176086,0.45359429717063904,0.518631637096405,-0.027212636545300484,0.4767228960990906,0.5380798578262329,-0.029529688879847527,0.4887169897556305,0.5630384683609009,-0.029731150716543198,0.4110991358757019,0.5818750858306885,-0.027051005512475967,0.4525739848613739,0.5567975044250488,-0.034253038465976715,0.4737622141838074,0.5814099311828613,-0.034186769276857376,0.4850858747959137,0.6044217348098755,-0.03337809070944786,0.41174444556236267,0.6147139668464661,-0.035708535462617874,0.44335582852363586,0.6128200888633728,-0.039492182433605194,0.45944684743881226,0.6254423260688782,-0.0382361114025116,0.46966665983200073,0.6365469098091125,-0.03684798255562782
0.35811367630958557,0.6434470415115356,1.672943028552254e-07,0.3779445290565491,0.6027197241783142,0.011437113396823406,0.40189123153686523,0.5751620531082153,0.010419259779155254,0.4222291111946106,0.5683120489120483,0.005931665655225515,0.4402022659778595,0.5720059871673584,0.0011730592232197523,0.4090285301208496,0.5480127930641174,-0.005335093941539526,0.4507176876068115,0.5253784656524658,-0.014794925227761269,0.4712474048137665,0.5406216382980347,-0.01834147423505783,0.4829769730567932,0.5594308376312256,-0.019228797405958176,0.4096921682357788,0.558403491973877,-0.01641179993748665,0.4557362198829651,0.5266574025154114,-0.02554505132138729,0.4762745797634125,0.549978494644165,-0.02643801085650921,0.486157089471817,0.5749865770339966,-0.02526811882853508,0.4103603661060333,0.5823772549629211,-0.026274871081113815,0.4527808725833893,0.566665530204773,-0.032827090471982956,0.4723358452320099,0.5922266840934753,-0.03060797229409218,0.4825838506221771,0.6130676865577698,-0.027881143614649773,0.41139721870422363,0.6154184341430664,-0.03521261736750603,0.44453006982803345,0.6121652722358704,-0.03696741908788681,0.4614812433719635,0.6215049624443054,-0.033376943320035934,0.4727538824081421,0.6284738779067993,-0.03027203120291233
0.355691134929657,0.6370881795883179,1.6340452191343502e-07,0.37985706329345703,0.6026274561882019,0.011614345945417881,0.40495145320892334,0.5787727236747742,0.011378095485270023,0.4260289669036865,0.5750308632850647,0.007308443076908588,0.44415736198425293,0.5796384811401367,0.0030041313730180264,0.4107983112335205,0.5440720915794373,-0.0002631992974784225,0.4506243169307709,0.5312655568122864,-0.008994944393634796,0.4711255431175232,0.5479752421379089,-0.013183039613068104,0.48309326171875,0.5668506026268005,-0.014719774946570396,0.41097649931907654,0.5552202463150024,-0.01170951034873724,0.45585986971855164,0.5340523719787598,-0.0202314555644989,0.476415753364563,0.5579193234443665,-0.022142920643091202,0.48684099316596985,0.5817334651947021,-0.02181306481361389,0.4113345146179199,0.5793665051460266,-0.022315269336104393,0.4525719881057739,0.5706464052200317,-0.02861967496573925,0.4710603356361389,0.5953975319862366,-0.026858340948820114,0.4807281494140625,0.6141778826713562,-0.024387799203395844,0.4122384488582611,0.6116955280303955,-0.03211949020624161,0.445067435503006,0.6082191467285156,-0.03342499956488609,0.4607779383659363,0.6169669032096863,-0.029469085857272148,0.47124335169792175,0.6233052611351013,-0.026085413992404938
0.3569222092628479,0.6324462890625,1.716778683658049e-07,0.3798310160636902,0.5962085723876953,0.010795514099299908,0.40476882457733154,0.572264552116394,0.010243536904454231,0.42684632539749146,0.569215714931488,0.00617257971316576,0.4453003406524658,0.5762097835540771,0.0018692177254706621,0.41030892729759216,0.5388168096542358,-0.0002884209097828716,0.45078665018081665,0.5310247540473938,-0.008613552898168564,0.4707018733024597,0.5505491495132446,-0.012699604034423828,0.48209846019744873,0.5706653594970703,-0.014184937812387943,0.41127195954322815,0.5498533844947815,-0.011113383807241917,0.4576667249202728,0.5334327220916748,-0.018845532089471817,0.4770103096961975,0.5576359629631042,-0.020765848457813263,0.4868212640285492,0.5817259550094604,-0.020649563521146774,0.41228729486465454,0.5736873149871826,-0.02119818888604641,0.4543934166431427,0.5682375431060791,-0.026454083621501923,0.4731743633747101,0.590600311756134,-0.025095170363783836,0.48364585638046265,0.6083977222442627,-0.02332065999507904,0.41380903124809265,0.6057087779045105,-0.0305918101221323,0.4471718966960907,0.5998834371566772,-0.031607840210199356,0.464793860912323,0.6040334701538086,-0.02846718020737171,0.47800391912460327,0.6070735454559326,-0.025947395712137222
0.35717397928237915,0.6255584359169006,1.393198090227088e-07,0.38023561239242554,0.5910995602607727,0.013294028118252754,0.40455323457717896,0.5671899914741516,0.013966478407382965,0.42649978399276733,0.5655271410942078,0.010559428483247757,0.4442914128303528,0.5750299692153931,0.006524096243083477,0.41132286190986633,0.5363182425498962,0.0029326018411666155,0.45116353034973145,0.5325296521186829,-0.0037056608125567436,0.46977344155311584,0.5531113147735596,-0.006851952988654375,0.4801866114139557,0.5733164548873901,-0.008115443401038647,0.4126240909099579,0.5456793308258057,-0.008959194645285606,0.4596492350101471,0.5314862728118896,-0.015271538868546486,0.4771423041820526,0.5576143860816956,-0.01645866222679615,0.48582035303115845,0.5824877619743347,-0.016049562022089958,0.4137641191482544,0.568205714225769,-0.019932053983211517,0.4567723572254181,0.5647287368774414,-0.024121664464473724,0.4738171100616455,0.5891205072402954,-0.02204171009361744,0.4830001890659332,0.6072819828987122,-0.02007116936147213,0.4150731563568115,0.5989753603935242,-0.030028723180294037,0.4487355947494507,0.5950509905815125,-0.03102695941925049,0.467133104801178,0.5995404124259949,-0.02805185876786709,0.4815478026866913,0.6018036603927612,-0.025796256959438324
0.35801148414611816,0.6189587712287903,1.4345212662192353e-07,0.38182011246681213,0.5833653807640076,0.012561085633933544,0.40661922097206116,0.5612805485725403,0.013006018474698067,0.4284355044364929,0.5608868598937988,0.009529282338917255,0.44653695821762085,0.5703748464584351,0.005622734781354666,0.4132319688796997,0.5310598015785217,0.003255374962463975,0.4536932706832886,0.5306549072265625,-0.0031230140011757612,0.4715207517147064,0.5516096353530884,-0.0061050718650221825,0.4813178777694702,0.5714353322982788,-0.0071702939458191395,0.41467347741127014,0.5417806506156921,-0.008087349124252796,0.46135610342025757,0.5320931077003479,-0.01396664697676897,0.4787367582321167,0.5576461553573608,-0.015039184130728245,0.48721760511398315,0.5815190672874451,-0.014526570215821266,0.41553521156311035,0.5647653341293335,-0.018629536032676697,0.4581144452095032,0.5626832842826843,-0.02194230444729328,0.47576022148132324,0.5856016874313354,-0.019724765792489052,0.4855056405067444,0.6028708219528198,-0.01780885085463524,0.4163607060909271,0.5957186818122864,-0.028420990332961082,0.4492291212081909,0.5914933681488037,-0.028251340612769127,0.4664427638053894,0.5966151356697083,-0.02457570657134056,0.4795134663581848,0.600360095500946,-0.021851781755685806
0.3607597351074219,0.6194939613342285,1.5164557964908454e-07,0.3836558759212494,0.5872233510017395,0.009764198213815689,0.40863898396492004,0.5644410848617554,0.009389846585690975,0.4310518503189087,0.5616681575775146,0.00550745939835906,0.44912877678871155,0.5684818625450134,0.001710227457806468,0.41390594840049744,0.5305773615837097,0.0025232466869056225,0.4545021653175354,0.5283169150352478,-0.004425716120749712,0.472077876329422,0.5497363805770874,-0.00854695774614811,0.48199063539505005,0.5700139403343201,-0.010463207960128784,0.4146575927734375,0.5410769581794739,-0.007227087393403053,0.4598182737827301,0.535496175289154,-0.012750071473419666,0.4777772128582001,0.5591510534286499,-0.014602645300328732,0.48768627643585205,0.581147313117981,-0.015369530767202377,0.4155919849872589,0.5624054670333862,-0.016669433563947678,0.45830976963043213,0.5582020282745361,-0.019535547122359276,0.4775749146938324,0.5787745118141174,-0.018646636977791786,0.48913025856018066,0.5968327522277832,-0.018308553844690323,0.417694091796875,0.5919326543807983,-0.025767458602786064,0.45065632462501526,0.5900302529335022,-0.02559812366962433,0.46872949600219727,0.5950605273246765,-0.02347703091800213,0.4827236533164978,0.5992461442947388,-0.022360455244779587
0.3651795983314514,0.6175538301467896,1.8727286033026758e-07,0.38546305894851685,0.5836115479469299,0.007964751683175564,0.41040918231010437,0.5600731372833252,0.006820474285632372,0.43273359537124634,0.5571900010108948,0.002659845631569624,0.45020684599876404,0.5624994039535522,-0.001439829240553081,0.41513004899024963,0.5308830738067627,-0.0008883738773874938,0.4554552435874939,0.5269779562950134,-0.008982379920780659,0.4749939739704132,0.5484145283699036,-0.0139704504981637,0.487499475479126,0.5673559308052063,-0.016693653538823128,0.41628605127334595,0.5403403639793396,-0.009980609640479088,0.4609164595603943,0.5324139595031738,-0.017169777303934097,0.4816043972969055,0.5567759275436401,-0.019979095086455345,0.4933474659919739,0.5791128277778625,-0.02138671837747097,0.4175390899181366,0.5601460337638855,-0.018764620646834373,0.460205078125,0.5502575635910034,-0.02348441444337368,0.4822031259536743,0.5700229406356812,-0.02380347065627575,0.49621811509132385,0.5878945589065552,-0.024030594155192375,0.42008522152900696,0.5896615982055664,-0.02725677378475666,0.45312732458114624,0.586652398109436,-0.02923164702951908,0.472359836101532,0.5919250249862671,-0.028656240552663803,0.48723700642585754,0.5966360569000244,-0.028450671583414078
0.371067076921463,0.6263924241065979,1.8044305249986792e-07,0.3909124433994293,0.5950460433959961,0.007806851994246244,0.4140084683895111,0.5692779421806335,0.006462575867772102,0.43522340059280396,0.5633111000061035,0.002173219108954072,0.4523185193538666,0.5657265782356262,-0.0019270464545115829,0.4164733290672302,0.5367867946624756,-0.0018643081421032548,0.45713335275650024,0.5280041694641113,-0.010634537786245346,0.47707605361938477,0.5481007099151611,-0.015852702781558037,0.48931461572647095,0.5662295818328857,-0.018523845821619034,0.417405903339386,0.5460200309753418,-0.010965997353196144,0.4627017378807068,0.5339399576187134,-0.0189941618591547,0.48468512296676636,0.5562337040901184,-0.02208511345088482,0.4972518980503082,0.5772470235824585,-0.02344745770096779,0.41928407549858093,0.5656669735908508,-0.01975257508456707,0.4625280201435089,0.5499594211578369,-0.02524005062878132,0.4860846996307373,0.567423403263092,-0.02584964781999588,0.5011641979217529,0.5845298767089844,-0.026018142700195312,0.4229303002357483,0.5953717827796936,-0.02821093052625656,0.45578107237815857,0.5879824757575989,-0.030900711193680763,0.47503530979156494,0.5919653177261353,-0.03059324063360691,0.4896799325942993,0.596558153629303,-0.030364640057086945
0.37446296215057373,0.6335791945457458,1.7383341344157088e-07,0.39441466331481934,0.6011520624160767,0.009372947737574577,0.4170936942100525,0.5741899609565735,0.008641980588436127,0.4381783902645111,0.5679031014442444,0.004825204610824585,0.4549560844898224,0.5710669755935669,0.0008431020542047918,0.41975724697113037,0.5427023768424988,-0.001872572349384427,0.45971089601516724,0.5329094529151917,-0.010014435276389122,0.48011302947998047,0.5506712794303894,-0.014738945290446281,0.49330687522888184,0.5663989782333374,-0.017404217272996902,0.4205303192138672,0.5525856018066406,-0.01177890319377184,0.465242475271225,0.5384177565574646,-0.01945277489721775,0.48800042271614075,0.5579109787940979,-0.02229856699705124,0.5019717216491699,0.5758792161941528,-0.023681817576289177,0.42204049229621887,0.5726773142814636,-0.021111341193318367,0.46461305022239685,0.5531933307647705,-0.026775429025292397,0.48875975608825684,0.5667979717254639,-0.02739638462662697,0.5051303505897522,0.5800638198852539,-0.02764444798231125,0.42531275749206543,0.6027600169181824,-0.029872380197048187,0.45725852251052856,0.591338038444519,-0.03321949392557144,0.4766698181629181,0.59214186668396,-0.03320689871907234,0.4919814169406891,0.5939326286315918,-0.0332060381770134
0.3759530186653137,0.6409730911254883,1.714006145903113e-07,0.3958629071712494,0.607593297958374,0.01011886540800333,0.41817954182624817,0.5799909830093384,0.009903265163302422,0.43910685181617737,0.5717265605926514,0.006429202854633331,0.456129789352417,0.5723171234130859,0.0027120450977236032,0.42009663581848145,0.5483137369155884,-0.0011878844816237688,0.45998284220695496,0.5366027355194092,-0.00915439985692501,0.4811670184135437,0.5510225296020508,-0.013452652841806412,0.49569910764694214,0.5643115043640137,-0.015726760029792786,0.4210520386695862,0.5568474531173706,-0.011543276719748974,0.46568021178245544,0.5395325422286987,-0.01965382508933544,0.48946163058280945,0.5548277497291565,-0.022340785712003708,0.5043885707855225,0.5704647898674011,-0.023265549913048744,0.4232219159603119,0.5764546394348145,-0.021298248320817947,0.46540871262550354,0.5541123747825623,-0.027443230152130127,0.49117302894592285,0.5640354752540588,-0.028238648548722267,0.5088210105895996,0.5745545625686646,-0.028153836727142334,0.4270901083946228,0.6064052581787109,-0.030355460941791534,0.45974576473236084,0.5887795090675354,-0.03367943689227104,0.4798402786254883,0.5871886014938354,-0.03339298814535141,0.49559926986694336,0.5882146954536438,-0.032946810126304626
0.37690848112106323,0.6482830047607422,1.8256336886679492e-07,0.3974701762199402,0.6140692234039307,0.009850460104644299,0.4197721481323242,0.5837622880935669,0.009842982515692711,0.440632164478302,0.5727667808532715,0.006479271221905947,0.4578962028026581,0.5704793334007263,0.003039597300812602,0.4197394847869873,0.5503848195075989,0.00020425634284038097,0.45967814326286316,0.5345486998558044,-0.007677956018596888,0.48177027702331543,0.5472406148910522,-0.012082021683454514,0.4970625936985016,0.5595727562904358,-0.014405687339603901,0.42079928517341614,0.558398425579071,-0.010123497806489468,0.46493929624557495,0.5372859239578247,-0.01838536746799946,0.48942863941192627,0.551663339138031,-0.02138109691441059,0.5047126412391663,0.5670964121818542,-0.02236967906355858,0.4234035015106201,0.5777298808097839,-0.019991673529148102,0.4648784399032593,0.5521969795227051,-0.026185085996985435,0.49085479974746704,0.5607960820198059,-0.027008745819330215,0.5085752606391907,0.5703731775283813,-0.026834329590201378,0.42799630761146545,0.6077848672866821,-0.02925959974527359,0.46039584279060364,0.5878617763519287,-0.032315388321876526,0.4802767336368561,0.585109531879425,-0.03178080543875694,0.49553152918815613,0.5853279232978821,-0.031135007739067078
0.3791463375091553,0.6567178964614868,1.7901196258662821e-07,0.39789748191833496,0.6201441884040833,0.010475745424628258,0.4196070730686188,0.5864531993865967,0.010972700081765652,0.44039714336395264,0.5712899565696716,0.008046993054449558,0.45743948221206665,0.5654019117355347,0.005113360937684774,0.41900336742401123,0.5506715774536133,0.0013318595010787249,0.4592049717903137,0.5315895676612854,-0.006206239107996225,0.4819283187389374,0.5431806445121765,-0.010498073883354664,0.4977860152721405,0.5552171468734741,-0.012820660136640072,0.4201800525188446,0.5585055351257324,-0.009171891957521439,0.46425867080688477,0.5327544808387756,-0.017273258417844772,0.48903730511665344,0.5456200838088989,-0.020306291058659554,0.5046206712722778,0.5605605840682983,-0.021368464455008507,0.42333489656448364,0.577362060546875,-0.01918899267911911,0.46440589427948,0.5479109287261963,-0.02517036721110344,0.4908348023891449,0.5549762845039368,-0.02594267949461937,0.5090924501419067,0.563815712928772,-0.025813719257712364,0.42887046933174133,0.6066716313362122,-0.028570083901286125,0.4603784382343292,0.5825186967849731,-0.03146892040967941,0.4799445569515228,0.5788676738739014,-0.030892105773091316,0.49523529410362244,0.5791658163070679,-0.030257662758231163
0.38216444849967957,0.6601085662841797,1.9264825823483989e-07,0.39896246790885925,0.6198010444641113,0.00924462080001831,0.4202462434768677,0.5839301943778992,0.009321792051196098,0.44073981046676636,0.5682684183120728,0.006097542122006416,0.4581412672996521,0.5614833831787109,0.0028855304699391127,0.41918113827705383,0.5513888597488403,0.0019442191114649177,0.4579448103904724,0.5281485319137573,-0.005547305569052696,0.481173038482666,0.5366550087928772,-0.009962783195078373,0.4974711239337921,0.5462342500686646,-0.012257463298738003,0.4212445020675659,0.5586007237434387,-0.00789701472967863,0.4634293019771576,0.5299789309501648,-0.015211676247417927,0.4890172481536865,0.5394420027732849,-0.018104543909430504,0.5056977272033691,0.55219966173172,-0.01930038072168827,0.4251326024532318,0.5762761831283569,-0.017485307529568672,0.46438685059547424,0.5455700159072876,-0.022934651002287865,0.49082547426223755,0.5505722761154175,-0.023699253797531128,0.5092297792434692,0.5579982399940491,-0.0237325020134449,0.43162140250205994,0.6034842729568481,-0.02660432457923889,0.4621211588382721,0.5784352421760559,-0.028786692768335342,0.48112767934799194,0.5752615332603455,-0.0276054535061121,0.49559807777404785,0.5761445760726929,-0.026628976687788963
0.3854570984840393,0.6609455943107605,1.7611120028959704e-07,0.4028780162334442,0.6219499707221985,0.010166113264858723,0.4235087037086487,0.5847434401512146,0.010227843187749386,0.44316643476486206,0.5676844120025635,0.006678743287920952,0.4600712060928345,0.560116708278656,0.0029530951287597418,0.42018866539001465,0.5492230653762817,0.0015007148031145334,0.45795318484306335,0.5228740572929382,-0.006032255943864584,0.48083075881004333,0.5338037610054016,-0.010444410145282745,0.49624547362327576,0.5464041233062744,-0.012686957605183125,0.42180073261260986,0.5574860572814941,-0.008949192240834236,0.4631017744541168,0.5261327028274536,-0.015818500891327858,0.4882202744483948,0.5375731587409973,-0.01862611249089241,0.5038300156593323,0.5530755519866943,-0.01995118334889412,0.4256151616573334,0.5762386322021484,-0.018961748108267784,0.4639892578125,0.5421351790428162,-0.024034125730395317,0.48950260877609253,0.5503023266792297,-0.024805426597595215,0.5062233209609985,0.5617731213569641,-0.02505430579185486,0.4320981502532959,0.603367030620575,-0.028409212827682495,0.46244630217552185,0.5772720575332642,-0.030781134963035583,0.4812985956668854,0.5775408744812012,-0.029649993404746056,0.49478310346603394,0.5826581716537476,-0.02871604822576046
0.386486679315567,0.6598940491676331,1.5212147275178722e-07,0.4013221859931946,0.6182945370674133,0.010352733545005322,0.42105913162231445,0.5800129771232605,0.010041827335953712,0.4398578405380249,0.5636294484138489,0.006020109634846449,0.4568752944469452,0.5568423271179199,0.0016832202672958374,0.4204116761684418,0.548732340335846,0.0006713056936860085,0.45762890577316284,0.5217982530593872,-0.006885646376758814,0.47951754927635193,0.5348489284515381,-0.011167352087795734,0.49331235885620117,0.550044596195221,-0.013281866908073425,0.42242830991744995,0.5570277571678162,-0.009917233139276505,0.4631170332431793,0.5238911509513855,-0.016493383795022964,0.48712971806526184,0.5370687246322632,-0.019154546782374382,0.5010035634040833,0.554931104183197,-0.020404987037181854,0.4264337420463562,0.5759673714637756,-0.01993114873766899,0.46404850482940674,0.5380213856697083,-0.0248956847935915,0.4889299273490906,0.5488841533660889,-0.02553245611488819,0.5045081377029419,0.5633400678634644,-0.025719230994582176,0.43319910764694214,0.6035211682319641,-0.029286162927746773,0.4628978967666626,0.5755453705787659,-0.03197239339351654,0.48087427020072937,0.5778946280479431,-0.030772380530834198,0.49328768253326416,0.5852066874504089,-0.02968791127204895
0.3864003121852875,0.6550339460372925,1.6733351060338464e-07,0.40003472566604614,0.6132315397262573,0.009577762335538864,0.4189434051513672,0.5755019187927246,0.008661152794957161,0.43782278895378113,0.5593271255493164,0.00421568751335144,0.4545898735523224,0.5525577068328857,-0.00046056119026616216,0.41936859488487244,0.5456880331039429,-0.0016678861575201154,0.4570564925670624,0.5156821012496948,-0.010266244411468506,0.47917407751083374,0.530264675617218,-0.015090120024979115,0.4930306673049927,0.5470455884933472,-0.017489036545157433,0.421589732170105,0.5540265440940857,-0.011997463181614876,0.4614207446575165,0.5147262811660767,-0.019929280504584312,0.4858649969100952,0.528023898601532,-0.023027872666716576,0.49994713068008423,0.5469000935554504,-0.024342773482203484,0.4258902966976166,0.5732847452163696,-0.021706989035010338,0.46173879504203796,0.5316433906555176,-0.02791689522564411,0.48673906922340393,0.5418888330459595,-0.028981724753975868,0.5023201107978821,0.55600905418396,-0.029250355437397957,0.4329861104488373,0.6015436053276062,-0.030769532546401024,0.4622729420661926,0.5743954181671143,-0.034864507615566254,0.48052528500556946,0.5766486525535583,-0.03443390503525734,0.4934033155441284,0.5835645794868469,-0.03369046747684479
0.3879285454750061,0.6466739773750305,1.832582796623683e-07,0.40051907300949097,0.6024773716926575,0.01024528406560421,0.41897162795066833,0.5653421878814697,0.008939172141253948,0.4374159872531891,0.5499299168586731,0.004002455156296492,0.4546058773994446,0.5447633862495422,-0.0011495230719447136,0.4192005395889282,0.5375016331672668,-0.0028860282618552446,0.4563777446746826,0.5029594898223877,-0.011979728005826473,0.47848865389823914,0.5141563415527344,-0.016627570614218712,0.49216195940971375,0.5297049283981323,-0.01861865259706974,0.4216337203979492,0.5457801818847656,-0.013612866401672363,0.4602567255496979,0.5003901720046997,-0.02199597656726837,0.48424196243286133,0.5124615430831909,-0.024465203285217285,0.49753761291503906,0.5316042304039001,-0.0250764898955822,0.42604151368141174,0.5654478669166565,-0.023541543632745743,0.4609920084476471,0.519882082939148,-0.029890134930610657,0.48466312885284424,0.5290387868881226,-0.030077718198299408,0.4986862540245056,0.5430975556373596,-0.02956211566925049,0.4331972897052765,0.5940247774124146,-0.03276194632053375,0.46301692724227905,0.5689844489097595,-0.036722708493471146,0.4815347492694855,0.5723906755447388,-0.03576168790459633,0.49403637647628784,0.5801353454589844,-0.03451356664299965
0.3879208266735077,0.6369675993919373,1.6546802328321064e-07,0.4019021987915039,0.5935937762260437,0.011763127520680428,0.419869989156723,0.556425929069519,0.011283103376626968,0.4375448226928711,0.5414137840270996,0.0070051634684205055,0.4539215862751007,0.536216139793396,0.0022693700157105923,0.4204009473323822,0.5293847322463989,-0.0024322422686964273,0.4556507170200348,0.49163633584976196,-0.01169179193675518,0.47728538513183594,0.5010834336280823,-0.016394006088376045,0.49026089906692505,0.51643967628479,-0.018270369619131088,0.4225991666316986,0.537841260433197,-0.013663937337696552,0.45995673537254333,0.4888318181037903,-0.021896567195653915,0.4832783341407776,0.4972451627254486,-0.024271851405501366,0.4960266053676605,0.5142286419868469,-0.024751530960202217,0.4264889657497406,0.5580115914344788,-0.02398991584777832,0.4604146182537079,0.5117081999778748,-0.030462848022580147,0.4838157594203949,0.5179791450500488,-0.03125324845314026,0.4978531002998352,0.5300384163856506,-0.03113272227346897,0.4330940246582031,0.5872002840042114,-0.033362165093421936,0.46201786398887634,0.5635404586791992,-0.037710338830947876,0.47977370023727417,0.5673115253448486,-0.03720974549651146,0.4917866289615631,0.5753633975982666,-0.03625645115971565
0.38854801654815674,0.6294311285018921,1.7367224813824578e-07,0.4025743007659912,0.5871705412864685,0.010036351159214973,0.42133212089538574,0.5494638681411743,0.008804908022284508,0.43923062086105347,0.5337806344032288,0.0041345031931996346,0.4557415246963501,0.5269904732704163,-0.0007395785069093108,0.42148277163505554,0.5223915576934814,-0.004461380187422037,0.45677998661994934,0.4805717468261719,-0.014551960863173008,0.4792928993701935,0.49005165696144104,-0.019824469462037086,0.492819219827652,0.5062811374664307,-0.021954074501991272,0.42351141571998596,0.5308690071105957,-0.014924748800694942,0.4604959189891815,0.48016902804374695,-0.02372640185058117,0.48446792364120483,0.489489883184433,-0.0264494139701128,0.49757054448127747,0.5072373747825623,-0.027146970853209496,0.4272822439670563,0.550973653793335,-0.024583974853157997,0.4618309736251831,0.5038954019546509,-0.031083103269338608,0.4854026436805725,0.5119245052337646,-0.03169917315244675,0.499546617269516,0.5253517031669617,-0.031541917473077774,0.4335782825946808,0.5797820687294006,-0.033516526222229004,0.4615567922592163,0.5572744607925415,-0.03798123449087143,0.4787786304950714,0.5612559914588928,-0.03762572258710861,0.4903610646724701,0.5690976977348328,-0.036760881543159485
0.38693660497665405,0.6228876113891602,1.6804715130547265e-07,0.4012325406074524,0.5839483737945557,0.009814190678298473,0.41980934143066406,0.5477131009101868,0.008777691051363945,0.4372814893722534,0.5323707461357117,0.004443064797669649,0.45325663685798645,0.5250161290168762,-0.00010124980326509103,0.4214128255844116,0.5165590047836304,-0.0043344637379050255,0.45531728863716125,0.47442466020584106,-0.01366845890879631,0.47749534249305725,0.48249751329421997,-0.01858544908463955,0.49130570888519287,0.4979383051395416,-0.02067037671804428,0.42395904660224915,0.5245471000671387,-0.014606171287596226,0.45841893553733826,0.46989578008651733,-0.02284511737525463,0.48299652338027954,0.47704076766967773,-0.02575112134218216,0.4977874755859375,0.4940291941165924,-0.026685308665037155,0.4280257821083069,0.544587254524231,-0.023984454572200775,0.4615859389305115,0.49701136350631714,-0.03045961819589138,0.485458105802536,0.5060809254646301,-0.0315842442214489,0.5002351403236389,0.520015299320221,-0.031827691942453384,0.4342227280139923,0.5734010934829712,-0.03259100019931793,0.46151968836784363,0.5534689426422119,-0.03690541908144951,0.47821661829948425,0.5578014850616455,-0.03659561276435852,0.4894609749317169,0.5650917291641235,-0.03585192561149597
0.38912102580070496,0.6183629631996155,1.6950910719515377e-07,0.404017835855484,0.5779489874839783,0.010353940539062023,0.4221591055393219,0.5403388738632202,0.009216236881911755,0.4388860762119293,0.5210066437721252,0.004626993089914322,0.45486924052238464,0.5110833644866943,0.00010403754276921973,0.42249342799186707,0.5080845355987549,-0.0034423540346324444,0.45398807525634766,0.4651535749435425,-0.013178751803934574,0.47568902373313904,0.4691709876060486,-0.0179548729211092,0.48942387104034424,0.48331594467163086,-0.019464781507849693,0.4247244596481323,0.515879213809967,-0.01420640293508768,0.45732271671295166,0.45904242992401123,-0.02330246940255165,0.4813901484012604,0.4650115966796875,-0.025516526773571968,0.4961616098880768,0.4838479161262512,-0.025275293737649918,0.42913228273391724,0.5359477996826172,-0.024134811013936996,0.4637552499771118,0.495934396982193,-0.030850805342197418,0.48711228370666504,0.5080639123916626,-0.03054226003587246,0.5008993744850159,0.5241696238517761,-0.02919927053153515,0.4359210729598999,0.564294695854187,-0.033290743827819824,0.46514806151390076,0.5451650023460388,-0.03609972819685936,0.48162657022476196,0.5508147478103638,-0.03381389006972313,0.49231019616127014,0.5593189001083374,-0.03136315569281578
0.38778600096702576,0.61164391040802,1.6430817595392e-07,0.4028967320919037,0.5699706673622131,0.011684469878673553,0.42202502489089966,0.5334578156471252,0.011509816162288189,0.43938830494880676,0.5155899524688721,0.007493028417229652,0.4556979835033417,0.5067691206932068,0.003457060782238841,0.42253342270851135,0.5012803673744202,-0.00029691451345570385,0.45325952768325806,0.4590403437614441,-0.008803317323327065,0.4745997190475464,0.45843935012817383,-0.012689203023910522,0.4883889853954315,0.469352662563324,-0.01354534737765789,0.4251098334789276,0.5079818367958069,-0.011510537005960941,0.457287073135376,0.45093122124671936,-0.019319921731948853,0.4806070625782013,0.454947829246521,-0.02080664597451687,0.4950157403945923,0.47303712368011475,-0.01988937333226204,0.4297250509262085,0.5273691415786743,-0.021865036338567734,0.4652020037174225,0.49106869101524353,-0.027977600693702698,0.4869866967201233,0.5054811835289001,-0.02703956887125969,0.4990595877170563,0.5230892300605774,-0.02493312954902649,0.4368801712989807,0.5553227066993713,-0.031333815306425095,0.46663564443588257,0.5371065735816956,-0.03302851691842079,0.4818386137485504,0.5443075299263,-0.029690876603126526,0.49088290333747864,0.5539847016334534,-0.026369307190179825
0.386304646730423,0.6054369211196899,1.6272866787403473e-07,0.4047154188156128,0.5682485699653625,0.011662714183330536,0.4247129261493683,0.5326130390167236,0.011535415425896645,0.4425569772720337,0.5142813920974731,0.007680246140807867,0.4586392641067505,0.5047280788421631,0.003947061486542225,0.422028511762619,0.49549683928489685,-0.0006882304442115128,0.4537823498249054,0.453579306602478,-0.009299096651375294,0.4750403165817261,0.45489436388015747,-0.013239179737865925,0.48905864357948303,0.4668848514556885,-0.014325316995382309,0.423676460981369,0.5013711452484131,-0.011857873760163784,0.4580475687980652,0.44609013199806213,-0.019756462424993515,0.4815193712711334,0.45152929425239563,-0.021224921569228172,0.49599146842956543,0.46976640820503235,-0.02050049789249897,0.4278469979763031,0.5204530954360962,-0.0221880991011858,0.4647136330604553,0.4867880940437317,-0.02802128717303276,0.4872976839542389,0.5017033815383911,-0.026841208338737488,0.5004461407661438,0.519116997718811,-0.02492585964500904,0.43483877182006836,0.5486485958099365,-0.031691666692495346,0.4649047553539276,0.5335076451301575,-0.03313465788960457,0.48033493757247925,0.5407373309135437,-0.029847227036952972,0.49003133177757263,0.5497339963912964,-0.026869580149650574
0.38504114747047424,0.6043510437011719,1.521548256278038e-07,0.4065832197666168,0.5688851475715637,0.014035094529390335,0.4267409145832062,0.5332556366920471,0.015137250535190105,0.44508516788482666,0.5152164101600647,0.01185942068696022,0.46087846159935,0.5061272978782654,0.008633941411972046,0.4223029315471649,0.49261412024497986,0.0014933098573237658,0.45458927750587463,0.45172300934791565,-0.007302924059331417,0.47595345973968506,0.45478159189224243,-0.01116934884339571,0.4905969202518463,0.4674869775772095,-0.012198281474411488,0.4228338599205017,0.4981083273887634,-0.010990653187036514,0.45821794867515564,0.44227176904678345,-0.019502732902765274,0.48143333196640015,0.4510236978530884,-0.020568013191223145,0.4951465427875519,0.4717797338962555,-0.019197925925254822,0.4263952076435089,0.517530620098114,-0.022492650896310806,0.46453410387039185,0.4851086139678955,-0.029373161494731903,0.48566752672195435,0.5048766732215881,-0.026814373210072517,0.4968395531177521,0.524687647819519,-0.023209474980831146,0.4330289959907532,0.5461704134941101,-0.032993707805871964,0.4642413854598999,0.531298041343689,-0.03499496728181839,0.47947773337364197,0.5401759743690491,-0.03086816892027855,0.48875564336776733,0.5497044324874878,-0.02684582769870758
0.38439661264419556,0.6042729020118713,1.0811204731453472e-07,0.40710610151290894,0.5660005211830139,0.020156091079115868,0.4252997636795044,0.5312120318412781,0.023990537971258163,0.4423007369041443,0.5147561430931091,0.022256385535001755,0.45715153217315674,0.5068382620811462,0.02031777799129486,0.4224388599395752,0.4896596670150757,0.008676977828145027,0.45451584458351135,0.4535069167613983,0.002680157544091344,0.4743146300315857,0.4604340195655823,0.0009741722606122494,0.48587942123413086,0.4760420322418213,0.001584577956236899,0.42296943068504333,0.4960777163505554,-0.005850222427397966,0.46132853627204895,0.44426974654197693,-0.011661805212497711,0.48263096809387207,0.4576716423034668,-0.010069258511066437,0.4927917718887329,0.4808463454246521,-0.006507594604045153,0.42627421021461487,0.5158578753471375,-0.018914803862571716,0.46693769097328186,0.4880203306674957,-0.022682063281536102,0.48323193192481995,0.5113813877105713,-0.015893978998064995,0.48795801401138306,0.5325791239738464,-0.009159957990050316,0.4319796860218048,0.5445741415023804,-0.03060760162770748,0.4643351137638092,0.5273712873458862,-0.029344363138079643,0.4780943691730499,0.5363389849662781,-0.0215433519333601,0.4847186505794525,0.5460348725318909,-0.01462380401790142
0.3815414309501648,0.602100670337677,9.023314362366364e-08,0.4026143252849579,0.5601125359535217,0.020431380718946457,0.42046940326690674,0.524468183517456,0.023813817650079727,0.43877822160720825,0.5089162588119507,0.021612072363495827,0.45513203740119934,0.504760205745697,0.01878940500319004,0.41879305243492126,0.4861544370651245,0.007442244794219732,0.45491769909858704,0.45328986644744873,0.0020165126770734787,0.4754866361618042,0.46238335967063904,0.0007519092177972198,0.4867483079433441,0.47764894366264343,0.0013044864172115922,0.41969218850135803,0.4935579001903534,-0.007212581112980843,0.46296536922454834,0.4501166343688965,-0.012396506033837795,0.4831647276878357,0.46921655535697937,-0.010679787024855614,0.49210280179977417,0.49249571561813354,-0.007531426381319761,0.4235811233520508,0.5142374038696289,-0.020213661715388298,0.4660853147506714,0.4880821406841278,-0.022642282769083977,0.4824081063270569,0.5109295845031738,-0.015949228778481483,0.48801547288894653,0.530510663986206,-0.01010207924991846,0.42943668365478516,0.543454647064209,-0.03186069428920746,0.4627860486507416,0.5224025845527649,-0.030048783868551254,0.4775867164134979,0.5294651985168457,-0.022651903331279755,0.4858143925666809,0.5370299816131592,-0.016547588631510735
0.3780251443386078,0.5963231325149536,8.16553225035932e-08,0.39999496936798096,0.5562912821769714,0.020691337063908577,0.4188295304775238,0.5197721123695374,0.024615004658699036,0.43826502561569214,0.5029391646385193,0.02258974500000477,0.4556906521320343,0.49919986724853516,0.01969047822058201,0.41769787669181824,0.48034197092056274,0.009771798737347126,0.454644113779068,0.4486110806465149,0.0043868389911949635,0.4753524661064148,0.4611417353153229,0.0021727399434894323,0.48773178458213806,0.4784355163574219,0.0017150085186585784,0.41841211915016174,0.4875674247741699,-0.005620197393000126,0.46159613132476807,0.44758695363998413,-0.011097859591245651,0.48309147357940674,0.4663654565811157,-0.011395761743187904,0.4943252205848694,0.48876678943634033,-0.010092449374496937,0.4221762716770172,0.5078748464584351,-0.019604142755270004,0.4644317924976349,0.4819893538951874,-0.022907331585884094,0.4845592975616455,0.503135085105896,-0.019258631393313408,0.49467065930366516,0.5219351053237915,-0.015853505581617355,0.4283663332462311,0.5368121266365051,-0.03221200034022331,0.4622497260570526,0.5128928422927856,-0.03238925337791443,0.4806889295578003,0.5156866908073425,-0.027740487828850746,0.49340012669563293,0.5199156403541565,-0.023866359144449234
0.37820902466773987,0.5915564298629761,8.331494427693542e-08,0.3981696367263794,0.5525553822517395,0.017573395743966103,0.41707515716552734,0.5146152377128601,0.020538073033094406,0.4352550804615021,0.49694329500198364,0.018441762775182724,0.451493501663208,0.4911878705024719,0.015664584934711456,0.4171401262283325,0.4773036539554596,0.006673670839518309,0.4537395238876343,0.4452377259731293,0.0008986569591797888,0.4740298390388489,0.4581083655357361,-0.001361811999231577,0.48610153794288635,0.4744175970554352,-0.0018387730233371258,0.4183109998703003,0.4838900566101074,-0.006974406074732542,0.46153363585472107,0.4431755840778351,-0.01254542637616396,0.48232120275497437,0.46008217334747314,-0.013040000572800636,0.4930887818336487,0.48079708218574524,-0.011941391043365002,0.4219130277633667,0.5028006434440613,-0.019448265433311462,0.4630417227745056,0.47312304377555847,-0.022547421976923943,0.48288848996162415,0.4904923439025879,-0.019470924511551857,0.4934857487678528,0.5074983239173889,-0.016678662970662117,0.42781198024749756,0.529690682888031,-0.030832620337605476,0.45845839381217957,0.5042961239814758,-0.03159935027360916,0.4766879677772522,0.5033599734306335,-0.028303159400820732,0.490354984998703,0.5053733587265015,-0.025504592806100845
0.38082531094551086,0.5887470841407776,5.6354775068712115e-08,0.39936375617980957,0.5474891662597656,0.017308518290519714,0.4168945252895355,0.5088178515434265,0.020068785175681114,0.43449869751930237,0.49094805121421814,0.01773403026163578,0.4500758647918701,0.4840753674507141,0.014582664705812931,0.4166781008243561,0.4720739722251892,0.006220811977982521,0.4544398784637451,0.4440634250640869,0.0011089014587923884,0.47316262125968933,0.45791366696357727,-0.0004587273870129138,0.48364007472991943,0.4735691547393799,-0.0006167434039525688,0.4182308316230774,0.4783092737197876,-0.0071078455075621605,0.4622482359409332,0.44265589118003845,-0.012182632461190224,0.4812363088130951,0.4618697464466095,-0.012627621181309223,0.4899211823940277,0.48322322964668274,-0.01192641444504261,0.4221774935722351,0.49605420231819153,-0.019240042194724083,0.46286991238594055,0.4655851423740387,-0.022216208279132843,0.48183080554008484,0.48811766505241394,-0.019892921671271324,0.4909096360206604,0.5099100470542908,-0.017952177673578262,0.4279977083206177,0.5206584334373474,-0.030209610238671303,0.4571179449558258,0.4938112199306488,-0.03078380599617958,0.47359615564346313,0.4941057860851288,-0.028209693729877472,0.4852222800254822,0.4974810779094696,-0.02638079784810543
0.3797051012516022,0.5857020020484924,2.178880365022451e-08,0.3977542519569397,0.541034460067749,0.022700205445289612,0.4155042767524719,0.5028751492500305,0.028271667659282684,0.4330902695655823,0.4857293963432312,0.027333246544003487,0.44834184646606445,0.47959572076797485,0.025213848799467087,0.41663941740989685,0.46895405650138855,0.015234800055623055,0.4544415771961212,0.44202327728271484,0.013493593782186508,0.4734528660774231,0.4553121030330658,0.013367412611842155,0.48458340764045715,0.46907275915145874,0.01377367228269577,0.4186480641365051,0.47545909881591797,-0.00029797753086313605,0.46186739206314087,0.4486800730228424,-0.002614277647808194,0.4803956151008606,0.4720936119556427,-0.0021987478248775005,0.48812007904052734,0.4949491024017334,-0.0010922244982793927,0.42276403307914734,0.49210816621780396,-0.014476049691438675,0.4625996947288513,0.46067267656326294,-0.014546472579240799,0.48215726017951965,0.4813147485256195,-0.01101909950375557,0.49184784293174744,0.5022756457328796,-0.008725611492991447,0.42913928627967834,0.5153623223304749,-0.027293475344777107,0.4579870402812958,0.4848018288612366,-0.02583119459450245,0.4754139482975006,0.48272863030433655,-0.022433629259467125,0.4877658486366272,0.4847036600112915,-0.020186996087431908
0.37972593307495117,0.5801920890808105,2.0608947437494862e-08,0.3952224552631378,0.535955548286438,0.021143175661563873,0.41191139817237854,0.4967445731163025,0.026079557836055756,0.42905059456825256,0.4787505269050598,0.024950485676527023,0.4439351260662079,0.4743344783782959,0.022388888522982597,0.41555556654930115,0.4633273184299469,0.013538877479732037,0.4529779255390167,0.4381527602672577,0.012496082112193108,0.47147005796432495,0.45101648569107056,0.012567118741571903,0.4818026125431061,0.4640931785106659,0.012871066108345985,0.41859036684036255,0.47083598375320435,-0.0013280987041071057,0.4612598419189453,0.4482184052467346,-0.0040119485929608345,0.47915858030319214,0.473673939704895,-0.004762173164635897,0.4853770434856415,0.49885281920433044,-0.004284206312149763,0.4231199622154236,0.4885150194168091,-0.014678017236292362,0.46128764748573303,0.4579014778137207,-0.015052694827318192,0.4816266596317291,0.4784105718135834,-0.013048957102000713,0.49153679609298706,0.500004768371582,-0.011856292374432087,0.4292885959148407,0.5125067830085754,-0.026664212346076965,0.45709916949272156,0.47947263717651367,-0.0259877797216177,0.4749274253845215,0.4740062952041626,-0.02370193600654602,0.48772701621055603,0.4738033413887024,-0.022295145317912102
0.38080188632011414,0.5752408504486084,4.2367908292817447e-08,0.3959706425666809,0.533050000667572,0.019677067175507545,0.4129291772842407,0.49367204308509827,0.024055469781160355,0.43031734228134155,0.4762062728404999,0.022719478234648705,0.4455481171607971,0.47136184573173523,0.02022264339029789,0.4160812199115753,0.4607383906841278,0.01283065415918827,0.4529443681240082,0.43659156560897827,0.011323176324367523,0.47142747044563293,0.44843360781669617,0.010946456342935562,0.48191630840301514,0.46085429191589355,0.010886472649872303,0.4188593626022339,0.4678151607513428,-0.0012060708831995726,0.4608195126056671,0.4461226463317871,-0.0034281606785953045,0.47946640849113464,0.4684036672115326,-0.004027830436825752,0.48765328526496887,0.49075067043304443,-0.00388899864628911,0.42315390706062317,0.4849901795387268,-0.013957700692117214,0.46109136939048767,0.45530399680137634,-0.014087514020502567,0.4817243218421936,0.47200316190719604,-0.01228379551321268,0.49282553791999817,0.49051526188850403,-0.011567178182303905,0.42924585938453674,0.50851970911026,-0.025492394343018532,0.45622697472572327,0.47714367508888245,-0.024478854611516,0.47332820296287537,0.47300097346305847,-0.02210089936852455,0.4857719838619232,0.4737390875816345,-0.020849965512752533
0.3816412091255188,0.5719935894012451,5.735719810218143e-08,0.3970952033996582,0.5321680307388306,0.01885472796857357,0.41374844312667847,0.49313515424728394,0.023052582517266273,0.4318867325782776,0.4758811295032501,0.021756399422883987,0.4473791718482971,0.47138556838035583,0.019364431500434875,0.4155656397342682,0.45859935879707336,0.011484583839774132,0.45296090841293335,0.43738704919815063,0.00917960423976183,0.4726271629333496,0.4501104950904846,0.00797345582395792,0.48451492190361023,0.4633948802947998,0.007263149134814739,0.41827577352523804,0.46568360924720764,-0.0020875483751296997,0.46050727367401123,0.4440307915210724,-0.004882075823843479,0.480563223361969,0.46561986207962036,-0.0060317800380289555,0.49042612314224243,0.4880104064941406,-0.00642478046938777,0.422787070274353,0.48244866728782654,-0.014423455111682415,0.46108654141426086,0.4536992609500885,-0.015000736340880394,0.4824370741844177,0.4705592691898346,-0.013787630014121532,0.49431297183036804,0.48993295431137085,-0.013486996293067932,0.42970964312553406,0.5056825876235962,-0.02562151663005352,0.45699483156204224,0.47569650411605835,-0.025170914828777313,0.47445476055145264,0.47286438941955566,-0.023507684469223022,0.4873483180999756,0.47513362765312195,-0.022778993472456932
0.38198402523994446,0.5672927498817444,7.831502557564818e-08,0.3975182771682739,0.5260002017021179,0.018553588539361954,0.4149206280708313,0.4873669743537903,0.02223535254597664,0.43358731269836426,0.47086283564567566,0.020537210628390312,0.44930499792099,0.46628478169441223,0.017789339646697044,0.4163059592247009,0.45359641313552856,0.010507448576390743,0.454341858625412,0.4344881772994995,0.007890795357525349,0.4742816388607025,0.4466787576675415,0.0065672630444169044,0.48630937933921814,0.4598151743412018,0.005891383159905672,0.4183754622936249,0.4609811007976532,-0.002969207474961877,0.46067145466804504,0.44109833240509033,-0.005751952063292265,0.4811718165874481,0.46168461441993713,-0.006581297609955072,0.49145668745040894,0.4833693504333496,-0.006769172847270966,0.4224962890148163,0.4781993627548218,-0.015216660685837269,0.46073850989341736,0.4508950412273407,-0.015857238322496414,0.48237332701683044,0.46710407733917236,-0.014436699450016022,0.4943622946739197,0.48579004406929016,-0.013947799801826477,0.42934027314186096,0.5019792914390564,-0.02631896361708641,0.4569052755832672,0.4730331003665924,-0.025782035663723946,0.4742307960987091,0.47165054082870483,-0.023771388456225395,0.48665881156921387,0.47522515058517456,-0.02271653711795807
0.3835172951221466,0.5626946091651917,8.820885000204726e-08,0.3979562520980835,0.520698606967926,0.016829194501042366,0.4153226315975189,0.48230502009391785,0.01943395473062992,0.4339439570903778,0.46485498547554016,0.017083091661334038,0.4497690200805664,0.45984238386154175,0.013739898800849915,0.41686612367630005,0.4497063159942627,0.007156791165471077,0.45490583777427673,0.42885178327560425,0.0030915436800569296,0.4750314950942993,0.4411766529083252,0.001045665587298572,0.4871993958950043,0.45481181144714355,9.095497080124915e-05,0.41863813996315,0.45774009823799133,-0.005674662999808788,0.4607972204685211,0.4377361536026001,-0.009797218255698681,0.48160320520401,0.4581087827682495,-0.011056877672672272,0.4923247694969177,0.4795127511024475,-0.011414040811359882,0.42241618037223816,0.4754306674003601,-0.017335250973701477,0.46059322357177734,0.4482331871986389,-0.019012926146388054,0.48246628046035767,0.46385905146598816,-0.017947718501091003,0.4950063228607178,0.48192939162254333,-0.01752517931163311,0.42890793085098267,0.499369740486145,-0.02794019877910614,0.4559776186943054,0.4698561429977417,-0.028318490833044052,0.47323328256607056,0.46744608879089355,-0.026771197095513344,0.48598775267601013,0.46991783380508423,-0.02588009275496006
0.384836882352829,0.5574025511741638,9.502935682803582e-08,0.39951345324516296,0.5142108201980591,0.015765663236379623,0.41733890771865845,0.47642987966537476,0.017817864194512367,0.4358575642108917,0.4585772454738617,0.015215014107525349,0.4517403841018677,0.45341095328330994,0.011730722151696682,0.4183679223060608,0.4448569416999817,0.0051271929405629635,0.45641574263572693,0.4235081076622009,6.270594167290255e-05,0.47648951411247253,0.43649888038635254,-0.002396089257672429,0.48853838443756104,0.4506479501724243,-0.003465027781203389,0.41986873745918274,0.4533235728740692,-0.00734840938821435,0.46222084760665894,0.4343928098678589,-0.012711571529507637,0.48423346877098083,0.454947292804718,-0.014424226246774197,0.49593374133110046,0.47634366154670715,-0.014841312542557716,0.42317676544189453,0.47169622778892517,-0.018668634817004204,0.4612828493118286,0.4451730251312256,-0.021757151931524277,0.48397988080978394,0.46073636412620544,-0.021042602136731148,0.4975324869155884,0.47844207286834717,-0.020447177812457085,0.42931991815567017,0.49688971042633057,-0.028919395059347153,0.45616912841796875,0.46665826439857483,-0.03019348904490471,0.47357213497161865,0.46322518587112427,-0.02866080403327942,0.48676279187202454,0.46461424231529236,-0.02750442735850811
0.3854997754096985,0.5517382621765137,8.255603489715213e-08,0.4007990062236786,0.5081819891929626,0.014414532110095024,0.4189390242099762,0.4715177118778229,0.016342103481292725,0.4371141195297241,0.4552231729030609,0.013849172741174698,0.45218798518180847,0.45007336139678955,0.010784061625599861,0.4198773503303528,0.44217997789382935,0.006028466392308474,0.45684415102005005,0.4198664426803589,0.0009120208560489118,0.47599080204963684,0.4333565831184387,-0.0018089435761794448,0.4866275489330292,0.4473798871040344,-0.0027679186314344406,0.42193540930747986,0.45093563199043274,-0.005497567355632782,0.462704062461853,0.4287559390068054,-0.01019817590713501,0.4831276535987854,0.44645246863365173,-0.011874191462993622,0.4933750629425049,0.465305358171463,-0.012121717445552349,0.4259571433067322,0.4689246118068695,-0.01610255241394043,0.46269282698631287,0.4395703375339508,-0.018413741141557693,0.48393508791923523,0.45130959153175354,-0.01742124930024147,0.4964231550693512,0.46634647250175476,-0.01645110920071602,0.43283671140670776,0.4942052960395813,-0.025816775858402252,0.45946577191352844,0.4636034071445465,-0.025872237980365753,0.4766172766685486,0.4595257043838501,-0.023510413244366646,0.48938748240470886,0.46060022711753845,-0.021662738174200058
0.3865536153316498,0.5524587035179138,1.1110183351092928e-07,0.40175867080688477,0.5102899670600891,0.009731304831802845,0.4208121597766876,0.4731079936027527,0.010562487877905369,0.4387875497341156,0.4569023549556732,0.007682399358600378,0.4548763036727905,0.4517156779766083,0.004841736983507872,0.4204138517379761,0.44603395462036133,0.006799634080380201,0.4553530812263489,0.42616188526153564,0.0012240827782079577,0.47508329153060913,0.4378003478050232,-0.0026932349428534508,0.48815372586250305,0.4500666558742523,-0.0046836561523377895,0.42311835289001465,0.4534013271331787,-0.0024852685164660215,0.4605039954185486,0.4302469491958618,-0.007681447546929121,0.48155030608177185,0.443578839302063,-0.01087019219994545,0.49456787109375,0.459994375705719,-0.01221825834363699,0.4280118942260742,0.4692375659942627,-0.011556374840438366,0.46203941106796265,0.4390493631362915,-0.014557936228811741,0.4831216037273407,0.4482935667037964,-0.014881045557558537,0.4967687726020813,0.462158739566803,-0.014654629863798618,0.4357825219631195,0.49207398295402527,-0.020262831822037697,0.4604712724685669,0.4631028175354004,-0.020452037453651428,0.4763427972793579,0.4587697982788086,-0.018664062023162842,0.48833000659942627,0.46037542819976807,-0.017230791971087456
0.3855541944503784,0.5442879796028137,1.337323993766404e-07,0.40073686838150024,0.5051661729812622,0.008318624459207058,0.42077866196632385,0.47071364521980286,0.009044068865478039,0.4388960301876068,0.4567815959453583,0.006412935443222523,0.4540848731994629,0.4523971378803253,0.0037880975287407637,0.4216879606246948,0.4407823979854584,0.006033224985003471,0.4561029076576233,0.42446595430374146,0.0006868864293210208,0.47620898485183716,0.43536847829818726,-0.0032985061407089233,0.4895356297492981,0.44782549142837524,-0.005424552597105503,0.4248676002025604,0.4481699466705322,-0.002427281579002738,0.46068617701530457,0.4278735816478729,-0.00710664689540863,0.4822275936603546,0.4402689039707184,-0.010230015031993389,0.495974063873291,0.45638307929039,-0.011720649898052216,0.4300268292427063,0.4645172953605652,-0.010759007185697556,0.46225669980049133,0.43648386001586914,-0.013832646422088146,0.4835911691188812,0.4450223445892334,-0.014818872325122356,0.4977056384086609,0.4579450190067291,-0.0150891849771142,0.4376696050167084,0.48779699206352234,-0.01878872513771057,0.46144258975982666,0.4596646726131439,-0.019460458308458328,0.4772007465362549,0.456434965133667,-0.018138909712433815,0.4893452227115631,0.45960235595703125,-0.01696012355387211
0.3855155110359192,0.5369575619697571,1.5030984457098384e-07,0.40256577730178833,0.4959068298339844,0.011714952066540718,0.4221222698688507,0.4637787640094757,0.012731358408927917,0.44014573097229004,0.4522486925125122,0.009786383248865604,0.4548569619655609,0.44929927587509155,0.00633639981970191,0.4216305911540985,0.4341644048690796,0.005295836832374334,0.4591773450374603,0.4235576391220093,0.00020513251365628093,0.48000770807266235,0.43449074029922485,-0.0028854336123913527,0.4941363036632538,0.4476178288459778,-0.004509327933192253,0.424812376499176,0.4425117075443268,-0.005274205002933741,0.46461203694343567,0.42361366748809814,-0.010487280786037445,0.4863685667514801,0.43749696016311646,-0.01290658488869667,0.4996357858181,0.4553740918636322,-0.013641155324876308,0.429942786693573,0.4608945846557617,-0.015160582959651947,0.46575963497161865,0.43129363656044006,-0.0187539029866457,0.4879939556121826,0.4419625699520111,-0.018950989469885826,0.5021580457687378,0.4556904137134552,-0.01854632794857025,0.4372575283050537,0.48736047744750977,-0.02431364171206951,0.46338921785354614,0.4565388560295105,-0.026014180853962898,0.4798438847064972,0.45370420813560486,-0.024666139855980873,0.4923132359981537,0.4566514492034912,-0.023258481174707413
0.385519415140152,0.5358176827430725,1.3120943265221285e-07,0.40266504883766174,0.4963814914226532,0.013414199464023113,0.42172548174858093,0.4637638330459595,0.014771956019103527,0.4391224682331085,0.45345309376716614,0.011791307479143143,0.45374688506126404,0.4510143995285034,0.008146597072482109,0.42107293009757996,0.4330373704433441,0.005324030760675669,0.45926886796951294,0.4209957718849182,0.0008841973613016307,0.4792758822441101,0.43386074900627136,-0.0014857634669169784,0.49276331067085266,0.44747111201286316,-0.002846425399184227,0.42441797256469727,0.43956711888313293,-0.006373605690896511,0.46580424904823303,0.4189761281013489,-0.011534611694514751,0.4878542125225067,0.435384064912796,-0.013509627431631088,0.5004770159721375,0.4543372690677643,-0.014003646560013294,0.4296901524066925,0.4573111832141876,-0.017199845984578133,0.4662846624851227,0.42269861698150635,-0.021097060292959213,0.48887529969215393,0.43720656633377075,-0.021023673936724663,0.5023574233055115,0.45400866866111755,-0.020466139540076256,0.43730971217155457,0.4838239550590515,-0.027088455855846405,0.46393051743507385,0.44991543889045715,-0.029489371925592422,0.4804501533508301,0.44945499300956726,-0.028326334431767464,0.4921431541442871,0.4549355208873749,-0.02707097865641117
0.38358980417251587,0.5323413014411926,1.3280345001476235e-07,0.40128177404403687,0.4908398985862732,0.012556696310639381,0.4202529191970825,0.4586431086063385,0.013285811059176922,0.43762341141700745,0.44840964674949646,0.009965967386960983,0.4520456790924072,0.4473424553871155,0.005923870485275984,0.42145463824272156,0.42993783950805664,0.003154057776555419,0.46017879247665405,0.41851696372032166,-0.0017876493511721492,0.48001354932785034,0.43187522888183594,-0.004102588631212711,0.4929341971874237,0.4449409246444702,-0.005304000806063414,0.4245097041130066,0.4372851252555847,-0.008018926717340946,0.46776083111763,0.4155369699001312,-0.01331142708659172,0.489139199256897,0.43204325437545776,-0.014727271161973476,0.5004746913909912,0.45004191994667053,-0.014684808440506458,0.42931121587753296,0.4559067189693451,-0.018255339935421944,0.46811866760253906,0.42006751894950867,-0.022214040160179138,0.49019113183021545,0.4357571303844452,-0.02144056186079979,0.5026488304138184,0.453152596950531,-0.020201418548822403,0.43579334020614624,0.48404669761657715,-0.027580775320529938,0.4640658497810364,0.45186468958854675,-0.0301966592669487,0.4809454381465912,0.4518508017063141,-0.028729110956192017,0.4925558269023895,0.4571121633052826,-0.02705998532474041
0.38451912999153137,0.5325790643692017,1.1118159193301835e-07,0.4008796215057373,0.49093097448349,0.014040081761777401,0.41996249556541443,0.4573083817958832,0.015747275203466415,0.43771377205848694,0.4463796615600586,0.012994945049285889,0.4523281753063202,0.44565388560295105,0.009539986960589886,0.4216774106025696,0.426643043756485,0.006010659504681826,0.46066591143608093,0.41505536437034607,0.0015649870038032532,0.48043596744537354,0.4291583299636841,-0.0007463383371941745,0.492523729801178,0.443416565656662,-0.0018169288523495197,0.42537039518356323,0.43371066451072693,-0.005715387873351574,0.4684937298297882,0.41338956356048584,-0.0098729794844985,0.4893409013748169,0.4301303029060364,-0.011106094345450401,0.49998635053634644,0.4483940303325653,-0.011260495521128178,0.4306851625442505,0.451952189207077,-0.016571199521422386,0.4698706269264221,0.41946908831596375,-0.019438302144408226,0.4914090037345886,0.4351252019405365,-0.01858893223106861,0.5031401515007019,0.45291322469711304,-0.01766018755733967,0.4381018280982971,0.47961631417274475,-0.026497459039092064,0.4682336449623108,0.44882601499557495,-0.02766011282801628,0.48527488112449646,0.45115426182746887,-0.025398878380656242,0.49630796909332275,0.4587143659591675,-0.023484284058213234
0.38413840532302856,0.5327402353286743,8.579016252951988e-08,0.4005095362663269,0.49120527505874634,0.018683088943362236,0.4198063910007477,0.45705685019493103,0.022634150460362434,0.43805450201034546,0.44610002636909485,0.021165674552321434,0.45302507281303406,0.44536617398262024,0.018695451319217682,0.42150360345840454,0.4251468777656555,0.011460890993475914,0.46067920327186584,0.4133720099925995,0.009057216346263885,0.48079800605773926,0.42847776412963867,0.007601373828947544,0.49302446842193604,0.4437479078769684,0.006857165135443211,0.4255971908569336,0.43141669034957886,-0.0021748999133706093,0.468750923871994,0.41187548637390137,-0.004512330517172813,0.4897409677505493,0.4300476014614105,-0.005395201034843922,0.4999188780784607,0.45034927129745483,-0.00561768002808094,0.43106934428215027,0.44909796118736267,-0.014594947919249535,0.4700409770011902,0.4189368188381195,-0.015124273486435413,0.4915499687194824,0.4357469379901886,-0.013805391266942024,0.5027322769165039,0.4548375606536865,-0.013112899847328663,0.4386957585811615,0.4756530225276947,-0.025824135169386864,0.46857553720474243,0.44423454999923706,-0.02476728893816471,0.48561349511146545,0.44747692346572876,-0.021740060299634933,0.4964662194252014,0.4570550322532654,-0.019730452448129654
0.38610923290252686,0.5371154546737671,9.84725900821104e-08,0.4011647701263428,0.4932013750076294,0.017585445195436478,0.4195248484611511,0.45731788873672485,0.020885905250906944,0.4378575384616852,0.44358399510383606,0.01877734065055847,0.45352184772491455,0.440206915140152,0.015838969498872757,0.4207804501056671,0.42615610361099243,0.011661268770694733,0.460041880607605,0.41344061493873596,0.008814736269414425,0.4807143211364746,0.4284554421901703,0.006941004656255245,0.4937536120414734,0.44339561462402344,0.00600090017542243,0.42468950152397156,0.4330352544784546,-0.0017458187649026513,0.4681488275527954,0.41308698058128357,-0.005264866165816784,0.4894722104072571,0.43178585171699524,-0.006984867621213198,0.5002586841583252,0.4533240497112274,-0.007362782955169678,0.43029704689979553,0.4501822888851166,-0.014104864560067654,0.46888160705566406,0.41918525099754333,-0.015134613960981369,0.49045372009277344,0.43575319647789,-0.014196819625794888,0.5020421743392944,0.45556795597076416,-0.013473737984895706,0.43816331028938293,0.4750669598579407,-0.025458069518208504,0.46683913469314575,0.44228315353393555,-0.024351950734853745,0.48371025919914246,0.4440326988697052,-0.021535461768507957,0.4948955774307251,0.45330697298049927,-0.01955636590719223
0.38589686155319214,0.5354553461074829,9.117476906794764e-08,0.4009290039539337,0.49077215790748596,0.01734580472111702,0.4192751944065094,0.4547346830368042,0.021150432527065277,0.4377095699310303,0.44096094369888306,0.019619448110461235,0.4531823694705963,0.43749821186065674,0.017160912975668907,0.4201948046684265,0.4247686266899109,0.012558253481984138,0.458345502614975,0.41130584478378296,0.00994940660893917,0.4792514443397522,0.4246341288089752,0.007833803072571754,0.49233198165893555,0.438446044921875,0.006671884562820196,0.4243355095386505,0.4319670498371124,-0.00044758335570804775,0.46661409735679626,0.41146135330200195,-0.003709915792569518,0.4879069924354553,0.4289171099662781,-0.006105327513068914,0.4984428286552429,0.45048707723617554,-0.007008293177932501,0.4302767217159271,0.44926634430885315,-0.012410935014486313,0.46780407428741455,0.41890260577201843,-0.013302210718393326,0.48930031061172485,0.43418270349502563,-0.013113227672874928,0.5008788108825684,0.4532245993614197,-0.012910674326121807,0.4384722411632538,0.47407424449920654,-0.023365002125501633,0.46620383858680725,0.44123584032058716,-0.022347569465637207,0.4829566478729248,0.441701740026474,-0.020011838525533676,0.49435490369796753,0.44991132616996765,-0.018378907814621925
0.38613006472587585,0.5357415676116943,9.162904035520114e-08,0.40103718638420105,0.4906670153141022,0.016857590526342392,0.41888412833213806,0.4548890292644501,0.02007720060646534,0.4370498061180115,0.44060879945755005,0.018057772889733315,0.4525051414966583,0.4369962513446808,0.015131818130612373,0.4193320870399475,0.42548179626464844,0.01082061417400837,0.4576368033885956,0.4102868437767029,0.007969207130372524,0.47824913263320923,0.42339715361595154,0.006138327997177839,0.49123403429985046,0.43693095445632935,0.005172061733901501,0.42348456382751465,0.43273648619651794,-0.0022141358349472284,0.4659919738769531,0.410733699798584,-0.006052642595022917,0.48715853691101074,0.42851972579956055,-0.008226296864449978,0.4975816309452057,0.45007938146591187,-0.008789345622062683,0.4297681450843811,0.45039674639701843,-0.014156460762023926,0.466907262802124,0.41742464900016785,-0.015472499653697014,0.48852023482322693,0.4324573874473572,-0.014941975474357605,0.5003949403762817,0.45144060254096985,-0.014396115206182003,0.4384210407733917,0.4757358431816101,-0.025117354467511177,0.46564292907714844,0.4410136342048645,-0.02453479915857315,0.4827231466770172,0.43972355127334595,-0.02229144796729088,0.4948059320449829,0.4462442398071289,-0.02064649388194084
0.3856046199798584,0.5356635451316833,8.952217456226208e-08,0.4032970070838928,0.4949759840965271,0.01590884104371071,0.42280450463294983,0.4608559012413025,0.01849990151822567,0.4417652189731598,0.4495517611503601,0.016094671562314034,0.4574930965900421,0.44600242376327515,0.012916269712150097,0.4220888614654541,0.429639995098114,0.00793526042252779,0.4609018862247467,0.4095790684223175,0.0035256710834801197,0.4815259277820587,0.4235541820526123,0.0013232306810095906,0.49392494559288025,0.43950456380844116,0.0005388045101426542,0.4247336983680725,0.43624013662338257,-0.0049126408994197845,0.4681805372238159,0.40877285599708557,-0.009961600415408611,0.4898933470249176,0.4273686110973358,-0.011901388876140118,0.49997204542160034,0.44956204295158386,-0.011979877017438412,0.42998388409614563,0.4534493684768677,-0.016749471426010132,0.4678117036819458,0.4146955609321594,-0.01956530660390854,0.4905495047569275,0.4297938942909241,-0.018867764621973038,0.5024643540382385,0.4498441815376282,-0.01775932125747204,0.43811100721359253,0.47906607389450073,-0.027589090168476105,0.4650530517101288,0.44092991948127747,-0.028543829917907715,0.4823659062385559,0.4390736520290375,-0.026623426005244255,0.49387845396995544,0.4460518956184387,-0.02485673315823078
0.38776907324790955,0.5377709269523621,1.0551068641007078e-07,0.4041682481765747,0.49695315957069397,0.011374713853001595,0.424612820148468,0.4629272520542145,0.01154246088117361,0.4443519711494446,0.4532509744167328,0.00792769156396389,0.46090197563171387,0.4506441056728363,0.0038649598136544228,0.42608556151390076,0.43273648619651794,0.00029737967997789383,0.46564483642578125,0.4088442921638489,-0.0064595965668559074,0.4856688380241394,0.42415645718574524,-0.009553207084536552,0.4982087016105652,0.4416620433330536,-0.010757599957287312,0.4284551739692688,0.44249486923217773,-0.010689265094697475,0.47137612104415894,0.4105711877346039,-0.017935318872332573,0.4935968518257141,0.4275932013988495,-0.020482247695326805,0.505187451839447,0.4482910633087158,-0.02086714096367359,0.4328117370605469,0.4624720811843872,-0.020768389105796814,0.4699817895889282,0.4208323359489441,-0.026240786537528038,0.49257609248161316,0.43398338556289673,-0.0262980405241251,0.50581955909729,0.4513007700443268,-0.02544252574443817,0.4394882917404175,0.4902487099170685,-0.029973965138196945,0.4642072021961212,0.4506866931915283,-0.03385191410779953,0.47980594635009766,0.4458348751068115,-0.03309635818004608,0.49093374609947205,0.4486120939254761,-0.031770527362823486
0.38732674717903137,0.5393409729003906,9.067310458021893e-08,0.4066764712333679,0.5054623484611511,0.013050902634859085,0.42787379026412964,0.47104066610336304,0.01459459774196148,0.44747504591941833,0.4592968225479126,0.011988782323896885,0.4634111523628235,0.45441755652427673,0.008958584628999233,0.4281820058822632,0.43641623854637146,0.0032817204482853413,0.4671424329280853,0.4125126302242279,-0.0024397708475589752,0.48750239610671997,0.4271587133407593,-0.0048870909959077835,0.5003252029418945,0.4433887004852295,-0.005890391301363707,0.43011751770973206,0.4441014230251312,-0.008605622686445713,0.4736226797103882,0.4119890034198761,-0.015953440219163895,0.49607259035110474,0.42977333068847656,-0.01858917996287346,0.5075520277023315,0.4506111145019531,-0.01880802772939205,0.43457281589508057,0.4631885290145874,-0.019553467631340027,0.472014844417572,0.42178773880004883,-0.025042850524187088,0.49484920501708984,0.43620699644088745,-0.02539112977683544,0.5079403519630432,0.4542427659034729,-0.024663707241415977,0.4415338933467865,0.49124133586883545,-0.029521184042096138,0.466291218996048,0.45117178559303284,-0.033039700239896774,0.4816535413265228,0.4475952684879303,-0.032231684774160385,0.4923761487007141,0.45288512110710144,-0.03096644952893257
0.38676804304122925,0.5418384075164795,9.063273154197304e-08,0.4036305844783783,0.4990769922733307,0.012916269712150097,0.42330288887023926,0.46452000737190247,0.013919749297201633,0.4403206706047058,0.44934478402137756,0.010751796886324883,0.45634034276008606,0.4405501186847687,0.007394467480480671,0.4266928434371948,0.43807247281074524,0.0024544878397136927,0.46425265073776245,0.4051249027252197,-0.004562107380479574,0.4848187267780304,0.4186636507511139,-0.007298413664102554,0.49777448177337646,0.4364810287952423,-0.00814088899642229,0.4300351142883301,0.4475402235984802,-0.009563921019434929,0.47137826681137085,0.41035202145576477,-0.017737552523612976,0.49458619952201843,0.4249679446220398,-0.020361291244626045,0.5074944496154785,0.44549593329429626,-0.02052164450287819,0.4353931248188019,0.4672367572784424,-0.020726393908262253,0.4713287353515625,0.4238511323928833,-0.02597259171307087,0.4942050278186798,0.4350484609603882,-0.025610096752643585,0.5089920163154602,0.45193880796432495,-0.024502063170075417,0.4431009590625763,0.495017409324646,-0.031076299026608467,0.46601590514183044,0.4541857838630676,-0.034262366592884064,0.4812077581882477,0.4476422071456909,-0.033167965710163116,0.4931759834289551,0.45131558179855347,-0.031596288084983826
0.38596659898757935,0.5398812890052795,9.967144620759427e-08,0.40326473116874695,0.4970610737800598,0.012170284986495972,0.4236777722835541,0.46281835436820984,0.013511355035007,0.4422304332256317,0.44920113682746887,0.011005147360265255,0.458162784576416,0.44216978549957275,0.008517773821949959,0.4256567656993866,0.43605268001556396,0.002118305303156376,0.46314454078674316,0.40448063611984253,-0.004435297567397356,0.4836241602897644,0.41845977306365967,-0.006983584258705378,0.49658074975013733,0.4368433654308319,-0.007585813757032156,0.4293055534362793,0.4455946981906891,-0.008946232497692108,0.4693134129047394,0.4052588939666748,-0.016107069328427315,0.49262678623199463,0.41787487268447876,-0.01818756014108658,0.5059926509857178,0.4373278021812439,-0.018057601526379585,0.4356449246406555,0.46573835611343384,-0.01912502571940422,0.4699658751487732,0.42151984572410583,-0.02361350879073143,0.49284598231315613,0.43019935488700867,-0.0232097078114748,0.5077722668647766,0.44445282220840454,-0.02208755724132061,0.4441925287246704,0.49381718039512634,-0.02854742854833603,0.467888206243515,0.45351386070251465,-0.030466536059975624,0.4833056330680847,0.44818100333213806,-0.028516165912151337,0.4949988126754761,0.4529549181461334,-0.026394909247756004
0.3856096565723419,0.5387422442436218,6.312484401860274e-08,0.3999170660972595,0.4921252727508545,0.013080048374831676,0.41888344287872314,0.4583168923854828,0.015288814902305603,0.43589210510253906,0.4448535442352295,0.013405895791947842,0.45086362957954407,0.43716201186180115,0.01149718463420868,0.4242057800292969,0.435474157333374,0.004854089114814997,0.4601462483406067,0.4016806185245514,-0.0011293101124465466,0.4794314503669739,0.4160429537296295,-0.0035465052351355553,0.49092695116996765,0.4354848563671112,-0.004063530825078487,0.4301736354827881,0.4446072578430176,-0.0061782486736774445,0.46845123171806335,0.4034588634967804,-0.01202104426920414,0.4893854856491089,0.4165090024471283,-0.013463521376252174,0.5008214116096497,0.43571069836616516,-0.01310937199741602,0.43756356835365295,0.46401742100715637,-0.01644452102482319,0.4707193970680237,0.4200505316257477,-0.019719138741493225,0.4919981360435486,0.4287388026714325,-0.018481377512216568,0.5061275959014893,0.4429650604724884,-0.017066283151507378,0.44618135690689087,0.49236059188842773,-0.025994984433054924,0.4698154330253601,0.4542742371559143,-0.026980532333254814,0.4845193028450012,0.4507266581058502,-0.0243004709482193,0.49547702074050903,0.4559619724750519,-0.02178862877190113
0.3846401572227478,0.5405657291412354,5.929382496105973e-08,0.3984968364238739,0.4922635555267334,0.013035234063863754,0.4166122078895569,0.45680782198905945,0.015684645622968674,0.43287917971611023,0.4380674362182617,0.014375295490026474,0.44777345657348633,0.4264642596244812,0.013026471249759197,0.4241286814212799,0.43559327721595764,0.006795233581215143,0.4577471911907196,0.40368324518203735,0.002356449142098427,0.4759041666984558,0.41573160886764526,0.0009814836084842682,0.48709988594055176,0.4329281747341156,0.0011412081075832248,0.43009161949157715,0.4446045458316803,-0.0036138661671429873,0.4668549597263336,0.40442466735839844,-0.008324399590492249,0.48729461431503296,0.4142715334892273,-0.008992020040750504,0.4991888999938965,0.4302954375743866,-0.007863751612603664,0.43756818771362305,0.46341538429260254,-0.013262782245874405,0.4690430164337158,0.41887715458869934,-0.015693793073296547,0.488910436630249,0.42574450373649597,-0.013682560995221138,0.5018343925476074,0.43878403306007385,-0.011458366177976131,0.44593513011932373,0.4912865161895752,-0.022192159667611122,0.4686703085899353,0.4503733217716217,-0.02197948843240738,0.48277953267097473,0.446576327085495,-0.018208468332886696,0.4929610788822174,0.45266592502593994,-0.01469452865421772
0.3850651979446411,0.5413468480110168,7.479815167243942e-08,0.3970695436000824,0.49075454473495483,0.011194407008588314,0.41542014479637146,0.455623060464859,0.01330533530563116,0.43279150128364563,0.44218382239341736,0.011958573944866657,0.4485674798488617,0.43676701188087463,0.0105254165828228,0.4221508204936981,0.4352574646472931,0.005828955210745335,0.4559004008769989,0.4066489040851593,0.0018392413621768355,0.47409677505493164,0.4166406989097595,0.00014057262160349637,0.4860299229621887,0.431837797164917,-0.00016322835290338844,0.4289935529232025,0.4437045156955719,-0.0031461678445339203,0.46434685587882996,0.4059330224990845,-0.006858527194708586,0.48380908370018005,0.41383326053619385,-0.007808125577867031,0.4955707788467407,0.4284190237522125,-0.00720007112249732,0.43714654445648193,0.46247419714927673,-0.011401723138988018,0.4667898416519165,0.4187502861022949,-0.013061764650046825,0.4851386547088623,0.4246004521846771,-0.011515626683831215,0.4973934590816498,0.43683040142059326,-0.009823569096624851,0.4458591043949127,0.48985594511032104,-0.019047914072871208,0.4673398733139038,0.45016422867774963,-0.018321407958865166,0.4803332984447479,0.44598856568336487,-0.014566963538527489,0.4900755286216736,0.4512866139411926,-0.011157925240695477
0.38218531012535095,0.5365853905677795,7.997235940138125e-08,0.39575302600860596,0.48443448543548584,0.01342917513102293,0.41309988498687744,0.4519301950931549,0.016000349074602127,0.42975738644599915,0.44258496165275574,0.014542153105139732,0.4445386230945587,0.4407135546207428,0.012547480873763561,0.41980478167533875,0.43280255794525146,0.00851081870496273,0.4543338119983673,0.4095854163169861,0.00557125685736537,0.4716002345085144,0.41982248425483704,0.004349946975708008,0.48271289467811584,0.433712899684906,0.00425180047750473,0.42716702818870544,0.44143396615982056,-0.0016188021982088685,0.464190810918808,0.407455176115036,-0.0038820584304630756,0.4826924204826355,0.4164791405200958,-0.004201086238026619,0.4935118556022644,0.4310416579246521,-0.0032562180422246456,0.435487300157547,0.46060243248939514,-0.010871917009353638,0.46632909774780273,0.4186665713787079,-0.011295358650386333,0.4844602942466736,0.42561814188957214,-0.008992193266749382,0.4962593615055084,0.43748876452445984,-0.0069733718410134315,0.443807452917099,0.4887455105781555,-0.01935606077313423,0.4652092456817627,0.44775497913360596,-0.01794557459652424,0.47776079177856445,0.4440523087978363,-0.013397777453064919,0.48722773790359497,0.4491536021232605,-0.009418709203600883
0.38103553652763367,0.53526771068573,7.314782379808094e-08,0.39328858256340027,0.4835094213485718,0.012336242944002151,0.40938082337379456,0.44981279969215393,0.015059509314596653,0.4241580665111542,0.4375652074813843,0.01418442465364933,0.4355599582195282,0.4343159794807434,0.012907752767205238,0.41936346888542175,0.43175986409187317,0.008518497459590435,0.45320504903793335,0.4120148718357086,0.005907082464545965,0.4692903459072113,0.42224040627479553,0.0047631897032260895,0.4796183109283447,0.43605494499206543,0.004686127882450819,0.42778387665748596,0.4399820864200592,-0.0006875130929984152,0.4639916718006134,0.40801891684532166,-0.002941441722214222,0.48191186785697937,0.4157789349555969,-0.0030048745684325695,0.492735356092453,0.42871710658073425,-0.0016482615610584617,0.4362209141254425,0.4590446949005127,-0.009167863987386227,0.46632257103919983,0.4179254174232483,-0.009861519560217857,0.4841001331806183,0.4230538606643677,-0.007588800508528948,0.4962247610092163,0.4322681128978729,-0.005250431131571531,0.44387286901474,0.4883105158805847,-0.016911298036575317,0.4657735526561737,0.44844651222229004,-0.015481451526284218,0.47820955514907837,0.4435247480869293,-0.01081469189375639,0.4876045286655426,0.4459232687950134,-0.006566256750375032
0.3792991638183594,0.5333460569381714,5.403396130532201e-08,0.3934204876422882,0.4813600480556488,0.015500588342547417,0.41019362211227417,0.4489556550979614,0.019796423614025116,0.42617928981781006,0.44008395075798035,0.019850846379995346,0.43996909260749817,0.44264084100723267,0.019297441467642784,0.41846853494644165,0.43036454916000366,0.012553947046399117,0.45218509435653687,0.4134390354156494,0.011841991916298866,0.4675478935241699,0.42506730556488037,0.01174604520201683,0.47734636068344116,0.44014349579811096,0.012063348665833473,0.4273560643196106,0.43879592418670654,0.002262064954265952,0.4631660580635071,0.40943872928619385,0.001826935913413763,0.4802733063697815,0.41764184832572937,0.0024516605772078037,0.49047547578811646,0.431073397397995,0.003883297322317958,0.43606531620025635,0.457793265581131,-0.007063835393637419,0.46638089418411255,0.4191102087497711,-0.006066551432013512,0.48364049196243286,0.4245072901248932,-0.003235507756471634,0.495277464389801,0.434001624584198,-0.0010191623587161303,0.44381991028785706,0.48692846298217773,-0.01541446428745985,0.4659236967563629,0.4489317834377289,-0.01258727628737688,0.4781605899333954,0.4447491466999054,-0.00730576366186142,0.48725947737693787,0.447326123714447,-0.002993349451571703
0.3780372142791748,0.5304458141326904,3.9648718086482404e-08,0.391812264919281,0.4795730710029602,0.01663130894303322,0.4090092182159424,0.4482479989528656,0.021543342620134354,0.4247758388519287,0.4399995505809784,0.022083912044763565,0.43899470567703247,0.4440140128135681,0.021885881200432777,0.4174724817276001,0.42853012681007385,0.014171566814184189,0.45147743821144104,0.41736698150634766,0.014844473451375961,0.46646884083747864,0.4290901720523834,0.015673033893108368,0.47572261095046997,0.44478490948677063,0.016425808891654015,0.4268847107887268,0.43654927611351013,0.003647940931841731,0.46311232447624207,0.4119906425476074,0.004589563701301813,0.4783738851547241,0.42297887802124023,0.005830690730363131,0.4867016077041626,0.43875372409820557,0.007401453331112862,0.43601226806640625,0.45572730898857117,-0.005793600343167782,0.4676301181316376,0.4221222400665283,-0.0035470896400511265,0.4840541481971741,0.43029099702835083,-0.0005401386879384518,0.49468719959259033,0.4412996172904968,0.0014127198373898864,0.4438457190990448,0.48461341857910156,-0.014102973975241184,0.46743467450141907,0.45056378841400146,-0.010189526714384556,0.47998011112213135,0.44920554757118225,-0.004537442233413458,0.4887445569038391,0.453355997800827,-0.00024731620214879513
0.37526735663414,0.5245558619499207,5.087853338636705e-08,0.38928207755088806,0.4742944836616516,0.017979618161916733,0.4067947566509247,0.44465264678001404,0.022931570187211037,0.42278918623924255,0.437640905380249,0.023069875314831734,0.4372747838497162,0.4428776800632477,0.02233857847750187,0.4167201817035675,0.42436644434928894,0.016590097919106483,0.4514477252960205,0.4184419512748718,0.01784427836537361,0.4659850001335144,0.43050575256347656,0.01865883357822895,0.4743773341178894,0.44551435112953186,0.019411390647292137,0.42640846967697144,0.43449267745018005,0.00513877859339118,0.46329113841056824,0.41476747393608093,0.006961819715797901,0.47844967246055603,0.42652514576911926,0.008392110466957092,0.48633694648742676,0.4420170187950134,0.00993428099900484,0.4353255033493042,0.4545244872570038,-0.005220390390604734,0.46835023164749146,0.4249730110168457,-0.0022552059963345528,0.48436427116394043,0.4344531297683716,0.0013968582497909665,0.4941874146461487,0.44515228271484375,0.0037275534123182297,0.44245094060897827,0.4830710291862488,-0.014407328329980373,0.46778756380081177,0.45081737637519836,-0.009622438810765743,0.4806033670902252,0.4506518542766571,-0.0029747160151600838,0.489048570394516,0.45486265420913696,0.0019933651201426983
0.37576496601104736,0.5205299258232117,5.371224887085191e-08,0.39107656478881836,0.46908146142959595,0.01961454376578331,0.40829601883888245,0.4417712390422821,0.02463398315012455,0.4245559871196747,0.4350053668022156,0.024527160450816154,0.43931901454925537,0.4410000443458557,0.02342161349952221,0.4188012480735779,0.4223417639732361,0.01772570051252842,0.4532860815525055,0.4182097315788269,0.019428079947829247,0.46865400671958923,0.4286837577819824,0.02047100104391575,0.4776735305786133,0.4422461986541748,0.021276015788316727,0.4278663396835327,0.43289750814437866,0.005240558180958033,0.4640995264053345,0.4153992533683777,0.007491758093237877,0.4789551794528961,0.42744845151901245,0.009032608941197395,0.48615139722824097,0.44343289732933044,0.010540801100432873,0.43613967299461365,0.4528137743473053,-0.005981868132948875,0.46841469407081604,0.42595940828323364,-0.002199227921664715,0.4841873049736023,0.43499988317489624,0.0019598386716097593,0.49380922317504883,0.4460923373699188,0.004288406576961279,0.44332510232925415,0.48139387369155884,-0.015967410057783127,0.46806800365448,0.4499191641807556,-0.011101082898676395,0.4812218248844147,0.4489551782608032,-0.004528465680778027,0.49029821157455444,0.4529561698436737,0.00031219463562592864
0.3771360516548157,0.5162454843521118,7.404364055219048e-08,0.3941810429096222,0.4671984314918518,0.018669461831450462,0.4115160405635834,0.44206488132476807,0.02240644581615925,0.4289769232273102,0.43694090843200684,0.021080566570162773,0.4441964328289032,0.443568617105484,0.01872844249010086,0.4184402823448181,0.4205547869205475,0.014322376810014248,0.4536988139152527,0.41995513439178467,0.01474718190729618,0.4694145917892456,0.43328672647476196,0.015370246022939682,0.47833380103111267,0.44927865266799927,0.01604238525032997,0.42722785472869873,0.4306744337081909,0.0017546392045915127,0.46527451276779175,0.4155944883823395,0.002550921170040965,0.48161986470222473,0.4298326075077057,0.0038107559084892273,0.4893467426300049,0.44803082942962646,0.005362756084650755,0.4350811243057251,0.4509749114513397,-0.00944835040718317,0.4689473509788513,0.4236624836921692,-0.007154635153710842,0.485374391078949,0.43583163619041443,-0.003225391497835517,0.49466004967689514,0.4504094123840332,-0.0007324262405745685,0.4420754909515381,0.48013541102409363,-0.019419336691498756,0.46795856952667236,0.4488163888454437,-0.01601560227572918,0.48105549812316895,0.4502764940261841,-0.009858150035142899,0.48981696367263794,0.45740440487861633,-0.005020428914576769
0.3774454593658447,0.5137914419174194,7.546097435806587e-08,0.3941698670387268,0.4663084149360657,0.017211392521858215,0.4122588336467743,0.4409199357032776,0.020589513704180717,0.4294672906398773,0.43621569871902466,0.019211573526263237,0.4441409707069397,0.4438081979751587,0.01693962886929512,0.4191467761993408,0.4213768243789673,0.011472164653241634,0.4553610682487488,0.41938719153404236,0.011349177919328213,0.4708136320114136,0.4347870945930481,0.012279441580176353,0.4793984889984131,0.4526606798171997,0.013273857533931732,0.42755886912345886,0.43099653720855713,-0.0004245224117767066,0.4670430123806,0.41513362526893616,-0.0005680004833266139,0.4834091067314148,0.43108755350112915,0.0009651453583501279,0.4907989501953125,0.45036980509757996,0.0029922022949904203,0.4353128671646118,0.45121902227401733,-0.01099817082285881,0.47081172466278076,0.4236513078212738,-0.009671286679804325,0.4876725971698761,0.4377930760383606,-0.005966357886791229,0.49648797512054443,0.45383119583129883,-0.003322306089103222,0.4420958459377289,0.4801555275917053,-0.02040446363389492,0.46907854080200195,0.44969451427459717,-0.017721613869071007,0.482631117105484,0.4522770047187805,-0.012070613913238049,0.49103647470474243,0.4601345658302307,-0.007487275172024965
0.37844520807266235,0.5176474452018738,6.332990665214311e-08,0.3956456780433655,0.4721640944480896,0.01669055037200451,0.41395825147628784,0.4457896053791046,0.02022114023566246,0.43087106943130493,0.4401893615722656,0.019125044345855713,0.4443739056587219,0.4466499090194702,0.017191603779792786,0.4218846559524536,0.425106406211853,0.011116178706288338,0.4584285020828247,0.4216958284378052,0.01030676905065775,0.4739675223827362,0.43694406747817993,0.01056935079395771,0.4831176996231079,0.4530576169490814,0.011050169356167316,0.42897698283195496,0.43571075797080994,-0.0006628111004829407,0.469137966632843,0.4208938777446747,-0.001916687935590744,0.4855842590332031,0.4377807676792145,-0.001182287698611617,0.49343806505203247,0.4561364948749542,0.0003880155854858458,0.43563076853752136,0.456922709941864,-0.01121156383305788,0.47164973616600037,0.4293001890182495,-0.01111687533557415,0.48917481303215027,0.44359293580055237,-0.008147573098540306,0.49875617027282715,0.4590657353401184,-0.005753400269895792,0.441389799118042,0.4868462383747101,-0.020603973418474197,0.46886298060417175,0.45541033148765564,-0.018617581576108932,0.4824356734752655,0.4568328261375427,-0.013485216535627842,0.4910625219345093,0.46345946192741394,-0.009304261766374111
0.37923914194107056,0.5228071212768555,8.020893460525258e-08,0.3980425000190735,0.47990894317626953,0.014667893759906292,0.4175384044647217,0.45573532581329346,0.016781659796833992,0.43465879559516907,0.4513489305973053,0.014505424536764622,0.44757509231567383,0.45544201135635376,0.011662334203720093,0.4247090518474579,0.43558841943740845,0.008723855949938297,0.46224865317344666,0.4310925304889679,0.0060122073628008366,0.47832274436950684,0.4466862082481384,0.005029414314776659,0.4869169592857361,0.4635097086429596,0.004996879957616329,0.43080759048461914,0.4449085295200348,-0.0027437370736151934,0.47228294610977173,0.42818427085876465,-0.005676915869116783,0.48997241258621216,0.4459456205368042,-0.005688065197318792,0.4982762932777405,0.46522557735443115,-0.0042787534184753895,0.4367794394493103,0.46485066413879395,-0.013233541510999203,0.47423532605171204,0.43530410528182983,-0.014870351180434227,0.492487370967865,0.45102065801620483,-0.012213538400828838,0.5024616718292236,0.46774086356163025,-0.0096355639398098,0.44237929582595825,0.49438241124153137,-0.022746922448277473,0.4695982336997986,0.46339619159698486,-0.022284047678112984,0.48311373591423035,0.46471333503723145,-0.017676647752523422,0.4916200339794159,0.47113674879074097,-0.013548132963478565
0.3805058002471924,0.5265635251998901,6.843798416866775e-08,0.4004333019256592,0.4852447509765625,0.015587717294692993,0.4212965965270996,0.46036359667778015,0.018774591386318207,0.4384171664714813,0.4564632475376129,0.017514176666736603,0.45208972692489624,0.4596747159957886,0.015630757436156273,0.427651047706604,0.43899551033973694,0.008811885491013527,0.4660702049732208,0.4318391680717468,0.005842168349772692,0.48162856698036194,0.44968995451927185,0.004883749410510063,0.48984137177467346,0.46758177876472473,0.004976924974471331,0.4331720471382141,0.44818559288978577,-0.0028327247127890587,0.4758310317993164,0.43109631538391113,-0.005955211818218231,0.4927048087120056,0.45099955797195435,-0.005983198992908001,0.49984169006347656,0.47145527601242065,-0.004552495200186968,0.43837371468544006,0.46896713972091675,-0.013437501154839993,0.4762621521949768,0.43991801142692566,-0.015058920718729496,0.49396634101867676,0.4575938582420349,-0.012692959047853947,0.503114640712738,0.4757729470729828,-0.010386837646365166,0.4431764781475067,0.4991336166858673,-0.022971436381340027,0.4710240066051483,0.4683387875556946,-0.02298230305314064,0.4848400354385376,0.4708259403705597,-0.019185969606041908,0.49350982904434204,0.4788486659526825,-0.01569710299372673
0.3803853392601013,0.5226863622665405,7.704445437184404e-08,0.4002084732055664,0.4773155748844147,0.01525906752794981,0.4207639992237091,0.4528389871120453,0.018060117959976196,0.4389181435108185,0.4516964852809906,0.016355516389012337,0.4545954763889313,0.4578077495098114,0.014068648219108582,0.42408448457717896,0.4316343069076538,0.0086965411901474,0.4642614722251892,0.4252941608428955,0.005457939580082893,0.48011717200279236,0.44371551275253296,0.0042968676425516605,0.4893433749675751,0.4622650444507599,0.004108695778995752,0.4307638704776764,0.4426704943180084,-0.0027810283936560154,0.4738160967826843,0.4260564148426056,-0.006032239645719528,0.490427702665329,0.44632893800735474,-0.006613158155232668,0.49825599789619446,0.46796005964279175,-0.005829975008964539,0.4373808205127716,0.4649883806705475,-0.013218170963227749,0.475547730922699,0.43778195977211,-0.014399876818060875,0.49285170435905457,0.45586806535720825,-0.01228369027376175,0.5029547810554504,0.4744396507740021,-0.010522275231778622,0.44358059763908386,0.49593624472618103,-0.02264578826725483,0.4711395800113678,0.4660877287387848,-0.022077366709709167,0.4840702414512634,0.4690795838832855,-0.0180528424680233,0.4930318593978882,0.4771597981452942,-0.014652806334197521
0.37903445959091187,0.5136536955833435,8.671062801113294e-08,0.3970007300376892,0.4663463532924652,0.01405197475105524,0.41713574528694153,0.4412882626056671,0.016717638820409775,0.43523159623146057,0.44000428915023804,0.015282431617379189,0.4504600167274475,0.4470794200897217,0.013221322558820248,0.42398256063461304,0.4226675033569336,0.008417859673500061,0.46291059255599976,0.41776198148727417,0.005612500477582216,0.47887128591537476,0.4349178671836853,0.004587265197187662,0.48807889223098755,0.45217281579971313,0.004602170083671808,0.4308190643787384,0.4354133903980255,-0.0019942831713706255,0.4720214307308197,0.4209418296813965,-0.004436166025698185,0.4877052307128906,0.4409151077270508,-0.004758636932820082,0.4951713979244232,0.4612010419368744,-0.003846583655104041,0.4372099041938782,0.4585173726081848,-0.011420478112995625,0.4740122854709625,0.43362051248550415,-0.012121436186134815,0.4906243681907654,0.4502677619457245,-0.009677278809249401,0.5001658201217651,0.46651941537857056,-0.0075595867820084095,0.44249337911605835,0.48916003108024597,-0.019895974546670914,0.4701507091522217,0.4596339166164398,-0.018482180312275887,0.48331502079963684,0.46126919984817505,-0.01369501929730177,0.49209290742874146,0.46699416637420654,-0.009664488025009632
0.37744125723838806,0.5089668035507202,6.325081614022565e-08,0.3967326879501343,0.46065574884414673,0.016963575035333633,0.41714194416999817,0.4369982182979584,0.020297907292842865,0.43477654457092285,0.43760940432548523,0.01890171319246292,0.4493715763092041,0.4472005367279053,0.016527416184544563,0.42399394512176514,0.4177587628364563,0.011087539605796337,0.4619959592819214,0.4185025691986084,0.009884379804134369,0.476576030254364,0.4372360408306122,0.009882558137178421,0.4844511151313782,0.4566156566143036,0.010363182052969933,0.4308999180793762,0.43157103657722473,-0.0007926829857751727,0.4723779261112213,0.42070305347442627,-0.0019627888686954975,0.4853720963001251,0.44253817200660706,-0.0015513082034885883,0.49011313915252686,0.46434929966926575,-0.00012061076995451003,0.4372284412384033,0.45529213547706604,-0.011356573551893234,0.47397953271865845,0.4342672526836395,-0.01075806561857462,0.48862704634666443,0.4527134895324707,-0.007551055867224932,0.4955644905567169,0.46997830271720886,-0.005143056623637676,0.4419848918914795,0.4859400689601898,-0.02073769085109234,0.46957331895828247,0.4584941565990448,-0.01863776333630085,0.48257356882095337,0.4617026448249817,-0.013499679043889046,0.4906140863895416,0.4684937000274658,-0.009298750199377537
0.37652021646499634,0.5066531896591187,4.657591290424534e-08,0.3953360617160797,0.4608805775642395,0.015873927623033524,0.415943443775177,0.4373471140861511,0.019159292802214622,0.4339020550251007,0.43711769580841064,0.017957858741283417,0.44771161675453186,0.4465359151363373,0.015800785273313522,0.42259544134140015,0.41734570264816284,0.010017301887273788,0.45964932441711426,0.41823795437812805,0.008303985930979252,0.4745292365550995,0.4360496997833252,0.00774322310462594,0.4826951026916504,0.4534832239151001,0.007780158892273903,0.43043258786201477,0.4323166012763977,-0.0013342740712687373,0.4708681106567383,0.422069787979126,-0.0023861888330429792,0.4843258857727051,0.44144144654273987,-0.0022921699564903975,0.4891616106033325,0.4608650803565979,-0.0015047838678583503,0.43713486194610596,0.4565494656562805,-0.011502793990075588,0.4734993875026703,0.4362306594848633,-0.010934310033917427,0.48836350440979004,0.45285308361053467,-0.008390052244067192,0.4956226944923401,0.4686375856399536,-0.006708172615617514,0.44209805130958557,0.48705512285232544,-0.020594729110598564,0.4699232280254364,0.46111634373664856,-0.018847545608878136,0.4833006262779236,0.46359723806381226,-0.014486519619822502,0.4920443296432495,0.46924546360969543,-0.011054372414946556
0.3768039345741272,0.5108948945999146,6.413477393607536e-08,0.3936689496040344,0.4682171642780304,0.014125422574579716,0.41380369663238525,0.4429836869239807,0.01717129535973072,0.43119797110557556,0.4395250380039215,0.016266103833913803,0.4446697235107422,0.44597190618515015,0.014671907760202885,0.423606812953949,0.42268407344818115,0.008970935828983784,0.45990920066833496,0.4230564534664154,0.007280297577381134,0.4756736755371094,0.43889689445495605,0.006916993763297796,0.4846821427345276,0.4547352194786072,0.007085132412612438,0.4308232367038727,0.4355451464653015,-0.0014131482457742095,0.47080954909324646,0.4257969558238983,-0.0031478931196033955,0.485857754945755,0.4445784389972687,-0.002828816184774041,0.49217134714126587,0.46349701285362244,-0.0015933967661112547,0.4367428123950958,0.45788389444351196,-0.01082095317542553,0.4730660617351532,0.43828004598617554,-0.011108200065791607,0.4895959794521332,0.454242080450058,-0.008619431406259537,0.4985570013523102,0.4701709449291229,-0.006627922412008047,0.4408908784389496,0.48761042952537537,-0.019296959042549133,0.4689037799835205,0.46287280321121216,-0.017933374270796776,0.48301634192466736,0.46576857566833496,-0.013766041956841946,0.4922581911087036,0.4726644456386566,-0.0103354686871171
0.3772110044956207,0.5178895592689514,7.597581941354292e-08,0.3954917788505554,0.4789237082004547,0.01418492291122675,0.4166577160358429,0.45252811908721924,0.017054984346032143,0.4344983696937561,0.449554979801178,0.015756597742438316,0.44773948192596436,0.4552936553955078,0.013844083063304424,0.4235840439796448,0.4297563433647156,0.007593509275466204,0.4620135426521301,0.4293573498725891,0.004593875724822283,0.4781484603881836,0.44698870182037354,0.0035293276887387037,0.48686400055885315,0.4640761911869049,0.0034599965438246727,0.4293060600757599,0.44138479232788086,-0.0033299666829407215,0.47231197357177734,0.43169906735420227,-0.006623446475714445,0.4890706539154053,0.45246267318725586,-0.00703674741089344,0.4957033395767212,0.4728218913078308,-0.006008130963891745,0.4344486594200134,0.4630264341831207,-0.013244721107184887,0.4730517268180847,0.4415789842605591,-0.014751296490430832,0.4905329942703247,0.460090309381485,-0.012760807760059834,0.49901139736175537,0.4782775342464447,-0.010788189247250557,0.4387422204017639,0.49275416135787964,-0.022224383428692818,0.4678933024406433,0.4664294719696045,-0.021479308605194092,0.4819478690624237,0.4706428050994873,-0.017489498481154442,0.4903465211391449,0.4794567823410034,-0.014096585102379322
0.376267671585083,0.5256296396255493,7.595434681206825e-08,0.39566662907600403,0.4850956201553345,0.015442653559148312,0.41638046503067017,0.46004170179367065,0.018222663551568985,0.43371737003326416,0.4562951326370239,0.016535433009266853,0.4477762281894684,0.46058693528175354,0.014136231504380703,0.4220069646835327,0.4366655945777893,0.007682588882744312,0.4613949656486511,0.43339499831199646,0.00499112019315362,0.4775705933570862,0.4505760669708252,0.004326409660279751,0.4868226647377014,0.4670129120349884,0.004396342672407627,0.4275320768356323,0.44806355237960815,-0.004215968772768974,0.47088584303855896,0.43598297238349915,-0.007176123093813658,0.48841819167137146,0.4560842514038086,-0.007456900551915169,0.49615025520324707,0.47615310549736023,-0.0065612876787781715,0.4326726496219635,0.4696233570575714,-0.014909036457538605,0.47158083319664,0.44610267877578735,-0.016032857820391655,0.4891895353794098,0.4638976752758026,-0.013648380525410175,0.498513400554657,0.4811753034591675,-0.011743701063096523,0.4371134042739868,0.49903982877731323,-0.024583611637353897,0.4649103879928589,0.47075527906417847,-0.024030189961194992,0.4789443910121918,0.47360411286354065,-0.01998266950249672,0.48795899748802185,0.481220543384552,-0.016625013202428818
0.37556546926498413,0.5329801440238953,7.727782502797709e-08,0.3934440314769745,0.49304842948913574,0.014822009950876236,0.4145609140396118,0.4664376974105835,0.01750599406659603,0.43295443058013916,0.4625360667705536,0.015889782458543777,0.44720497727394104,0.46634146571159363,0.013627773150801659,0.41940054297447205,0.44004181027412415,0.005994029343128204,0.460417777299881,0.4359457492828369,0.002544816117733717,0.4766109883785248,0.45462360978126526,0.0016599061200395226,0.4855630397796631,0.4723662734031677,0.0018655189778655767,0.4249403178691864,0.4522942900657654,-0.005397869739681482,0.46911460161209106,0.43971964716911316,-0.008964884094893932,0.48652559518814087,0.4611007273197174,-0.009207865223288536,0.4942975640296936,0.48239365220069885,-0.008157572709023952,0.43045392632484436,0.47449955344200134,-0.01561963465064764,0.4695155620574951,0.450378954410553,-0.017033062875270844,0.4874299466609955,0.4699440002441406,-0.015012730844318867,0.49681422114372253,0.4890863597393036,-0.013266324996948242,0.4355839788913727,0.503624677658081,-0.024832390248775482,0.4640328884124756,0.4750984013080597,-0.02410498633980751,0.4777893126010895,0.48043814301490784,-0.020165199413895607,0.4861252009868622,0.49079629778862,-0.016938982531428337
0.37555524706840515,0.5385919809341431,9.10599453618488e-08,0.39255550503730774,0.4970972239971161,0.013652957044541836,0.4128293991088867,0.4694623649120331,0.015395662747323513,0.43106362223625183,0.4654979705810547,0.012984617613255978,0.44558826088905334,0.4695451557636261,0.009991439059376717,0.4162410795688629,0.4431203603744507,0.0038254482205957174,0.4578729569911957,0.43668195605278015,-0.0008407292189076543,0.474541038274765,0.45526498556137085,-0.002399310702458024,0.4834946393966675,0.4734937250614166,-0.0024176789447665215,0.4220592975616455,0.4556213319301605,-0.007213668432086706,0.46646952629089355,0.43995749950408936,-0.011625619605183601,0.48475944995880127,0.46011877059936523,-0.012209642678499222,0.49299612641334534,0.48145657777786255,-0.011297198012471199,0.428032249212265,0.4779828190803528,-0.01715211011469364,0.46722593903541565,0.4512244462966919,-0.019093897193670273,0.4856487810611725,0.47046852111816406,-0.017328595742583275,0.49521559476852417,0.4904078543186188,-0.015588304027915001,0.43379753828048706,0.5075250864028931,-0.02616151049733162,0.462541401386261,0.4780101776123047,-0.025776904076337814,0.47617727518081665,0.484430730342865,-0.021908696740865707,0.4841367304325104,0.496585875749588,-0.018576981499791145
0.3758282959461212,0.5417252779006958,9.627785857446725e-08,0.39153382182121277,0.4997546076774597,0.013455950655043125,0.40977776050567627,0.47016432881355286,0.01494036428630352,0.42817482352256775,0.4656980037689209,0.012393100187182426,0.4432501196861267,0.4717223346233368,0.00910724326968193,0.41352927684783936,0.4456457495689392,0.002378288423642516,0.45502641797065735,0.43716514110565186,-0.0027201001066714525,0.4714423716068268,0.45479294657707214,-0.004364592954516411,0.47991523146629333,0.47379523515701294,-0.004403420723974705,0.4200678765773773,0.45833495259284973,-0.008326700888574123,0.46371421217918396,0.4372813105583191,-0.01336548663675785,0.4825863838195801,0.4548918306827545,-0.013860026374459267,0.49123674631118774,0.4756806492805481,-0.012761191464960575,0.4262782037258148,0.4807986915111542,-0.017850598320364952,0.46488338708877563,0.4485178589820862,-0.020755907520651817,0.4837591350078583,0.4659692645072937,-0.01901908777654171,0.4937017560005188,0.4852660000324249,-0.01697441376745701,0.4318104088306427,0.5101267695426941,-0.026319680735468864,0.4602733254432678,0.4785575270652771,-0.02691187523305416,0.4741448163986206,0.4833345413208008,-0.023316070437431335,0.4826260209083557,0.49404728412628174,-0.019901541993021965
0.375535249710083,0.5439499616622925,9.832943703713681e-08,0.3905349671840668,0.5005400776863098,0.01363671850413084,0.40910398960113525,0.4712972939014435,0.015097790397703648,0.42758697271347046,0.466969758272171,0.012549513950943947,0.4425257742404938,0.47179973125457764,0.009135805070400238,0.4131832718849182,0.44832608103752136,0.0018796116346493363,0.4545198976993561,0.43872401118278503,-0.003306302009150386,0.47107207775115967,0.4562424123287201,-0.0049088033847510815,0.47941523790359497,0.47521016001701355,-0.004734816495329142,0.41958528757095337,0.46114087104797363,-0.008770781569182873,0.46374475955963135,0.4381992816925049,-0.014019293710589409,0.48307400941848755,0.4558594822883606,-0.014460394158959389,0.49140727519989014,0.47669902443885803,-0.013132971711456776,0.4256537854671478,0.4832490086555481,-0.0181158147752285,0.4649435579776764,0.44921255111694336,-0.021264411509037018,0.48401573300361633,0.46692538261413574,-0.01937022991478443,0.49329036474227905,0.48649874329566956,-0.016991982236504555,0.4309793710708618,0.5122726559638977,-0.026312392204999924,0.4601590633392334,0.479683518409729,-0.026921717450022697,0.4743858277797699,0.4848651587963104,-0.022996852174401283,0.48233726620674133,0.4962483048439026,-0.019191954284906387
0.37555694580078125,0.5476940274238586,9.269550105273083e-08,0.389911949634552,0.5045758485794067,0.013272359035909176,0.40879130363464355,0.4748546779155731,0.014903617091476917,0.42699915170669556,0.4697350859642029,0.0125694265589118,0.4415183961391449,0.4732508659362793,0.009534154087305069,0.4129676818847656,0.45161452889442444,0.0024041987489908934,0.4538244307041168,0.438523530960083,-0.002693220041692257,0.4706586003303528,0.45593634247779846,-0.00444187643006444,0.4794881343841553,0.47422462701797485,-0.004517433233559132,0.4194640517234802,0.46378564834594727,-0.008033116348087788,0.462580144405365,0.43981239199638367,-0.01299471314996481,0.4818185269832611,0.4580000042915344,-0.013737548142671585,0.49078020453453064,0.4783225357532501,-0.012947139330208302,0.42576271295547485,0.484881192445755,-0.017277652397751808,0.4638317823410034,0.4513774812221527,-0.02013542316854,0.48284977674484253,0.46955662965774536,-0.018557777628302574,0.49273258447647095,0.4890005886554718,-0.016750724986195564,0.43147793412208557,0.5130819082260132,-0.02548421360552311,0.4597722887992859,0.48159584403038025,-0.025825897231698036,0.4738030731678009,0.4871055781841278,-0.022156987339258194,0.4819532334804535,0.4981737732887268,-0.018849272280931473
0.3764680027961731,0.5520992279052734,9.714985793607411e-08,0.3900855779647827,0.5092344284057617,0.012286592274904251,0.4086802899837494,0.4782651364803314,0.013261733576655388,0.42682382464408875,0.471405029296875,0.010459046810865402,0.4416862428188324,0.47341206669807434,0.007131274789571762,0.4121699631214142,0.4557481110095978,0.0005641015013679862,0.4534437656402588,0.43885940313339233,-0.0052526420913636684,0.47060132026672363,0.4565761387348175,-0.007146117277443409,0.4797585904598236,0.47509145736694336,-0.007255046162754297,0.41804423928260803,0.4669243097305298,-0.009516237303614616,0.4611394703388214,0.44052377343177795,-0.015209431760013103,0.4806342124938965,0.45955052971839905,-0.015934277325868607,0.4901774823665619,0.4800892174243927,-0.015136374160647392,0.424123078584671,0.4871954619884491,-0.01848825439810753,0.46216484904289246,0.45181187987327576,-0.02199585735797882,0.481403648853302,0.47123804688453674,-0.020491577684879303,0.49183616042137146,0.49177879095077515,-0.018732786178588867,0.43019163608551025,0.514593243598938,-0.026515549048781395,0.45811688899993896,0.48276346921920776,-0.02753813937306404,0.4721201956272125,0.4883195757865906,-0.024451836943626404,0.48058515787124634,0.49928799271583557,-0.021595370024442673
0.3742751479148865,0.5552983283996582,9.53752206100944e-08,0.3893854022026062,0.5090649724006653,0.013074449263513088,0.4081045091152191,0.48021408915519714,0.014376831240952015,0.42574435472488403,0.47461435198783875,0.011604336090385914,0.4399528503417969,0.47565799951553345,0.008266941644251347,0.4107716381549835,0.460139662027359,0.003503781510517001,0.45032984018325806,0.4428543448448181,-0.0021976414136588573,0.4683942496776581,0.45949533581733704,-0.004494395572692156,0.47809961438179016,0.4775700569152832,-0.004696800839155912,0.4165404438972473,0.47131484746932983,-0.006975607946515083,0.4584285318851471,0.44449812173843384,-0.012562904506921768,0.47823113203048706,0.46305906772613525,-0.013618996366858482,0.48775315284729004,0.4833064079284668,-0.012800241820514202,0.4225301146507263,0.4910631477832794,-0.016429586336016655,0.4595623016357422,0.45653289556503296,-0.01969526894390583,0.4787353277206421,0.4742254316806793,-0.017969906330108643,0.4889216721057892,0.4933462142944336,-0.01581510715186596,0.4286099672317505,0.5187215209007263,-0.024962248280644417,0.4563949406147003,0.48655834794044495,-0.025524895638227463,0.4707324206829071,0.4913976788520813,-0.021822260692715645,0.4792442321777344,0.5019626617431641,-0.01832343079149723
0.37264883518218994,0.5582170486450195,9.093844255403383e-08,0.38746142387390137,0.5156418085098267,0.011988455429673195,0.4067266285419464,0.4857819974422455,0.012864111922681332,0.4247395694255829,0.47949182987213135,0.009920304641127586,0.4390650987625122,0.4794372320175171,0.006598275154829025,0.40954479575157166,0.46497663855552673,0.0009125301148742437,0.44959554076194763,0.4441404342651367,-0.005648617632687092,0.46692171692848206,0.46175211668014526,-0.008032163605093956,0.4756760895252228,0.480832040309906,-0.008084779605269432,0.4145828187465668,0.47549113631248474,-0.009111938998103142,0.4569314122200012,0.4455447793006897,-0.01572434790432453,0.47628748416900635,0.4652968943119049,-0.016783462837338448,0.48492103815078735,0.4864066243171692,-0.015712305903434753,0.4202199876308441,0.49500441551208496,-0.018130330368876457,0.45782676339149475,0.45782962441444397,-0.022159578278660774,0.47696468234062195,0.4769868552684784,-0.020460128784179688,0.4865371286869049,0.49745166301727295,-0.01808493211865425,0.42600661516189575,0.5221565365791321,-0.026272594928741455,0.4543406367301941,0.48947763442993164,-0.027187855914235115,0.4686249792575836,0.49441319704055786,-0.023760391399264336,0.47656163573265076,0.5052679181098938,-0.0204229224473238
0.37062355875968933,0.5589069128036499,8.571527843059812e-08,0.3857794404029846,0.5159783959388733,0.01204026211053133,0.4056434631347656,0.48586124181747437,0.013389847241342068,0.42364445328712463,0.47911667823791504,0.010794366709887981,0.43798893690109253,0.4779627323150635,0.007895400747656822,0.40891948342323303,0.46446123719215393,0.003131113713607192,0.4476228654384613,0.4433668255805969,-0.002831588499248028,0.4653471112251282,0.46090173721313477,-0.005240585654973984,0.47477248311042786,0.47929203510284424,-0.005620385054498911,0.4134407937526703,0.47325074672698975,-0.007074881345033646,0.45489534735679626,0.4446656107902527,-0.013074652291834354,0.4739826023578644,0.4645877480506897,-0.014455894939601421,0.48264145851135254,0.48556408286094666,-0.013840502128005028,0.418707013130188,0.4919166564941406,-0.016455668956041336,0.45537763833999634,0.4564864933490753,-0.020042914897203445,0.47498980164527893,0.47459718585014343,-0.019065387547016144,0.4855712354183197,0.49456751346588135,-0.017462115734815598,0.42473694682121277,0.5193448662757874,-0.025049541145563126,0.45244652032852173,0.4880308508872986,-0.025807728990912437,0.4661131799221039,0.49309369921684265,-0.022877739742398262,0.4738467335700989,0.5044065117835999,-0.02012822963297367
0.3680788278579712,0.5544484257698059,8.36366780276876e-08,0.3841957151889801,0.5144314765930176,0.01218897569924593,0.40405476093292236,0.48524048924446106,0.014037451706826687,0.4217533767223358,0.47928088903427124,0.0117115443572402,0.43623462319374084,0.4783959686756134,0.009133965708315372,0.40797898173332214,0.46159470081329346,0.005918620619922876,0.4459950029850006,0.4419439435005188,0.00040401655132882297,0.46409571170806885,0.45905622839927673,-0.0021521493326872587,0.473806232213974,0.4776401221752167,-0.0027491082437336445,0.4123290479183197,0.46931567788124084,-0.004375983029603958,0.4531637728214264,0.4428754448890686,-0.009616992436349392,0.472161203622818,0.46283379197120667,-0.011084150522947311,0.4812075197696686,0.4835492968559265,-0.010748197324573994,0.41776588559150696,0.48726993799209595,-0.014074122533202171,0.453993022441864,0.4543497860431671,-0.017332525923848152,0.47357720136642456,0.4728015065193176,-0.016486596316099167,0.48432213068008423,0.49252408742904663,-0.015100691467523575,0.42441868782043457,0.514323890209198,-0.02306576631963253,0.45188671350479126,0.48374906182289124,-0.02338247187435627,0.4649464190006256,0.4896925985813141,-0.020100096240639687,0.472258597612381,0.5014010667800903,-0.017221253365278244
0.3687570095062256,0.5539697408676147,7.531103562996577e-08,0.3850915729999542,0.5158085227012634,0.01480277068912983,0.4036945402622223,0.48693031072616577,0.017336001619696617,0.42057231068611145,0.47880926728248596,0.015127710066735744,0.4349808394908905,0.4767654240131378,0.012377285398542881,0.40769585967063904,0.45979857444763184,0.008031615987420082,0.44582313299179077,0.4431462287902832,0.003737127408385277,0.4637458920478821,0.4591454565525055,0.0020491229370236397,0.47312599420547485,0.4769778549671173,0.001918482594192028,0.4114709198474884,0.4665133059024811,-0.0035498307552188635,0.4530865252017975,0.4430590569972992,-0.0075530861504375935,0.4718122184276581,0.462416410446167,-0.008152894675731659,0.48001012206077576,0.48364269733428955,-0.00740932859480381,0.41643640398979187,0.48405328392982483,-0.014318529516458511,0.4535292387008667,0.4516233801841736,-0.01626669242978096,0.4723910391330719,0.4699943959712982,-0.01442157756537199,0.4818533658981323,0.490424245595932,-0.012677495367825031,0.422642320394516,0.5102080702781677,-0.024218551814556122,0.4503493010997772,0.47873982787132263,-0.023773595690727234,0.46379566192626953,0.4842863976955414,-0.02003546804189682,0.47104114294052124,0.4964936077594757,-0.016978172585368156
0.36467280983924866,0.5500487685203552,7.598700335620379e-08,0.38298800587654114,0.5137574672698975,0.013652749359607697,0.4031740427017212,0.48593565821647644,0.016224561259150505,0.4205070734024048,0.4795485734939575,0.014198857359588146,0.4343056082725525,0.4775345027446747,0.011725126765668392,0.40686649084091187,0.4581666886806488,0.009040678851306438,0.4446105659008026,0.4440385699272156,0.004882386419922113,0.4627422094345093,0.4614870250225067,0.002585667883977294,0.4726076126098633,0.4799732267856598,0.0018651598365977407,0.41049331426620483,0.46440500020980835,-0.002014875179156661,0.45189541578292847,0.4436171054840088,-0.005591048859059811,0.47094762325286865,0.46465373039245605,-0.006904770620167255,0.47947925329208374,0.48630496859550476,-0.006868420168757439,0.4153815805912018,0.48097217082977295,-0.012430071830749512,0.45270538330078125,0.4508812427520752,-0.014301295392215252,0.47174137830734253,0.4714727997779846,-0.013132559135556221,0.4808846116065979,0.4930749237537384,-0.011905317194759846,0.4216197729110718,0.506542980670929,-0.02211594395339489,0.44920071959495544,0.4763104021549225,-0.02169346623122692,0.4623369574546814,0.4851073920726776,-0.01805846579372883,0.468847393989563,0.5000698566436768,-0.01510488148778677
0.36499595642089844,0.5523236989974976,8.683825569733017e-08,0.38203421235084534,0.5145150423049927,0.014175694435834885,0.401075154542923,0.4847172498703003,0.016800547018647194,0.4179588854312897,0.47597983479499817,0.014682442881166935,0.4319862425327301,0.4738171398639679,0.012088377960026264,0.4046604037284851,0.45715874433517456,0.009559247642755508,0.44239142537117004,0.44427624344825745,0.005403308663517237,0.4609259366989136,0.45994147658348083,0.0032237558625638485,0.4713374376296997,0.47729653120040894,0.0025947352405637503,0.4084385931491852,0.46384626626968384,-0.0018405315931886435,0.4496111273765564,0.44329291582107544,-0.00561142060905695,0.46896451711654663,0.46249106526374817,-0.006820875685662031,0.47807520627975464,0.48383036255836487,-0.006638305261731148,0.41351571679115295,0.4806312918663025,-0.01261131651699543,0.4504236578941345,0.4504021108150482,-0.014566649682819843,0.4692188799381256,0.46939852833747864,-0.013331635855138302,0.4786143898963928,0.49044087529182434,-0.01203634962439537,0.42005011439323425,0.5057706832885742,-0.02262982539832592,0.44753599166870117,0.4753086268901825,-0.02216728962957859,0.4606430232524872,0.4826815128326416,-0.018564358353614807,0.4674234390258789,0.4967323839664459,-0.0156306903809309
0.3636667728424072,0.5516943335533142,9.412426038579724e-08,0.38042137026786804,0.5130646228790283,0.011933129280805588,0.4001723527908325,0.48341813683509827,0.014112734235823154,0.4174385368824005,0.47588688135147095,0.012043654918670654,0.4317680597305298,0.4750244617462158,0.009587090462446213,0.4032309055328369,0.4575890600681305,0.00829787366092205,0.4408165216445923,0.4454393982887268,0.0035518587101250887,0.45956334471702576,0.46142569184303284,0.0006217557820491493,0.47020161151885986,0.4785231649875641,-0.0004895719466730952,0.4071861505508423,0.4644179046154022,-0.0018220717320218682,0.44804489612579346,0.4451850950717926,-0.006445777136832476,0.46739909052848816,0.46525824069976807,-0.008833563886582851,0.4765093922615051,0.4869745969772339,-0.009337055496871471,0.412432998418808,0.4812659025192261,-0.011457446962594986,0.4496159553527832,0.4535144567489624,-0.014309722930192947,0.4689551293849945,0.4730038642883301,-0.014284681528806686,0.47872790694236755,0.49380311369895935,-0.013529526069760323,0.419050931930542,0.5065163373947144,-0.020434318110346794,0.4468051493167877,0.47817501425743103,-0.020393244922161102,0.4602071940898895,0.4860250651836395,-0.0173296257853508,0.4673190414905548,0.4996873438358307,-0.0146949989721179
0.36266565322875977,0.552479088306427,9.712840665088152e-08,0.38023003935813904,0.5169487595558167,0.013421987183392048,0.40029284358024597,0.48715510964393616,0.016565857455134392,0.4179087281227112,0.4789738655090332,0.015103088691830635,0.432007759809494,0.47709670662879944,0.013243838213384151,0.40250083804130554,0.45831575989723206,0.011111196130514145,0.4394300580024719,0.4477837383747101,0.007393763400614262,0.4585011899471283,0.4637995660305023,0.0048133437521755695,0.4701116383075714,0.48054614663124084,0.0036837998777627945,0.40607649087905884,0.464518666267395,0.00023910282470751554,0.4465174078941345,0.4466700255870819,-0.0036431439220905304,0.4665958285331726,0.4663805067539215,-0.00588071346282959,0.47672325372695923,0.4879174530506134,-0.006468130741268396,0.41110798716545105,0.4806208610534668,-0.010151620022952557,0.44768083095550537,0.4535233974456787,-0.012490871362388134,0.4670792520046234,0.4735398292541504,-0.012359419837594032,0.476775199174881,0.4950970709323883,-0.011651906184852123,0.41789352893829346,0.5047529935836792,-0.01984892413020134,0.4454343318939209,0.47586652636528015,-0.01943778432905674,0.4589935541152954,0.4843892753124237,-0.01636185124516487,0.4661296606063843,0.49934932589530945,-0.01384743582457304
0.3607785403728485,0.5548011660575867,9.531415656738318e-08,0.3794316053390503,0.5187775492668152,0.015463937073946,0.3992198407649994,0.4880329668521881,0.01955442689359188,0.4165295362472534,0.47924381494522095,0.01856023445725441,0.43020519614219666,0.47762787342071533,0.01698874868452549,0.4009932577610016,0.46054789423942566,0.014214351773262024,0.4367402195930481,0.45189905166625977,0.01144919078797102,0.4563569128513336,0.4658198952674866,0.009059512987732887,0.468908429145813,0.4804079532623291,0.007829125039279461,0.4043445885181427,0.4662923216819763,0.0022595215123146772,0.4439103603363037,0.4494960904121399,-0.0013673201901838183,0.4644235670566559,0.4681757092475891,-0.003997512627393007,0.4749700725078583,0.48933351039886475,-0.004758733790367842,0.4094220697879791,0.4817045032978058,-0.009105957113206387,0.44501179456710815,0.45521652698516846,-0.011145413853228092,0.4647654891014099,0.4741796553134918,-0.011332293041050434,0.47496992349624634,0.4949430227279663,-0.010789397172629833,0.4165571928024292,0.5051036477088928,-0.019644595682621002,0.44368013739585876,0.47565293312072754,-0.018905458971858025,0.4579044282436371,0.4821793735027313,-0.015977663919329643,0.46597421169281006,0.4956279397010803,-0.013619042001664639
0.3601439595222473,0.5599561929702759,1.05930617166905e-07,0.3776093125343323,0.5205119252204895,0.014968044124543667,0.3971155285835266,0.4902915358543396,0.018155183643102646,0.41402775049209595,0.4812132716178894,0.016343316063284874,0.4288872480392456,0.4795112609863281,0.014048975892364979,0.3990268111228943,0.46589744091033936,0.01294068805873394,0.43465662002563477,0.4542362093925476,0.009294032119214535,0.45472660660743713,0.46733930706977844,0.006639320403337479,0.4678567945957184,0.48192325234413147,0.005450231023132801,0.402203768491745,0.4719911813735962,0.000919278129003942,0.4413756728172302,0.4535997807979584,-0.0032966649159789085,0.4623444676399231,0.4713725745677948,-0.005777907092124224,0.47365066409111023,0.4919372797012329,-0.006409162189811468,0.4070378243923187,0.48718780279159546,-0.01060408540070057,0.44333285093307495,0.4617839455604553,-0.012693447060883045,0.46382611989974976,0.47880247235298157,-0.012547732330858707,0.4750417470932007,0.49801763892173767,-0.011875048279762268,0.413983017206192,0.5108542442321777,-0.021370114758610725,0.44197404384613037,0.4831213355064392,-0.020438220351934433,0.4572439193725586,0.4880951941013336,-0.017348220571875572,0.4661606252193451,0.49970880150794983,-0.014905708841979504
0.3589511811733246,0.5619193911552429,1.2314011144098913e-07,0.37409573793411255,0.5227659940719604,0.010507241822779179,0.3935934901237488,0.4924016296863556,0.01199042983353138,0.4104316532611847,0.4826771914958954,0.009546487592160702,0.42480331659317017,0.4802388846874237,0.006931256037205458,0.3971848487854004,0.47115179896354675,0.0075158607214689255,0.43204060196876526,0.45391643047332764,0.0018809459870681167,0.45244866609573364,0.46694931387901306,-0.0017607767367735505,0.46549850702285767,0.48222866654396057,-0.0032940502278506756,0.4007188677787781,0.47724083065986633,-0.0021510361693799496,0.43874165415763855,0.453964501619339,-0.007926915772259235,0.4601829946041107,0.47021880745887756,-0.0107991648837924,0.47209838032722473,0.48942238092422485,-0.01147528737783432,0.4054546058177948,0.49241766333580017,-0.011580492369830608,0.4406566321849823,0.46387648582458496,-0.015259015373885632,0.46219974756240845,0.47855180501937866,-0.01561334915459156,0.4750562012195587,0.4960910379886627,-0.014942459762096405,0.4121023714542389,0.5166985988616943,-0.020539171993732452,0.43997111916542053,0.4890436828136444,-0.020684385672211647,0.4557333290576935,0.4926805794239044,-0.01807650364935398,0.4656175374984741,0.5022283792495728,-0.015778347849845886
0.3590511679649353,0.5629587769508362,1.165209866371697e-07,0.37293702363967896,0.5233054757118225,0.012404476292431355,0.3915822207927704,0.4925621747970581,0.014715083874762058,0.40685513615608215,0.481589674949646,0.012721310369670391,0.42073535919189453,0.4775189757347107,0.010433869436383247,0.3958487808704376,0.47116807103157043,0.00901840440928936,0.4303553104400635,0.4519910514354706,0.004085616208612919,0.45055222511291504,0.46474331617355347,0.0009444098104722798,0.46378108859062195,0.4803566336631775,-0.000402337551349774,0.4002199172973633,0.4764661490917206,-0.001485354732722044,0.4374133348464966,0.4521547257900238,-0.006239273585379124,0.4589559733867645,0.46753254532814026,-0.008523872122168541,0.47131961584091187,0.4864240288734436,-0.009129134938120842,0.40550947189331055,0.49111437797546387,-0.011618436314165592,0.43981853127479553,0.4611915349960327,-0.014498274773359299,0.46119728684425354,0.474953830242157,-0.014562532305717468,0.47440215945243835,0.49162667989730835,-0.014090879820287228,0.4125552177429199,0.5145946145057678,-0.021142294630408287,0.4396617114543915,0.48693761229515076,-0.02110268361866474,0.4546036422252655,0.49113285541534424,-0.018456757068634033,0.46388304233551025,0.5010815858840942,-0.016298072412610054
0.3589474558830261,0.562263548374176,1.2434156815288588e-07,0.3733961880207062,0.5228002667427063,0.012351333163678646,0.3919900357723236,0.4919530749320984,0.014585383236408234,0.40774932503700256,0.48087114095687866,0.012478859163820744,0.4217544496059418,0.47627192735671997,0.010019931942224503,0.3947073817253113,0.46871644258499146,0.008786815218627453,0.4302157163619995,0.4491523504257202,0.0040528434328734875,0.45043760538101196,0.4624074399471283,0.0010846799705177546,0.4637969732284546,0.47755488753318787,-0.0001892231375677511,0.3990519046783447,0.4740472435951233,-0.0016821727622300386,0.43714725971221924,0.44959384202957153,-0.006183669436722994,0.45884621143341064,0.4653548002243042,-0.008404875174164772,0.4713566303253174,0.4841178059577942,-0.009046905674040318,0.40457722544670105,0.488961786031723,-0.011751517653465271,0.43938344717025757,0.45740556716918945,-0.014441659674048424,0.46103450655937195,0.4717945158481598,-0.014541348442435265,0.4742058515548706,0.4887326657772064,-0.014147466979920864,0.4119088649749756,0.5123723149299622,-0.021202530711889267,0.43893542885780334,0.4828243553638458,-0.021123578771948814,0.45377784967422485,0.4873872697353363,-0.018495332449674606,0.46287935972213745,0.4980146586894989,-0.016365839168429375
0.3583964705467224,0.5623118877410889,1.2393191184401076e-07,0.3723960220813751,0.5223756432533264,0.011582733131945133,0.3909572958946228,0.49070242047309875,0.013521093875169754,0.40669649839401245,0.4797312915325165,0.011237828060984612,0.4204171299934387,0.4754142761230469,0.008657703176140785,0.393826961517334,0.46785247325897217,0.00827381294220686,0.4289037585258484,0.44792911410331726,0.002828058786690235,0.4492783844470978,0.46078503131866455,-0.0006798148388043046,0.46235254406929016,0.47597581148147583,-0.0021729236468672752,0.3980182111263275,0.47314634919166565,-0.0019138552015647292,0.4356158971786499,0.44762685894966125,-0.0070266989059746265,0.45764267444610596,0.46272802352905273,-0.009607404470443726,0.4702911376953125,0.4812299609184265,-0.010341744869947433,0.40353381633758545,0.4880603551864624,-0.011816507205367088,0.4377693831920624,0.45608171820640564,-0.015145585872232914,0.45950427651405334,0.47032323479652405,-0.015521046705543995,0.47266751527786255,0.48728856444358826,-0.015091982670128345,0.41109222173690796,0.5115973353385925,-0.021159803494811058,0.43817198276519775,0.4820246398448944,-0.021549277007579803,0.4533543586730957,0.48621147871017456,-0.01912533864378929,0.4628075361251831,0.49627843499183655,-0.01701289601624012
0.3585617244243622,0.5628623962402344,1.2576798269492429e-07,0.37158721685409546,0.5219497680664062,0.012190673500299454,0.3898373246192932,0.489532470703125,0.014316143468022346,0.4057057201862335,0.47812867164611816,0.012075439095497131,0.4196440875530243,0.4735266864299774,0.009406698867678642,0.39244595170021057,0.4670523405075073,0.008416603319346905,0.42797666788101196,0.4470638036727905,0.0033048333134502172,0.4487670063972473,0.45924562215805054,7.780861051287502e-05,0.46235358715057373,0.4740634560585022,-0.0013074974995106459,0.3969051241874695,0.47201085090637207,-0.00202885246835649,0.43493080139160156,0.4462182819843292,-0.006988536100834608,0.45711785554885864,0.4614443778991699,-0.009361854754388332,0.4697827994823456,0.4803828001022339,-0.009983520954847336,0.4027732014656067,0.48661673069000244,-0.012086905539035797,0.43718627095222473,0.45329222083091736,-0.015267523005604744,0.45888444781303406,0.4676593244075775,-0.015429548919200897,0.47184136509895325,0.48515915870666504,-0.014925066381692886,0.4107196629047394,0.5093666315078735,-0.021534333005547523,0.4374324083328247,0.47831472754478455,-0.021950047463178635,0.45247727632522583,0.48237982392311096,-0.019517013803124428,0.4618804156780243,0.4928326904773712,-0.01742282323539257
0.35759639739990234,0.567349374294281,1.0489169710581336e-07,0.3701552152633667,0.5264590382575989,0.012573438696563244,0.3873180150985718,0.4928736984729767,0.014653361402451992,0.40344518423080444,0.48090049624443054,0.012360218912363052,0.4176872670650482,0.47727587819099426,0.009552688337862492,0.3902853727340698,0.46843165159225464,0.008237450383603573,0.42568427324295044,0.44881001114845276,0.0032489874865859747,0.4458964765071869,0.46139073371887207,0.0001724196772556752,0.45876723527908325,0.4762531518936157,-0.0010832804255187511,0.394771933555603,0.4745437502861023,-0.0024599593598395586,0.4330149292945862,0.4490914046764374,-0.007559219375252724,0.45460882782936096,0.4651685655117035,-0.010036220774054527,0.46669647097587585,0.48432058095932007,-0.010596583597362041,0.4007568061351776,0.48985555768013,-0.012657994404435158,0.4350321888923645,0.45745179057121277,-0.01586744375526905,0.45676472783088684,0.4716604948043823,-0.016036462038755417,0.46957433223724365,0.48909705877304077,-0.015407472848892212,0.4089334309101105,0.5135608911514282,-0.022168900817632675,0.4358786940574646,0.48100918531417847,-0.02236136421561241,0.45163071155548096,0.4844582974910736,-0.019644375890493393,0.4615083634853363,0.494479238986969,-0.017290852963924408
0.3559426963329315,0.5734923481941223,8.272923679442101e-08,0.3680788278579712,0.5292788743972778,0.01287771388888359,0.3850439190864563,0.49594977498054504,0.01497549470514059,0.4007911682128906,0.4834900200366974,0.012670591473579407,0.4149918258190155,0.4796631336212158,0.009919680655002594,0.3875522017478943,0.4723368287086487,0.007834922522306442,0.4211684465408325,0.4470650553703308,0.0024870282504707575,0.44074293971061707,0.4594489336013794,-0.0006711612222716212,0.4527927339076996,0.4765036702156067,-0.0018342987168580294,0.39280572533607483,0.4791211485862732,-0.0030131922103464603,0.4287605583667755,0.45067107677459717,-0.007844985462725163,0.4495452642440796,0.46524375677108765,-0.010136119090020657,0.4611624479293823,0.4838568866252899,-0.010742012411355972,0.3994620740413666,0.494873583316803,-0.013322965241968632,0.4327911138534546,0.4624747931957245,-0.01594184897840023,0.4538000226020813,0.47405341267585754,-0.01569136045873165,0.4666314125061035,0.4901665151119232,-0.015002813190221786,0.4083191752433777,0.5189908146858215,-0.022975310683250427,0.4347040355205536,0.48646292090415955,-0.022832291200757027,0.4512290358543396,0.4866503179073334,-0.020001200959086418,0.4624166488647461,0.49397921562194824,-0.017580049112439156
0.35467880964279175,0.5804533362388611,6.465269564159826e-08,0.36702752113342285,0.5359934568405151,0.012737976387143135,0.38373851776123047,0.5014010667800903,0.015375404618680477,0.3994511663913727,0.487406849861145,0.013717404566705227,0.4133720397949219,0.482089638710022,0.011679203249514103,0.38577210903167725,0.4788064658641815,0.0087118586525321,0.417068749666214,0.44867756962776184,0.003923750948160887,0.43593376874923706,0.4577091932296753,0.0010440093465149403,0.4484315514564514,0.47108468413352966,-0.00020372493600007147,0.3910341262817383,0.48438510298728943,-0.0018326154677197337,0.4242151975631714,0.4530317783355713,-0.005931050516664982,0.44364240765571594,0.46402519941329956,-0.008121050894260406,0.4551672041416168,0.47889798879623413,-0.008928918279707432,0.39771419763565063,0.4996929466724396,-0.011921838857233524,0.42821937799453735,0.465922087430954,-0.014100031927227974,0.448125958442688,0.47302842140197754,-0.013905411586165428,0.46140390634536743,0.48476698994636536,-0.013511384837329388,0.4067850708961487,0.5233533978462219,-0.02140263095498085,0.43113890290260315,0.4905422329902649,-0.02130548097193241,0.4470566511154175,0.4850872755050659,-0.019065989181399345,0.45924365520477295,0.48558229207992554,-0.017288262024521828
0.3558328151702881,0.5860376954078674,3.789461189285248e-08,0.366911381483078,0.5393282175064087,0.015462004579603672,0.3821509778499603,0.5038060545921326,0.018735794350504875,0.3976001739501953,0.4889037311077118,0.017195887863636017,0.4118584990501404,0.4829320013523102,0.015008238144218922,0.38477975130081177,0.48037898540496826,0.010701148770749569,0.4164475202560425,0.44955867528915405,0.006983100902289152,0.4337449371814728,0.46018266677856445,0.004997993353754282,0.44451668858528137,0.47314125299453735,0.004312575329095125,0.39031416177749634,0.48721039295196533,-0.001280049211345613,0.42424479126930237,0.4576694071292877,-0.004473528824746609,0.4415477216243744,0.47074106335639954,-0.00604216568171978,0.450687050819397,0.48569780588150024,-0.006445005536079407,0.39729514718055725,0.5036638379096985,-0.012548885308206081,0.4285263419151306,0.4709831476211548,-0.013158476911485195,0.44689691066741943,0.4776865839958191,-0.011853552423417568,0.45851004123687744,0.4866480827331543,-0.01113644614815712,0.40605810284614563,0.5275388956069946,-0.023003678768873215,0.4302351176738739,0.4941716492176056,-0.021695228293538094,0.4459436535835266,0.48544567823410034,-0.018756313249468803,0.45806241035461426,0.48169615864753723,-0.016759321093559265
0.3524639904499054,0.5865105390548706,2.190680348235219e-08,0.3657758831977844,0.5417929887771606,0.018471810966730118,0.3819153606891632,0.5077478885650635,0.023323699831962585,0.3978384733200073,0.49431759119033813,0.022785339504480362,0.412563294172287,0.48971474170684814,0.021422404795885086,0.3842211961746216,0.48515966534614563,0.013777509331703186,0.4151809513568878,0.453976035118103,0.011353070847690105,0.43310225009918213,0.46541789174079895,0.010247706435620785,0.4440343379974365,0.47904157638549805,0.010081596672534943,0.3895633816719055,0.49134349822998047,0.000589727598708123,0.42403092980384827,0.4601806402206421,-0.001725310692563653,0.4420929253101349,0.4744732975959778,-0.002622049069032073,0.4509294629096985,0.4907960891723633,-0.0024851898197084665,0.3961604833602905,0.507015585899353,-0.011637532152235508,0.42829209566116333,0.4741329550743103,-0.011490021832287312,0.44642049074172974,0.4832078814506531,-0.009371163323521614,0.45681071281433105,0.4942229986190796,-0.008106029592454433,0.4047558009624481,0.5307106375694275,-0.022854212671518326,0.4294871389865875,0.49882522225379944,-0.02113027125597,0.44547349214553833,0.4901849031448364,-0.017995841801166534,0.4572311043739319,0.4864877462387085,-0.01591935195028782
0.3509792983531952,0.5871096253395081,2.8197710832955636e-08,0.36349207162857056,0.5433192253112793,0.017809441313147545,0.3790660798549652,0.5092543363571167,0.02248125523328781,0.3950398564338684,0.49457859992980957,0.021888507530093193,0.40989553928375244,0.4896176755428314,0.020725838840007782,0.38118335604667664,0.487190842628479,0.013715497218072414,0.41260701417922974,0.45426544547080994,0.011242946609854698,0.43031710386276245,0.4660292863845825,0.010829485952854156,0.4411505460739136,0.4799298942089081,0.011460044421255589,0.387485533952713,0.4917776882648468,0.001171420211903751,0.42183947563171387,0.45578405261039734,-0.0003489819646347314,0.43913406133651733,0.4700755178928375,0.00046116297016851604,0.4473874270915985,0.4867590367794037,0.0020469562150537968,0.3949797451496124,0.5070419907569885,-0.0106112165376544,0.4264436364173889,0.4695414900779724,-0.010342857800424099,0.44440996646881104,0.47933030128479004,-0.006747504696249962,0.454596608877182,0.4921281933784485,-0.004146953579038382,0.40422719717025757,0.5306474566459656,-0.021485786885023117,0.42886438965797424,0.49803924560546875,-0.020501069724559784,0.44507724046707153,0.4893949329853058,-0.017353244125843048,0.457378089427948,0.48567575216293335,-0.014863157644867897
0.34977418184280396,0.5853750705718994,2.2844524494303187e-08,0.3611654043197632,0.540641725063324,0.018813423812389374,0.3755924701690674,0.5067413449287415,0.024004189297556877,0.390810489654541,0.4930170774459839,0.02392786368727684,0.4055905044078827,0.4906673729419708,0.023022526875138283,0.3787277638912201,0.48417025804519653,0.014239453710615635,0.4083337187767029,0.45341840386390686,0.01234473567456007,0.4258013665676117,0.46265292167663574,0.0122893201187253,0.43691232800483704,0.4746107757091522,0.012949994765222073,0.385531485080719,0.4884864091873169,0.0011653283145278692,0.4187871217727661,0.449083149433136,-0.0007155052735470235,0.43642744421958923,0.4635579288005829,0.00015794528007972986,0.4453047215938568,0.481776624917984,0.002001734683290124,0.3932207226753235,0.5046719312667847,-0.010971545241773129,0.42462170124053955,0.46842601895332336,-0.011540370061993599,0.4431314468383789,0.47858327627182007,-0.008137076161801815,0.45379284024238586,0.4906933307647705,-0.005430726334452629,0.4022592306137085,0.5288539528846741,-0.021950451657176018,0.42747950553894043,0.49674326181411743,-0.02156899683177471,0.4435287415981293,0.4879976809024811,-0.01829443871974945,0.4558561444282532,0.4827832877635956,-0.015641840174794197
0.3476487696170807,0.5793806910514832,3.545324389619964e-08,0.35847991704940796,0.5340828895568848,0.017037561163306236,0.3730272352695465,0.5009487867355347,0.021501483395695686,0.388584166765213,0.4890509247779846,0.02103455737233162,0.4034743905067444,0.48822689056396484,0.019781535491347313,0.3761819899082184,0.479007363319397,0.012112756259739399,0.4050319194793701,0.44822242856025696,0.00894795823842287,0.422412633895874,0.45672088861465454,0.008059128187596798,0.4336627423763275,0.46818485856056213,0.008225501514971256,0.3834787905216217,0.4825419485569,-0.00035624305019155145,0.41614431142807007,0.44075900316238403,-0.003761249128729105,0.43422216176986694,0.4558444321155548,-0.0035264736507087946,0.44384512305259705,0.4752402901649475,-0.0018056097906082869,0.39157307147979736,0.4987731873989105,-0.01198483444750309,0.42264509201049805,0.4626035690307617,-0.014311786741018295,0.44069916009902954,0.4745299220085144,-0.011156278662383556,0.45152854919433594,0.4864962100982666,-0.008077929727733135,0.4006185829639435,0.5233283638954163,-0.02253088168799877,0.42627623677253723,0.4923132658004761,-0.02346782386302948,0.44247883558273315,0.48384222388267517,-0.020304424688220024,0.4552540183067322,0.4773712754249573,-0.01739227958023548
0.34619414806365967,0.5779232382774353,4.5204657794784e-08,0.35646292567253113,0.5338135361671448,0.014360482804477215,0.3714905381202698,0.49899253249168396,0.017876939848065376,0.3866839110851288,0.4849488139152527,0.016839275136590004,0.40095221996307373,0.4822580814361572,0.015194118954241276,0.37486642599105835,0.47547492384910583,0.010347663424909115,0.4037320613861084,0.44537124037742615,0.006139875389635563,0.4220164716243744,0.45380520820617676,0.004021810833364725,0.4338540732860565,0.4666461944580078,0.0033928260672837496,0.38243618607521057,0.4788312315940857,-0.0009295929339714348,0.4156181812286377,0.43847692012786865,-0.005284386221319437,0.43397754430770874,0.4539770483970642,-0.006600478198379278,0.4437892735004425,0.47456032037734985,-0.006118420045822859,0.3910926580429077,0.49449247121810913,-0.011597584001719952,0.4224972426891327,0.4599158465862274,-0.014542251825332642,0.4407724440097809,0.4739823639392853,-0.013458729721605778,0.45177343487739563,0.4885798990726471,-0.011942567303776741,0.400608628988266,0.5176140666007996,-0.021399304270744324,0.42642492055892944,0.48908016085624695,-0.022010760381817818,0.44256794452667236,0.48302847146987915,-0.01972835697233677,0.4550696015357971,0.4796217679977417,-0.017831791192293167
0.34484127163887024,0.5760139226913452,5.680735171154083e-08,0.35468101501464844,0.5304884314537048,0.013503515161573887,0.36908310651779175,0.49545368552207947,0.016441132873296738,0.3836282193660736,0.48071107268333435,0.015055318363010883,0.3960772752761841,0.4759562909603119,0.013142917305231094,0.3726990222930908,0.4700026214122772,0.008796614594757557,0.40208232402801514,0.4406246840953827,0.004114123526960611,0.4204486310482025,0.4488891661167145,0.001737204845994711,0.43206313252449036,0.46102574467658997,0.001048319274559617,0.38029295206069946,0.4740396738052368,-0.0020738784223794937,0.41344356536865234,0.43381181359291077,-0.006598587613552809,0.43154528737068176,0.4489384889602661,-0.007705678232014179,0.44081318378448486,0.4688373804092407,-0.00701252743601799,0.389108270406723,0.49048012495040894,-0.012335037812590599,0.4200054705142975,0.4552430510520935,-0.015460401773452759,0.43759387731552124,0.46820491552352905,-0.01389730628579855,0.4480065703392029,0.48153626918792725,-0.011888587847352028,0.3987540304660797,0.5143309235572815,-0.021797602996230125,0.4250534176826477,0.4856347441673279,-0.02280203253030777,0.4416622519493103,0.47868648171424866,-0.020405840128660202,0.4546714723110199,0.47420331835746765,-0.018182290717959404
0.3449614346027374,0.5775408744812012,6.089786097618344e-08,0.35439494252204895,0.5317124724388123,0.01387273520231247,0.3675348460674286,0.4952003061771393,0.01656237058341503,0.3812252879142761,0.4788581430912018,0.014864818193018436,0.3937406539916992,0.4744608402252197,0.012532529421150684,0.37105992436408997,0.47061607241630554,0.007397921290248632,0.40054330229759216,0.4376981258392334,0.0015961392782628536,0.4191819131374359,0.4451679289340973,-0.001241346006281674,0.4307976961135864,0.45861491560935974,-0.001971180783584714,0.37852704524993896,0.4747476279735565,-0.003908087033778429,0.41213059425354004,0.4302232265472412,-0.009705604985356331,0.4311187267303467,0.442813903093338,-0.011184120550751686,0.4413606524467468,0.4622220993041992,-0.010428901761770248,0.3873194754123688,0.4910133481025696,-0.014531786553561687,0.41975799202919006,0.45630818605422974,-0.01821891777217388,0.4376569390296936,0.4687846004962921,-0.01663440465927124,0.4482114017009735,0.4812498986721039,-0.01443120650947094,0.39683204889297485,0.5144933462142944,-0.024302909150719643,0.4227888584136963,0.4852498769760132,-0.025386789813637733,0.4391402006149292,0.47710567712783813,-0.022866996005177498,0.45214056968688965,0.4714706242084503,-0.02043500356376171
0.344282865524292,0.5848230123519897,4.193269376173703e-08,0.3542313873767853,0.5380334258079529,0.01487036794424057,0.36905694007873535,0.5012133121490479,0.017154227942228317,0.3843405246734619,0.4852893650531769,0.01471020095050335,0.3992997705936432,0.48003560304641724,0.01166866160929203,0.370728075504303,0.47874948382377625,0.005510763265192509,0.40135306119918823,0.4381801187992096,-0.001244827057234943,0.4205562174320221,0.4473026692867279,-0.003939454909414053,0.43253180384635925,0.46121200919151306,-0.004356091376394033,0.3771316409111023,0.4816174805164337,-0.006785054225474596,0.4110908806324005,0.42996731400489807,-0.013875667937099934,0.4307457506656647,0.4463120996952057,-0.015177127905189991,0.44047674536705017,0.46858537197113037,-0.013810306787490845,0.3854687511920929,0.49708983302116394,-0.01811184734106064,0.4172918200492859,0.4561651051044464,-0.02245928719639778,0.43566620349884033,0.47150224447250366,-0.01999356783926487,0.4457523226737976,0.48660531640052795,-0.016786161810159683,0.39527714252471924,0.520424485206604,-0.028484823182225227,0.4213287830352783,0.486606240272522,-0.029785245656967163,0.4380679130554199,0.4812154769897461,-0.02640804648399353,0.45014864206314087,0.47879329323768616,-0.023067180067300797
0.3418734073638916,0.5896686911582947,2.99709483897459e-08,0.3535962402820587,0.5414559245109558,0.016149062663316727,0.37029603123664856,0.5057597160339355,0.019382093101739883,0.38705170154571533,0.49125802516937256,0.017631003633141518,0.40238437056541443,0.4875198006629944,0.01534212101250887,0.37169867753982544,0.48136064410209656,0.010437329299747944,0.4049031138420105,0.4476985037326813,0.006433949340134859,0.4234037697315216,0.4572351574897766,0.004844242241233587,0.4345881938934326,0.46975791454315186,0.004896695725619793,0.37811407446861267,0.4855434000492096,-0.0017811307916417718,0.41471627354621887,0.44316521286964417,-0.005146527662873268,0.43246808648109436,0.45852479338645935,-0.005496182478964329,0.44115301966667175,0.4772748053073883,-0.004146120045334101,0.38650017976760864,0.5011352300643921,-0.013070940040051937,0.42017504572868347,0.4646404981613159,-0.014252837747335434,0.4381907284259796,0.47796374559402466,-0.011509857140481472,0.44815951585769653,0.49220937490463257,-0.008859592489898205,0.3962132930755615,0.5251108407974243,-0.023424336686730385,0.4220733344554901,0.49286219477653503,-0.0221709031611681,0.4382403790950775,0.4887887239456177,-0.017997505143284798,0.450029194355011,0.48841193318367004,-0.014489828608930111
0.33711734414100647,0.5803424119949341,4.613885096205195e-08,0.35163265466690063,0.5337783098220825,0.017675768584012985,0.36915460228919983,0.4995121657848358,0.022253049537539482,0.3865610957145691,0.48760294914245605,0.021844986826181412,0.4020123779773712,0.4870878756046295,0.020653119310736656,0.37281936407089233,0.4734424650669098,0.01323549821972847,0.40695953369140625,0.4466989040374756,0.01136017870157957,0.42502209544181824,0.4544714093208313,0.01079283095896244,0.43567782640457153,0.46499601006507874,0.011035560630261898,0.3790484368801117,0.4791971445083618,0.0009658653871156275,0.4172789752483368,0.4452204704284668,-0.00027453474467620254,0.43426835536956787,0.45930635929107666,0.00010854624269995838,0.44264623522758484,0.4758473038673401,0.0013008893001824617,0.3866066336631775,0.49718451499938965,-0.010291626676917076,0.42251378297805786,0.4702112674713135,-0.009852934628725052,0.4400157332420349,0.48146310448646545,-0.0069392030127346516,0.4497510492801666,0.4916548430919647,-0.004890649579465389,0.39515823125839233,0.5239895582199097,-0.02044808305799961,0.42327195405960083,0.4974903166294098,-0.01795186847448349,0.4391588568687439,0.49330002069473267,-0.013465764001011848,0.45088106393814087,0.4902147650718689,-0.010257028974592686
0.33651453256607056,0.5666136741638184,7.654186617855885e-08,0.3495063781738281,0.5201800465583801,0.01614663563668728,0.3673563599586487,0.48738762736320496,0.01972103863954544,0.3851141333580017,0.4766351878643036,0.01879972219467163,0.39970117807388306,0.4764711260795593,0.017238333821296692,0.37370625138282776,0.4617255628108978,0.00865735113620758,0.4093717634677887,0.43701237440109253,0.005047445185482502,0.4279860854148865,0.4501340985298157,0.0037491372786462307,0.43835291266441345,0.4649839997291565,0.003991680219769478,0.3800184428691864,0.468088299036026,-0.002791594946756959,0.42015665769577026,0.4363105893135071,-0.0054762279614806175,0.4371851682662964,0.45471251010894775,-0.004988630767911673,0.44449377059936523,0.4745401442050934,-0.003318277420476079,0.3868007957935333,0.4875599443912506,-0.013128716498613358,0.4242939054965973,0.46469810605049133,-0.013909242115914822,0.4405311048030853,0.48120689392089844,-0.010244380682706833,0.44844120740890503,0.4954449534416199,-0.007140041794627905,0.393681138753891,0.5156612396240234,-0.022403229027986526,0.423016220331192,0.49376216530799866,-0.020357955247163773,0.43859583139419556,0.49089330434799194,-0.01534791849553585,0.44959527254104614,0.4885345995426178,-0.01141076534986496
0.33767470717430115,0.5546560883522034,5.998951024821508e-08,0.3506065011024475,0.5082352757453918,0.01888638734817505,0.3672601282596588,0.4747711718082428,0.023944489657878876,0.38197293877601624,0.4613727033138275,0.024331578984856606,0.39346814155578613,0.4601439833641052,0.02367669716477394,0.375517874956131,0.44900116324424744,0.00880457740277052,0.41115739941596985,0.42614951729774475,0.006106054410338402,0.42935001850128174,0.44030770659446716,0.0058649517595767975,0.43928319215774536,0.4567696750164032,0.0067900423891842365,0.38211119174957275,0.4561283588409424,-0.003423863323405385,0.42278409004211426,0.4261660575866699,-0.005144838243722916,0.43912702798843384,0.4465666711330414,-0.0034597227349877357,0.4457491338253021,0.4681437909603119,-0.0009794202633202076,0.3886617422103882,0.4765911400318146,-0.014101514592766762,0.4259132742881775,0.46118706464767456,-0.013901010155677795,0.44050633907318115,0.4794871211051941,-0.009297099895775318,0.4470299482345581,0.493588387966156,-0.005689575336873531,0.39448684453964233,0.5046359896659851,-0.023391420021653175,0.4241308569908142,0.4885154366493225,-0.02141016349196434,0.4402000606060028,0.4875200092792511,-0.01634751446545124,0.4515576958656311,0.4859342575073242,-0.012238086201250553
0.33903056383132935,0.5477372407913208,5.8693348847782545e-08,0.3516760468482971,0.5016045570373535,0.017694933339953423,0.3683246374130249,0.4681628346443176,0.022806541994214058,0.3822648823261261,0.45631638169288635,0.02336699888110161,0.3921184539794922,0.4564549922943115,0.022918036207556725,0.3775814473628998,0.44073763489723206,0.010613638907670975,0.41278764605522156,0.4210309386253357,0.008152428083121777,0.43044933676719666,0.4356009364128113,0.007406133692711592,0.43995025753974915,0.45296111702919006,0.00795325543731451,0.38449016213417053,0.4480603039264679,-0.0009829577757045627,0.42429766058921814,0.42014479637145996,-0.0030175233259797096,0.4402652978897095,0.4403150677680969,-0.002558154286816716,0.4474347233772278,0.46240365505218506,-0.0007549876463599503,0.39108139276504517,0.4684305489063263,-0.011317446827888489,0.42739713191986084,0.45758065581321716,-0.011374133639037609,0.4415702819824219,0.47573283314704895,-0.00866563431918621,0.44872888922691345,0.48880356550216675,-0.006239944137632847,0.396833598613739,0.4965878427028656,-0.020344246178865433,0.4257431924343109,0.48259055614471436,-0.01825801655650139,0.44207313656806946,0.4823060929775238,-0.014011447317898273,0.4543916881084442,0.48153772950172424,-0.01056920550763607
0.3390764594078064,0.5414355993270874,8.029248732555061e-08,0.3525836765766144,0.49604564905166626,0.016062002629041672,0.37060222029685974,0.4654074013233185,0.02015715464949608,0.3883920907974243,0.4579111635684967,0.01965429075062275,0.4039873480796814,0.46273380517959595,0.018400751054286957,0.3772778809070587,0.43628865480422974,0.010998244397342205,0.41215264797210693,0.416928768157959,0.007807192858308554,0.4297926127910614,0.430996835231781,0.006395642179995775,0.43987539410591125,0.44844409823417664,0.006721876561641693,0.3844466805458069,0.4436154365539551,-0.00012874932144768536,0.423029363155365,0.41337400674819946,-0.002516595646739006,0.4397560954093933,0.4315531849861145,-0.002738049952313304,0.448027640581131,0.4542419910430908,-0.0013054461451247334,0.39142662286758423,0.46384382247924805,-0.010310905985534191,0.4276081621646881,0.45395442843437195,-0.011268791742622852,0.44231489300727844,0.4719444215297699,-0.00955988746136427,0.4498896300792694,0.4857727289199829,-0.007395906839519739,0.3978267014026642,0.4915912449359894,-0.01932220160961151,0.4270375669002533,0.47819021344184875,-0.017120683565735817,0.4431678056716919,0.4795187711715698,-0.012806670740246773,0.45534151792526245,0.4805815517902374,-0.00917239673435688
0.33958032727241516,0.5393528938293457,1.0337594602560785e-07,0.3534536063671112,0.4922032654285431,0.016879267990589142,0.3721790611743927,0.4607940912246704,0.020608987659215927,0.3895527720451355,0.4527735114097595,0.01963350549340248,0.40556254982948303,0.4580807387828827,0.018279606476426125,0.37666675448417664,0.43354475498199463,0.00919889472424984,0.41028329730033875,0.4075048863887787,0.005576719529926777,0.4283877909183502,0.41925665736198425,0.005260247737169266,0.43935519456863403,0.43615853786468506,0.006615880411118269,0.3831973671913147,0.44080835580825806,-0.0025445246137678623,0.4205297529697418,0.4036194682121277,-0.005041970405727625,0.4378763735294342,0.420299232006073,-0.003217285266146064,0.44626712799072266,0.4433976709842682,9.452011727262288e-05,0.3898296654224396,0.4619857668876648,-0.013195053674280643,0.4248908758163452,0.4514310657978058,-0.014433493837714195,0.44032222032546997,0.46982380747795105,-0.01068482082337141,0.44814425706863403,0.4851799011230469,-0.006654906552284956,0.39666324853897095,0.49153438210487366,-0.02261688932776451,0.4261888861656189,0.4829588532447815,-0.019789237529039383,0.44095179438591003,0.490264356136322,-0.01376426499336958,0.45072072744369507,0.4968874752521515,-0.008501998148858547
0.33727794885635376,0.5368868112564087,1.0957977991665757e-07,0.35205742716789246,0.4905588626861572,0.014663711190223694,0.3723933696746826,0.46053487062454224,0.016897130757570267,0.3897659480571747,0.45258665084838867,0.014843527227640152,0.4055221974849701,0.4558478593826294,0.012416105717420578,0.3773404359817505,0.4332005977630615,0.0053080120123922825,0.41065216064453125,0.40413644909858704,-0.0004040327330585569,0.42929717898368835,0.41272780299186707,-0.0023750732652843,0.44152286648750305,0.4267083406448364,-0.0025538012851029634,0.3835904598236084,0.44273287057876587,-0.006388311740010977,0.419720321893692,0.40037989616394043,-0.011993897147476673,0.43869686126708984,0.41521337628364563,-0.012361515313386917,0.44885683059692383,0.437368243932724,-0.010737271048128605,0.3898147940635681,0.46549859642982483,-0.017028510570526123,0.4236934185028076,0.44487714767456055,-0.021102329716086388,0.4414857029914856,0.46487513184547424,-0.019063500687479973,0.4510817527770996,0.48195594549179077,-0.016244186088442802,0.39599478244781494,0.4962092339992523,-0.02656099945306778,0.424333781003952,0.48477938771247864,-0.026151195168495178,0.4379347860813141,0.4923539459705353,-0.021692587062716484,0.4467046558856964,0.4996066689491272,-0.017792919650673866
0.33610525727272034,0.5324622988700867,1.223808396844106e-07,0.35077059268951416,0.4846317172050476,0.014011211693286896,0.37187549471855164,0.4545591473579407,0.014659578911960125,0.39079707860946655,0.44718313217163086,0.011165057308971882,0.40725427865982056,0.45153212547302246,0.007208660710602999,0.37640926241874695,0.43080946803092957,-7.868857210269198e-05,0.41189002990722656,0.39933210611343384,-0.006991151254624128,0.43068546056747437,0.4085967540740967,-0.009500829502940178,0.4422127902507782,0.42364999651908875,-0.009886659681797028,0.38299742341041565,0.4421344995498657,-0.011742854490876198,0.42153793573379517,0.3984021246433258,-0.017019901424646378,0.4417198598384857,0.41278064250946045,-0.016991451382637024,0.4518103003501892,0.43418100476264954,-0.015778716653585434,0.3889312148094177,0.4661717712879181,-0.022051919251680374,0.42652687430381775,0.43825042247772217,-0.0256538987159729,0.44329705834388733,0.46179312467575073,-0.022620325908064842,0.4501028060913086,0.4833099842071533,-0.019794199615716934,0.39450761675834656,0.4981446862220764,-0.03130597993731499,0.42463117837905884,0.48499247431755066,-0.03144674748182297,0.43659400939941406,0.4954010546207428,-0.026843108236789703,0.4422173798084259,0.5060369968414307,-0.022998590022325516
0.33377036452293396,0.5220251679420471,1.4014547389251675e-07,0.3498486578464508,0.4749917984008789,0.012829234823584557,0.37260881066322327,0.4481501877307892,0.013371727429330349,0.39238035678863525,0.44344818592071533,0.010145754553377628,0.4093318581581116,0.4487137496471405,0.006474578753113747,0.3775511384010315,0.4256626069545746,-7.580867531942204e-05,0.4141477942466736,0.39552581310272217,-0.007051876280456781,0.4336903691291809,0.40707406401634216,-0.010223901830613613,0.445760577917099,0.42300939559936523,-0.01133741345256567,0.38411185145378113,0.4381309747695923,-0.010963727720081806,0.4222724437713623,0.394138902425766,-0.016376670449972153,0.44250449538230896,0.40909525752067566,-0.01745450496673584,0.4529047906398773,0.4310566484928131,-0.01728435419499874,0.38912150263786316,0.462049275636673,-0.02063261717557907,0.4262244403362274,0.4331768751144409,-0.024398233741521835,0.44406530261039734,0.4539823532104492,-0.02329680137336254,0.452663779258728,0.47388187050819397,-0.022291632369160652,0.3931686580181122,0.4937030076980591,-0.029353659600019455,0.42070430517196655,0.4881093204021454,-0.030643586069345474,0.4331776201725006,0.4990984797477722,-0.028279878199100494,0.44019854068756104,0.5091472864151001,-0.02632143534719944
0.3336851894855499,0.5088040828704834,1.6428569438176055e-07,0.350967139005661,0.46135419607162476,0.012776770628988743,0.37309885025024414,0.4329236149787903,0.013109634630382061,0.39269182085990906,0.4256707727909088,0.009904726408421993,0.4087314009666443,0.42900046706199646,0.006276117637753487,0.3769422769546509,0.41238561272621155,-0.0017278046580031514,0.4140275716781616,0.3874928057193756,-0.008468162268400192,0.43402400612831116,0.40001383423805237,-0.011310245841741562,0.44564080238342285,0.41693350672721863,-0.012163059785962105,0.38248586654663086,0.4260934591293335,-0.012526740320026875,0.4227403998374939,0.3875882625579834,-0.018009021878242493,0.44345641136169434,0.403086394071579,-0.01879427395761013,0.4538594186306,0.42458662390708923,-0.01847992278635502,0.3865743577480316,0.450304239988327,-0.021969787776470184,0.4249036908149719,0.4227236211299896,-0.02588375099003315,0.44282472133636475,0.44148963689804077,-0.024976510554552078,0.45160144567489624,0.460347056388855,-0.024272598326206207,0.39012661576271057,0.4825655221939087,-0.03038858436048031,0.41889193654060364,0.48082688450813293,-0.031806580722332,0.43117448687553406,0.4937085509300232,-0.029522325843572617,0.4376191794872284,0.506071925163269,-0.02772580459713936
0.3327041268348694,0.49835026264190674,1.7534040352984448e-07,0.35027971863746643,0.45191121101379395,0.0131839569658041,0.3714967370033264,0.4228941798210144,0.013709064573049545,0.3901881277561188,0.4135611653327942,0.010465704835951328,0.40561559796333313,0.41482818126678467,0.006819379050284624,0.37400078773498535,0.40285393595695496,-0.001149582676589489,0.4112154245376587,0.3776558041572571,-0.008578149601817131,0.4316796362400055,0.39262163639068604,-0.011930474080145359,0.443118155002594,0.41187548637390137,-0.013037827797234058,0.3801766037940979,0.4153072237968445,-0.01230741199105978,0.4191153645515442,0.37513720989227295,-0.018833577632904053,0.44086700677871704,0.39071813225746155,-0.020497316494584084,0.4516352117061615,0.413159042596817,-0.020552359521389008,0.38521936535835266,0.43859386444091797,-0.022232674062252045,0.4211210608482361,0.40855759382247925,-0.02734324336051941,0.4407535195350647,0.42485469579696655,-0.02861371822655201,0.45092013478279114,0.4427459239959717,-0.0292004756629467,0.38977134227752686,0.47039851546287537,-0.03104361519217491,0.4172597825527191,0.4728073179721832,-0.034107767045497894,0.4308053255081177,0.4872578978538513,-0.033901553601026535,0.43839550018310547,0.5012520551681519,-0.033413056284189224
0.3301352262496948,0.4934408366680145,1.6575968686538545e-07,0.34534013271331787,0.4462793469429016,0.015491005964577198,0.36647775769233704,0.4165637493133545,0.017176805064082146,0.38594216108322144,0.40631312131881714,0.014724851585924625,0.40233534574508667,0.4091111719608307,0.01167354453355074,0.37063097953796387,0.3970188498497009,0.0008276600856333971,0.40887293219566345,0.36894023418426514,-0.004906253889203072,0.42912670969963074,0.3843041658401489,-0.006709917914122343,0.44088709354400635,0.4035533666610718,-0.006906064227223396,0.3775724172592163,0.4083729386329651,-0.010882514528930187,0.4173297882080078,0.3681551516056061,-0.015570160001516342,0.4389408230781555,0.3839138150215149,-0.01588328927755356,0.44911471009254456,0.40703603625297546,-0.015351326204836369,0.38308486342430115,0.4305780827999115,-0.021167974919080734,0.41987112164497375,0.39924490451812744,-0.024718133732676506,0.4401572346687317,0.4141252040863037,-0.02539716847240925,0.45058804750442505,0.43153536319732666,-0.026067597791552544,0.38773176074028015,0.4609522223472595,-0.030163347721099854,0.4182344377040863,0.4633229374885559,-0.032682210206985474,0.43324387073516846,0.478895366191864,-0.03262321650981903,0.44166645407676697,0.4939986765384674,-0.03245300054550171
0.33213603496551514,0.4943546652793884,1.6727091178836417e-07,0.3471018671989441,0.44630691409111023,0.011015704832971096,0.3680650591850281,0.4141738712787628,0.010115831159055233,0.38790133595466614,0.4046136438846588,0.005898051895201206,0.4061104357242584,0.40833014249801636,0.001528399414382875,0.37098801136016846,0.3917423188686371,-0.0046583726070821285,0.4098365008831024,0.3662043511867523,-0.01348704844713211,0.428735613822937,0.3829171359539032,-0.016918128356337547,0.43846583366394043,0.4031776487827301,-0.017697077244520187,0.37610065937042236,0.40425243973731995,-0.015043475665152073,0.41793733835220337,0.36763983964920044,-0.022768264636397362,0.4385487139225006,0.3863586485385895,-0.023928731679916382,0.4474518299102783,0.4107271432876587,-0.023289553821086884,0.3806707262992859,0.4279232621192932,-0.02432042919099331,0.4200681746006012,0.4019678831100464,-0.030268637463450432,0.4393554925918579,0.42275047302246094,-0.029740557074546814,0.447955846786499,0.44260406494140625,-0.028601719066500664,0.38502663373947144,0.4594813585281372,-0.03265218809247017,0.41707926988601685,0.45858320593833923,-0.035714033991098404,0.4305335581302643,0.4742070734500885,-0.033920206129550934,0.4369182884693146,0.4885041117668152,-0.03193547576665878
0.33274784684181213,0.49921196699142456,1.4757976884993695e-07,0.3504672646522522,0.4542165994644165,0.011012719012796879,0.3719902038574219,0.4262980818748474,0.009597321040928364,0.3921426236629486,0.42239606380462646,0.0047112745232880116,0.4111712872982025,0.4296221137046814,-0.0002764606033451855,0.3739638924598694,0.39790424704551697,-0.004409972112625837,0.41542738676071167,0.38075923919677734,-0.01358515489846468,0.4348588287830353,0.3971026539802551,-0.01707613281905651,0.44519349932670593,0.41567370295524597,-0.017780285328626633,0.3781536817550659,0.4113508462905884,-0.015343472361564636,0.4221167266368866,0.3805665075778961,-0.024988384917378426,0.4417697489261627,0.40401625633239746,-0.026363560929894447,0.4494530260562897,0.4301234483718872,-0.0249994657933712,0.3827327489852905,0.4360876679420471,-0.02508356235921383,0.42233899235725403,0.4190537631511688,-0.032017629593610764,0.4395487308502197,0.4442879855632782,-0.030168162658810616,0.4453624486923218,0.464885413646698,-0.026959814131259918,0.38734039664268494,0.4677518904209137,-0.033848077058792114,0.4191887378692627,0.4584129750728607,-0.03479643911123276,0.4312469959259033,0.4721710681915283,-0.02998947910964489,0.43548181653022766,0.48599204421043396,-0.025599781423807144
0.33385881781578064,0.5118981599807739,1.043815132106829e-07,0.3525840640068054,0.4704969823360443,0.013757962733507156,0.37471213936805725,0.44091111421585083,0.014225983060896397,0.3947620987892151,0.4351730942726135,0.010218911804258823,0.4130614101886749,0.4391411244869232,0.005579478107392788,0.37593626976013184,0.4058014452457428,0.0015117585426196456,0.41807979345321655,0.3983950912952423,-0.006064320914447308,0.43775269389152527,0.4183349311351776,-0.00967775285243988,0.4485282301902771,0.43797528743743896,-0.01083215232938528,0.37914618849754333,0.41767582297325134,-0.010731679387390614,0.42539432644844055,0.40097546577453613,-0.01781083084642887,0.44393882155418396,0.42983800172805786,-0.019754910841584206,0.45047563314437866,0.45725947618484497,-0.01976499892771244,0.38345223665237427,0.44088083505630493,-0.021829048171639442,0.4247642159461975,0.42869868874549866,-0.02683074213564396,0.441924512386322,0.45947977900505066,-0.02604616805911064,0.4473145604133606,0.48442521691322327,-0.024413680657744408,0.3885866701602936,0.47030550241470337,-0.031831756234169006,0.4209757149219513,0.4540388882160187,-0.032621413469314575,0.4333358108997345,0.4707551598548889,-0.028776656836271286,0.4377407729625702,0.4884292483329773,-0.025480465963482857
0.33328673243522644,0.5152972936630249,9.407287393514707e-08,0.355563223361969,0.4822176396846771,0.016049178317189217,0.37756118178367615,0.4545324742794037,0.01907009817659855,0.39788874983787537,0.4487255811691284,0.016859766095876694,0.41444405913352966,0.4506748914718628,0.013803615234792233,0.37570732831954956,0.4133264422416687,0.009667838923633099,0.4162704050540924,0.4083298146724701,0.005034751258790493,0.43631118535995483,0.42739298939704895,0.0018200112972408533,0.4480583667755127,0.44545647501945496,0.0002983186859637499,0.37917327880859375,0.42190873622894287,-0.0031608636491000652,0.42431557178497314,0.40847334265708923,-0.007700328249484301,0.4436160624027252,0.4357609450817108,-0.010165826417505741,0.4509246349334717,0.4617496132850647,-0.011011173948645592,0.38369619846343994,0.4418533444404602,-0.014982943423092365,0.42499592900276184,0.42851415276527405,-0.018214810639619827,0.4420989453792572,0.4587095379829407,-0.018156979233026505,0.4470936954021454,0.48339495062828064,-0.017426716163754463,0.3893224000930786,0.4689544439315796,-0.025653282180428505,0.4216947555541992,0.4517498314380646,-0.025665482506155968,0.43278026580810547,0.4685554802417755,-0.02218662016093731,0.4358564615249634,0.48673444986343384,-0.019436359405517578
0.3331950902938843,0.514590859413147,1.1641682107210727e-07,0.35474297404289246,0.48547467589378357,0.015364398248493671,0.3766259253025055,0.4569799304008484,0.01888761669397354,0.39755621552467346,0.4490588307380676,0.017473436892032623,0.41331446170806885,0.4507565200328827,0.015383326448500156,0.37478628754615784,0.41361406445503235,0.010019824840128422,0.4157674312591553,0.4111625850200653,0.005914359353482723,0.43655115365982056,0.4315921366214752,0.0026397774927318096,0.44952431321144104,0.44900810718536377,0.0007583796395920217,0.3782566785812378,0.4210444688796997,-0.0019680142868310213,0.4229417145252228,0.41297879815101624,-0.005659086164087057,0.44335001707077026,0.43849611282348633,-0.008134563453495502,0.4527072310447693,0.4618365466594696,-0.009603913873434067,0.38301652669906616,0.4395102262496948,-0.013092639856040478,0.42361241579055786,0.42917218804359436,-0.0161361675709486,0.44085580110549927,0.4589637517929077,-0.01651635207235813,0.44705647230148315,0.48389965295791626,-0.016412679105997086,0.38960155844688416,0.46511897444725037,-0.023184966295957565,0.4209955334663391,0.45164287090301514,-0.023659735918045044,0.4322720468044281,0.46870431303977966,-0.021096322685480118,0.4366810917854309,0.48676249384880066,-0.01914055459201336
0.3334927260875702,0.5081941485404968,1.0744463452283526e-07,0.35045185685157776,0.4743644893169403,0.01961214654147625,0.3713701069355011,0.4469454288482666,0.02484038472175598,0.38999345898628235,0.4405326247215271,0.024355018511414528,0.4042545557022095,0.4433821141719818,0.022845428436994553,0.3735189139842987,0.4083302915096283,0.014882968738675117,0.4131653606891632,0.407821923494339,0.013491534627974033,0.4326067268848419,0.42989638447761536,0.012161078862845898,0.4450177848339081,0.4491826295852661,0.011362743563950062,0.37818002700805664,0.41366928815841675,0.000998645438812673,0.4219062626361847,0.40475529432296753,-0.00018767145229503512,0.4421190917491913,0.43082404136657715,-0.0005898314993828535,0.451396107673645,0.4545241892337799,-0.0007658934337086976,0.3833746612071991,0.4308892786502838,-0.011797051876783371,0.4240565299987793,0.415546178817749,-0.01276895496994257,0.4427497088909149,0.44553497433662415,-0.011392740532755852,0.4498152434825897,0.4712475538253784,-0.010401999577879906,0.39002740383148193,0.45625895261764526,-0.023324575275182724,0.42208102345466614,0.43916016817092896,-0.022261811420321465,0.43485987186431885,0.45638999342918396,-0.018422631546854973,0.439459890127182,0.4754142761230469,-0.015746479853987694
0.33146730065345764,0.5017563104629517,5.4316856790137535e-08,0.35143065452575684,0.4643385410308838,0.02431957982480526,0.37231141328811646,0.43666499853134155,0.03137288615107536,0.3900768458843231,0.43037495017051697,0.03166235238313675,0.40483012795448303,0.43372228741645813,0.030616188421845436,0.3731048107147217,0.40206220746040344,0.01946796476840973,0.41263964772224426,0.40106669068336487,0.019662074744701385,0.4301944971084595,0.4245549440383911,0.019398149102926254,0.4409993588924408,0.44459307193756104,0.01921151578426361,0.37746334075927734,0.4079973101615906,0.003255831077694893,0.4214989244937897,0.4007667601108551,0.002901359461247921,0.43989333510398865,0.4303710162639618,0.002625684719532728,0.4461851418018341,0.45700129866600037,0.0027855467051267624,0.3825371265411377,0.42616716027259827,-0.01145853754132986,0.4228304922580719,0.4078526794910431,-0.010985960252583027,0.44182518124580383,0.4370880424976349,-0.008910040371119976,0.44849511981010437,0.46234381198883057,-0.00762743828818202,0.38935765624046326,0.45216915011405945,-0.024532804265618324,0.4203188121318817,0.42876631021499634,-0.022537043318152428,0.4337814152240753,0.43914857506752014,-0.01833534613251686,0.43935713171958923,0.452736496925354,-0.015526515431702137
0.33079198002815247,0.5020631551742554,2.3695228890119324e-08,0.35454386472702026,0.4665282368659973,0.026173142716288567,0.375754714012146,0.4377872049808502,0.03433084860444069,0.3930990695953369,0.42978519201278687,0.034739166498184204,0.4073759913444519,0.43205881118774414,0.03348280116915703,0.3746126890182495,0.3996219336986542,0.024838637560606003,0.4130527973175049,0.4003954529762268,0.02613353542983532,0.43030378222465515,0.42454269528388977,0.026095859706401825,0.4416744112968445,0.4450904130935669,0.025836097076535225,0.3781967759132385,0.40483230352401733,0.006985905114561319,0.4211622476577759,0.4040195643901825,0.006566531956195831,0.43747806549072266,0.43841415643692017,0.004963106010109186,0.44250208139419556,0.4680582880973816,0.004488845821470022,0.38314682245254517,0.4220188558101654,-0.00946884322911501,0.42266714572906494,0.40990307927131653,-0.009272655472159386,0.439717561006546,0.44445717334747314,-0.008378790691494942,0.4455868601799011,0.4725050926208496,-0.007694529369473457,0.39015457034111023,0.4463600814342499,-0.024238040670752525,0.4206847548484802,0.42431628704071045,-0.022783437743782997,0.4352032542228699,0.43434208631515503,-0.019565396010875702,0.44209885597229004,0.4476269781589508,-0.01747744157910347
0.3310340642929077,0.5044096112251282,-4.986879531543309e-08,0.352794885635376,0.4639570713043213,0.02759365364909172,0.37220361828804016,0.4383452236652374,0.03770599514245987,0.38740816712379456,0.43008604645729065,0.03957587480545044,0.4004306495189667,0.43202218413352966,0.03948536142706871,0.37483924627304077,0.4031783640384674,0.03257247805595398,0.4083203673362732,0.4104110896587372,0.035979148000478745,0.4230227768421173,0.43608200550079346,0.036354999989271164,0.4321354627609253,0.45880964398384094,0.03649301826953888,0.3801482915878296,0.406630277633667,0.01499904878437519,0.41883280873298645,0.4184492230415344,0.016833476722240448,0.4324943721294403,0.4525292217731476,0.014635873027145863,0.4367484450340271,0.4820628762245178,0.013742738403379917,0.3857158124446869,0.4212948977947235,-0.0014006622368469834,0.4211753308773041,0.4204961955547333,0.0005009204614907503,0.4364410638809204,0.4558361768722534,0.0003974448482040316,0.44211849570274353,0.4841555655002594,0.0005728802643716335,0.39187222719192505,0.44231176376342773,-0.016122814267873764,0.41880562901496887,0.4165447950363159,-0.013630934059619904,0.43300238251686096,0.42409199476242065,-0.010673115029931068,0.44068795442581177,0.4389938712120056,-0.008612633682787418
0.3394501805305481,0.5012748837471008,-3.8131368285121425e-08,0.35645148158073425,0.46372899413108826,0.024895599111914635,0.3739917278289795,0.4375626742839813,0.03409934788942337,0.38737553358078003,0.42911574244499207,0.035680171102285385,0.4001074433326721,0.4279094934463501,0.03573530167341232,0.3756886124610901,0.40649694204330444,0.028568891808390617,0.4076550006866455,0.413070946931839,0.03078671544790268,0.42094287276268005,0.438629150390625,0.031071554869413376,0.4284123480319977,0.4631037712097168,0.031506799161434174,0.3812316656112671,0.4078355133533478,0.012563285417854786,0.4178773760795593,0.4171043336391449,0.012581308372318745,0.43115606904029846,0.45280012488365173,0.010730724781751633,0.4347465932369232,0.4833834171295166,0.010625396855175495,0.38787028193473816,0.4196605384349823,-0.002405297476798296,0.4204166531562805,0.4112685024738312,-0.0023720802273601294,0.43452373147010803,0.4485245645046234,-0.001908621983602643,0.43886005878448486,0.4782719016075134,-0.0007527816924266517,0.3954279124736786,0.43742215633392334,-0.015859292820096016,0.4198872447013855,0.4078120291233063,-0.01548004150390625,0.4322383999824524,0.4205435514450073,-0.012898774817585945,0.4373164772987366,0.4402754604816437,-0.010494963265955448
0.3403673470020294,0.5020614266395569,-6.06183192530807e-08,0.3573794960975647,0.4658311903476715,0.022695882245898247,0.3736042380332947,0.44013747572898865,0.029570091515779495,0.38661515712738037,0.4322514235973358,0.029407933354377747,0.39822107553482056,0.43217775225639343,0.027694735676050186,0.3776106536388397,0.40715861320495605,0.022612199187278748,0.41033634543418884,0.41525977849960327,0.022202622145414352,0.4242345988750458,0.44021570682525635,0.020986268296837807,0.430940181016922,0.46518474817276,0.02071736566722393,0.3820761740207672,0.4090755581855774,0.007049389183521271,0.41887742280960083,0.4162125289440155,0.0054551889188587666,0.4327920079231262,0.4498520791530609,0.0035535111092031,0.435933381319046,0.47949904203414917,0.0033595815766602755,0.3876818120479584,0.4217377007007599,-0.007496305275708437,0.4211411774158478,0.41159477829933167,-0.008650491945445538,0.43597668409347534,0.44677507877349854,-0.007870239205658436,0.4401089549064636,0.4750951826572418,-0.006401902996003628,0.3941730260848999,0.4409802556037903,-0.020663630217313766,0.4190692603588104,0.40912991762161255,-0.021946368739008904,0.4321316182613373,0.4190051853656769,-0.01996198296546936,0.43776172399520874,0.43590641021728516,-0.017724473029375076
0.3419901132583618,0.5012331008911133,-7.317304095977306e-08,0.3588573932647705,0.46387413144111633,0.02226504497230053,0.3748205900192261,0.43775999546051025,0.02911851555109024,0.3877949118614197,0.4302215874195099,0.029491212218999863,0.39967775344848633,0.4292910695075989,0.028067752718925476,0.38157740235328674,0.4095858633518219,0.018854623660445213,0.41213324666023254,0.4087245464324951,0.01847589761018753,0.4256035089492798,0.4301946759223938,0.01825585402548313,0.4321860074996948,0.4520147740840912,0.018505791202187538,0.3855818212032318,0.41296452283859253,0.003796536009758711,0.4218948185443878,0.4141521453857422,0.002337080193683505,0.43519699573516846,0.44346582889556885,0.001570030814036727,0.4374632239341736,0.4693106412887573,0.0019748355261981487,0.38983696699142456,0.4260958135128021,-0.010072913952171803,0.42345139384269714,0.41166332364082336,-0.010978690348565578,0.43822920322418213,0.4418018162250519,-0.009314974769949913,0.44203659892082214,0.4663817882537842,-0.00762177724391222,0.39453697204589844,0.4451717436313629,-0.022504590451717377,0.41809409856796265,0.410756379365921,-0.025069111958146095,0.43084150552749634,0.41590118408203125,-0.0238678976893425,0.4363992214202881,0.4286338984966278,-0.02214673161506653
0.34536173939704895,0.4987134337425232,-2.5435424433339904e-08,0.3622998595237732,0.4654027819633484,0.022214414551854134,0.3800675868988037,0.43943092226982117,0.028670659288764,0.39442598819732666,0.4318400025367737,0.02835102751851082,0.40778014063835144,0.4323684275150299,0.026809273287653923,0.3835030794143677,0.40746158361434937,0.01949825882911682,0.417309433221817,0.40909844636917114,0.01843312382698059,0.4305233359336853,0.4353185296058655,0.017231618985533714,0.43755537271499634,0.459450364112854,0.01680188998579979,0.3864976167678833,0.40893790125846863,0.004138703923672438,0.424960196018219,0.4066086709499359,0.0013337562559172511,0.4390113949775696,0.4412711560726166,-7.94106163084507e-05,0.44190654158592224,0.47086623311042786,9.372264321427792e-05,0.39155980944633484,0.4205115735530853,-0.010136366821825504,0.4264265298843384,0.401800274848938,-0.012132320553064346,0.44104862213134766,0.43695056438446045,-0.010797734372317791,0.4443186819553375,0.465984582901001,-0.008977450430393219,0.39866504073143005,0.4382418394088745,-0.023004446178674698,0.4253461956977844,0.4081200659275055,-0.024258928373456,0.4368560016155243,0.42451149225234985,-0.02177811972796917,0.4395392835140228,0.4453367590904236,-0.01932610012590885
0.34353989362716675,0.49806344509124756,-8.660676087401953e-08,0.3654298782348633,0.47653958201408386,0.023229416459798813,0.38434216380119324,0.45051607489585876,0.030576955527067184,0.4003821611404419,0.4433450996875763,0.031194336712360382,0.41254907846450806,0.4424974322319031,0.0306911189109087,0.38429293036460876,0.40488797426223755,0.019153118133544922,0.4209681451320648,0.4029673635959625,0.017079709097743034,0.43257126212120056,0.43279075622558594,0.015143586322665215,0.4359835386276245,0.4589940309524536,0.014588025398552418,0.3860081732273102,0.4056042432785034,0.00346013274975121,0.4273751676082611,0.39859092235565186,0.000558794941753149,0.4404003918170929,0.43654459714889526,-0.001144124660640955,0.4408245086669922,0.4673159122467041,-0.001176619902253151,0.3900192677974701,0.41826382279396057,-0.011083466932177544,0.4280736446380615,0.39436784386634827,-0.01307938527315855,0.44311484694480896,0.4317188262939453,-0.012428264133632183,0.4452230930328369,0.46273377537727356,-0.011218028143048286,0.3968478739261627,0.43846485018730164,-0.023995226249098778,0.42520904541015625,0.40688857436180115,-0.025974230840802193,0.43760332465171814,0.42180681228637695,-0.024685321375727654,0.4409743547439575,0.4409174919128418,-0.023205112665891647
0.3392482399940491,0.4966632127761841,-5.767784472254789e-08,0.3597029149532318,0.46998608112335205,0.023858869448304176,0.3798805773258209,0.4423592686653137,0.03108723647892475,0.3963778018951416,0.4362749755382538,0.03126303479075432,0.4081634283065796,0.4356808364391327,0.03022860176861286,0.38299643993377686,0.40021002292633057,0.020070575177669525,0.42049673199653625,0.39433228969573975,0.018626103177666664,0.43400144577026367,0.4224621653556824,0.016985146328806877,0.4387539327144623,0.4482545852661133,0.0165609922260046,0.3852163851261139,0.40209534764289856,0.004170318134129047,0.4274188280105591,0.3922247886657715,0.0024792985059320927,0.4410679340362549,0.4294901192188263,0.001128076808527112,0.4415626525878906,0.4601779580116272,0.0010709590278565884,0.38915759325027466,0.4156993329524994,-0.010477975010871887,0.4280582070350647,0.3904436528682709,-0.010898493230342865,0.44321367144584656,0.4274212419986725,-0.00965474545955658,0.44501426815986633,0.45816048979759216,-0.008384748362004757,0.39530321955680847,0.4366653859615326,-0.02356395311653614,0.4254913330078125,0.40637367963790894,-0.023271478712558746,0.4380432963371277,0.42351439595222473,-0.020579921081662178,0.4407874643802643,0.44474396109580994,-0.018433110788464546
0.3387677073478699,0.49996548891067505,-3.367629375361503e-08,0.35877174139022827,0.471012681722641,0.02090686559677124,0.37856367230415344,0.441893607378006,0.02639094367623329,0.3956857919692993,0.4349341094493866,0.02533136121928692,0.40836456418037415,0.43452075123786926,0.0233527310192585,0.38125136494636536,0.40042805671691895,0.016325755044817924,0.4201892614364624,0.3929431140422821,0.013272400014102459,0.4341067969799042,0.42297789454460144,0.010548978112637997,0.43878263235092163,0.4499305486679077,0.009576098993420601,0.38387054204940796,0.40180832147598267,0.0017395191825926304,0.4271721839904785,0.3900671601295471,-0.0004962868988513947,0.4415866732597351,0.4273774325847626,-0.002230970188975334,0.44295722246170044,0.4580656886100769,-0.002686937339603901,0.38838544487953186,0.41607341170310974,-0.011748215183615685,0.42773130536079407,0.38814762234687805,-0.01200708094984293,0.4431278109550476,0.4239179491996765,-0.01082887314260006,0.44555771350860596,0.45405158400535583,-0.009934607893228531,0.39505743980407715,0.43878835439682007,-0.02397959865629673,0.4254634380340576,0.4091551601886749,-0.022876398637890816,0.43738701939582825,0.4258263409137726,-0.019586630165576935,0.44008249044418335,0.4468974173069,-0.017233354970812798
0.3366015553474426,0.5021448135375977,5.0565818199288515e-09,0.35598716139793396,0.46706709265708923,0.018627896904945374,0.37603893876075745,0.43788397312164307,0.022964175790548325,0.39420953392982483,0.43206605315208435,0.02136162668466568,0.40733447670936584,0.4322167634963989,0.018847331404685974,0.3780255615711212,0.4010043144226074,0.014858454465866089,0.4165406823158264,0.39272528886795044,0.011894665658473969,0.4325515627861023,0.4178004860877991,0.009010798297822475,0.43921810388565063,0.4415670931339264,0.0077856844291090965,0.3819088935852051,0.40432706475257874,0.0015490091172978282,0.4242401719093323,0.38971033692359924,-1.693783633527346e-05,0.4405921399593353,0.4196484088897705,-0.001792148337699473,0.444221556186676,0.44701772928237915,-0.0024815478827804327,0.38721615076065063,0.4199877679347992,-0.010750127956271172,0.42571061849594116,0.3921492099761963,-0.010572684928774834,0.4418000876903534,0.42126837372779846,-0.009436110965907574,0.44536319375038147,0.4474165439605713,-0.008608311414718628,0.39439913630485535,0.4441884756088257,-0.02194923721253872,0.42397916316986084,0.41507789492607117,-0.020047467201948166,0.43578192591667175,0.4299158453941345,-0.016005203127861023,0.43889984488487244,0.4493434429168701,-0.013059879653155804
0.33365124464035034,0.5101697444915771,1.5360152261223448e-08,0.35242921113967896,0.47154873609542847,0.018645266070961952,0.3725195527076721,0.44081223011016846,0.02311404049396515,0.3897356688976288,0.432960569858551,0.02157093770802021,0.4037715196609497,0.4319213628768921,0.01905236393213272,0.3747725188732147,0.4078364670276642,0.015479221940040588,0.4135760962963104,0.40065985918045044,0.012209078297019005,0.43088439106941223,0.42268308997154236,0.009460382163524628,0.43907248973846436,0.44428378343582153,0.008397781290113926,0.3790949285030365,0.41148242354393005,0.0017576564569026232,0.4222702085971832,0.3967585265636444,-0.0009678216883912683,0.4395425617694855,0.42503711581230164,-0.0031058730091899633,0.44426047801971436,0.4521040618419647,-0.0035850652493536472,0.38482028245925903,0.42713481187820435,-0.011073476634919643,0.42358747124671936,0.39998432993888855,-0.012364757247269154,0.44076114892959595,0.4279845356941223,-0.01175243966281414,0.4459032714366913,0.45394203066825867,-0.010678580030798912,0.39233916997909546,0.4516739547252655,-0.022778376936912537,0.42215800285339355,0.42176786065101624,-0.0222325436770916,0.4356994032859802,0.43530404567718506,-0.018946491181850433,0.4406764507293701,0.45384639501571655,-0.01615995727479458
0.3328615725040436,0.5179792046546936,3.7250284634637865e-08,0.3490956425666809,0.4791518449783325,0.016337823122739792,0.3677641451358795,0.4486100375652313,0.019702516496181488,0.3839268982410431,0.43962007761001587,0.01750742457807064,0.3984184265136719,0.4365985095500946,0.014752286486327648,0.37089139223098755,0.41539397835731506,0.013399609364569187,0.407615065574646,0.3969837427139282,0.008902838453650475,0.42538920044898987,0.4188542068004608,0.005468455143272877,0.43488529324531555,0.4415391683578491,0.003921260125935078,0.37514057755470276,0.4188465178012848,0.0005515115335583687,0.4153645634651184,0.39455413818359375,-0.0036935913376510143,0.4345817267894745,0.4212695360183716,-0.006519604008644819,0.4424312114715576,0.4483247697353363,-0.007459134329110384,0.38084539771080017,0.4330807328224182,-0.011689698323607445,0.4159703850746155,0.39808619022369385,-0.014085259288549423,0.4356239140033722,0.4226744472980499,-0.01402096264064312,0.44447529315948486,0.44867151975631714,-0.01343597937375307,0.38876503705978394,0.4558260142803192,-0.023080574348568916,0.4153081178665161,0.4227600395679474,-0.02333841286599636,0.4297451376914978,0.43339258432388306,-0.020730141550302505,0.4371298849582672,0.45114442706108093,-0.018494153395295143
0.3306778073310852,0.5186335444450378,3.304873263942909e-09,0.3481082618236542,0.4814128875732422,0.020002570003271103,0.3664533197879791,0.4499685764312744,0.026094580069184303,0.3812711536884308,0.43894705176353455,0.02580108866095543,0.3944462835788727,0.43347227573394775,0.024755412712693214,0.369372695684433,0.41774967312812805,0.0208873450756073,0.4043889343738556,0.39791932702064514,0.018459102138876915,0.42181041836738586,0.4183214008808136,0.01591460593044758,0.4306926727294922,0.44060325622558594,0.01488992478698492,0.37373337149620056,0.4210380017757416,0.006858084350824356,0.4121263325214386,0.3947218656539917,0.004074103198945522,0.430735319852829,0.42044246196746826,0.0011030674213543534,0.4372224807739258,0.44775038957595825,0.00010619129898259416,0.3794790208339691,0.43363311886787415,-0.0065645379945635796,0.4130065441131592,0.39789706468582153,-0.008165337145328522,0.4323994219303131,0.4218456745147705,-0.008556912653148174,0.44040125608444214,0.4479296803474426,-0.008185138925909996,0.38762128353118896,0.4545079171657562,-0.018831832334399223,0.4131001830101013,0.42083510756492615,-0.018748881295323372,0.4276837706565857,0.43042367696762085,-0.016576597467064857,0.4345521628856659,0.44771331548690796,-0.014684668742120266
0.33202242851257324,0.5222955942153931,-7.438792692937568e-09,0.3498774766921997,0.48548173904418945,0.022653630003333092,0.3681209087371826,0.45294585824012756,0.029103001579642296,0.382731169462204,0.4396403133869171,0.02868206799030304,0.39511534571647644,0.43389004468917847,0.027281077578663826,0.37109142541885376,0.4165048897266388,0.020794754847884178,0.4075597822666168,0.40381956100463867,0.01937347650527954,0.42450568079948425,0.4245966970920563,0.017807573080062866,0.4328749477863312,0.44587820768356323,0.0173630453646183,0.374367892742157,0.4197086989879608,0.005165784154087305,0.4152092933654785,0.4006163775920868,0.0035345847718417645,0.43257641792297363,0.42793533205986023,0.002039555925875902,0.4375312626361847,0.4548821449279785,0.001896565081551671,0.37971949577331543,0.4337482154369354,-0.009455942548811436,0.4164901077747345,0.4025474488735199,-0.009550959803164005,0.43383994698524475,0.4294317066669464,-0.008097901940345764,0.4394156038761139,0.45548000931739807,-0.00676246453076601,0.38783472776412964,0.45590323209762573,-0.022717254236340523,0.4157736003398895,0.4233497381210327,-0.02113334834575653,0.4299268126487732,0.43442627787590027,-0.017445283010601997,0.43563926219940186,0.4520242214202881,-0.014642249792814255
0.32960274815559387,0.5216848254203796,-3.682248816971878e-08,0.349970281124115,0.4888182580471039,0.025914009660482407,0.3686577081680298,0.45755884051322937,0.0338052436709404,0.38415783643722534,0.4474872946739197,0.03442918136715889,0.3964650630950928,0.4441535174846649,0.033798448741436005,0.37123817205429077,0.4178512394428253,0.021579764783382416,0.40822356939315796,0.40479812026023865,0.020734917372465134,0.42476725578308105,0.4273685812950134,0.01931953988969326,0.43274831771850586,0.45027264952659607,0.01888146810233593,0.3738304674625397,0.4208548367023468,0.004871174227446318,0.41600048542022705,0.40223225951194763,0.004524101968854666,0.4331338703632355,0.43075641989707947,0.003557654330506921,0.43760862946510315,0.45823463797569275,0.003343010786920786,0.3786599934101105,0.4350481629371643,-0.010364791378378868,0.416845440864563,0.403205543756485,-0.008814209140837193,0.4343841075897217,0.4306212365627289,-0.006784309167414904,0.4396633803844452,0.45735621452331543,-0.005662425421178341,0.38640034198760986,0.4570698142051697,-0.023974420502781868,0.414802610874176,0.4232123792171478,-0.021582921966910362,0.428689181804657,0.4345073699951172,-0.017648978158831596,0.4341716468334198,0.45269373059272766,-0.014963382855057716
0.3299417197704315,0.5224905610084534,-6.017579767814141e-09,0.34864819049835205,0.48553451895713806,0.023662973195314407,0.36719852685928345,0.45472490787506104,0.02992517314851284,0.3826078474521637,0.44476813077926636,0.02924276515841484,0.39534130692481995,0.44087570905685425,0.027432387694716454,0.37093985080718994,0.4177258014678955,0.017976872622966766,0.4087699055671692,0.40440288186073303,0.015577293001115322,0.42540180683135986,0.4278135895729065,0.013567687012255192,0.4338797330856323,0.4512105882167816,0.012900839559733868,0.37354180216789246,0.4210822582244873,0.0018568455707281828,0.4160389304161072,0.4008123576641083,-0.0002896309015341103,0.434234619140625,0.4290209114551544,-0.0014384046662598848,0.4399946331977844,0.45646536350250244,-0.0015016881516203284,0.37825721502304077,0.4352172911167145,-0.012960532680153847,0.41674143075942993,0.4012252688407898,-0.012918883003294468,0.4350072145462036,0.42905038595199585,-0.010844273492693901,0.4410206079483032,0.45641466975212097,-0.009339693002402782,0.3858480453491211,0.4573081433773041,-0.02633732184767723,0.41457855701446533,0.42188358306884766,-0.02513800747692585,0.42899179458618164,0.4336284399032593,-0.02140790969133377,0.4350300431251526,0.4525395333766937,-0.018557069823145866
0.33047235012054443,0.5219525098800659,2.6886485926524983e-08,0.348431795835495,0.48287180066108704,0.020833052694797516,0.3677731156349182,0.45226114988327026,0.025650279596447945,0.3834612965583801,0.44248276948928833,0.02415604330599308,0.396452933549881,0.43834713101387024,0.021572621539235115,0.3720071315765381,0.4199616611003876,0.013781278394162655,0.41010117530822754,0.40607303380966187,0.01008299458771944,0.4287126064300537,0.4274402856826782,0.007829445414245129,0.4392201006412506,0.4496615529060364,0.007229869719594717,0.3746733069419861,0.42368900775909424,-0.0011919410899281502,0.4179008901119232,0.40322691202163696,-0.005170756485313177,0.4379212260246277,0.4291066527366638,-0.00647618668153882,0.44512343406677246,0.455831378698349,-0.006128969136625528,0.3791615962982178,0.43813133239746094,-0.01495411153882742,0.418120801448822,0.40402573347091675,-0.016650153324007988,0.4380214810371399,0.4287118911743164,-0.014612418599426746,0.4456191062927246,0.4543476998806,-0.012480060569941998,0.3860511779785156,0.46138542890548706,-0.027414999902248383,0.41554397344589233,0.42539358139038086,-0.026975426822900772,0.4306536614894867,0.4350365996360779,-0.022862395271658897,0.4371500313282013,0.453115850687027,-0.019307099282741547
0.3327232897281647,0.5211976170539856,4.867179370648955e-08,0.35124313831329346,0.481815367937088,0.020618878304958344,0.37029075622558594,0.45220521092414856,0.025239791721105576,0.3860090374946594,0.44386154413223267,0.0237497016787529,0.3987490236759186,0.4400027394294739,0.021155521273612976,0.3743254542350769,0.4224661588668823,0.013657279312610626,0.411965012550354,0.40999743342399597,0.01056995801627636,0.4306548535823822,0.42748844623565674,0.008761055767536163,0.4412839710712433,0.4464925229549408,0.008252418600022793,0.3766888380050659,0.4270894527435303,-0.0012079145526513457,0.4194262623786926,0.406171977519989,-0.004639024380594492,0.43984556198120117,0.4276161789894104,-0.005674523767083883,0.44803544878959656,0.45078444480895996,-0.005481289234012365,0.38085371255874634,0.4418927729129791,-0.014913844875991344,0.4200354516506195,0.4077390730381012,-0.01642714813351631,0.43971019983291626,0.42950186133384705,-0.014797244220972061,0.44770893454551697,0.4525150656700134,-0.013287601992487907,0.38757601380348206,0.46524903178215027,-0.027263185009360313,0.4174431562423706,0.43121179938316345,-0.026776373386383057,0.4317737817764282,0.4391944110393524,-0.023026496171951294,0.4378039538860321,0.45458537340164185,-0.0200368482619524
0.3336963355541229,0.520316481590271,8.667747408708237e-08,0.3522392511367798,0.48174935579299927,0.016805952414870262,0.37134695053100586,0.45142877101898193,0.019801078364253044,0.38807716965675354,0.4424856901168823,0.017492296174168587,0.40228331089019775,0.4400215148925781,0.014355383813381195,0.3744001090526581,0.4221152067184448,0.010255919769406319,0.41322845220565796,0.4105198085308075,0.006249620579183102,0.43217796087265015,0.42741701006889343,0.0037970375269651413,0.44278261065483093,0.44438257813453674,0.0028530010022222996,0.3773173689842224,0.42817774415016174,-0.00279769254848361,0.42050591111183167,0.4086172580718994,-0.00676330178976059,0.4412368834018707,0.42909175157546997,-0.00827154889702797,0.4501935839653015,0.45040953159332275,-0.00845014862716198,0.3819076418876648,0.44473257660865784,-0.014937091618776321,0.42167192697525024,0.41325822472572327,-0.017078015953302383,0.44138410687446594,0.4348544180393219,-0.01574922911822796,0.44981706142425537,0.45662569999694824,-0.01441237609833479,0.3886830806732178,0.47035643458366394,-0.025996558368206024,0.41899213194847107,0.4398133158683777,-0.025598963722586632,0.43243658542633057,0.4485991895198822,-0.02164730615913868,0.4379845857620239,0.46315091848373413,-0.018521029502153397
0.33158689737319946,0.5149973630905151,9.9372620354643e-08,0.35011905431747437,0.47697514295578003,0.01599469967186451,0.37024396657943726,0.44753625988960266,0.019811831414699554,0.3874414563179016,0.44097989797592163,0.01847420074045658,0.40110182762145996,0.44073057174682617,0.016356289386749268,0.3737920820713043,0.4190167784690857,0.012946252711117268,0.4121743440628052,0.409994512796402,0.009675813838839531,0.43157127499580383,0.42660167813301086,0.007089151535183191,0.4425336420536041,0.44318655133247375,0.00586854200810194,0.3781219720840454,0.4251880943775177,0.0008069097530096769,0.4203585386276245,0.4072054624557495,-0.0021815067157149315,0.4408279061317444,0.4276663362979889,-0.0040987045504152775,0.4498606026172638,0.4487336277961731,-0.0047113713808357716,0.3831067979335785,0.441839337348938,-0.010631291195750237,0.4223189353942871,0.4126702547073364,-0.012605482712388039,0.44176822900772095,0.4347582161426544,-0.012119905091822147,0.45019927620887756,0.45607420802116394,-0.011317194439470768,0.3897913098335266,0.4680485427379608,-0.021079618483781815,0.4206193685531616,0.4414083957672119,-0.02059015817940235,0.43337956070899963,0.4532908797264099,-0.01694752462208271,0.43820157647132874,0.46937066316604614,-0.014075237326323986
0.33139243721961975,0.5119430422782898,1.0369061698156656e-07,0.34902864694595337,0.47386133670806885,0.016127200797200203,0.3687983751296997,0.4454863667488098,0.0200023390352726,0.3857821822166443,0.4379517734050751,0.018763719126582146,0.39988765120506287,0.43719881772994995,0.01685771532356739,0.37439626455307007,0.4166635274887085,0.013222016394138336,0.4122551679611206,0.40819984674453735,0.009744291193783283,0.43213993310928345,0.4246140718460083,0.006991521455347538,0.4438216984272003,0.4416424036026001,0.005718666594475508,0.3787823021411896,0.4228312373161316,0.0010379309533163905,0.4205920398235321,0.40631961822509766,-0.002201768336817622,0.4412170648574829,0.4271376430988312,-0.004183910321444273,0.450920432806015,0.44910329580307007,-0.004780185874551535,0.3836222290992737,0.439435213804245,-0.010473031550645828,0.42199236154556274,0.41360190510749817,-0.01239771954715252,0.44163307547569275,0.43519601225852966,-0.011823227629065514,0.45100170373916626,0.45676717162132263,-0.010982155799865723,0.3901021182537079,0.4659319818019867,-0.021038250997662544,0.4207146167755127,0.44124847650527954,-0.020018700510263443,0.43411150574684143,0.45244714617729187,-0.01615067571401596,0.44013962149620056,0.4681869149208069,-0.013193178921937943
0.33044812083244324,0.5076183676719666,9.909636844440683e-08,0.34927746653556824,0.4707779586315155,0.01707427389919758,0.36990100145339966,0.4437755346298218,0.021532520651817322,0.38695645332336426,0.4373554289340973,0.02068466693162918,0.40061819553375244,0.4367290735244751,0.019116602838039398,0.37485358119010925,0.41442960500717163,0.014499586075544357,0.41293275356292725,0.4075903296470642,0.0113823926076293,0.4330463111400604,0.42496904730796814,0.008706326596438885,0.4447404444217682,0.4425227642059326,0.0074923341162502766,0.37914350628852844,0.420986533164978,0.0019086833344772458,0.42100775241851807,0.4068984091281891,-0.0009848795598372817,0.44137808680534363,0.4287811815738678,-0.003125410992652178,0.450570672750473,0.4514597952365875,-0.0038582400884479284,0.38387858867645264,0.43782535195350647,-0.00994623638689518,0.4224114716053009,0.4149138331413269,-0.011338954791426659,0.4420936405658722,0.4370553493499756,-0.0109521159902215,0.45136481523513794,0.4587331712245941,-0.010337043553590775,0.3902309834957123,0.46447116136550903,-0.020802810788154602,0.42127594351768494,0.4415237307548523,-0.019215766340494156,0.43477752804756165,0.4531497657299042,-0.015273095108568668,0.4408223628997803,0.4690263569355011,-0.012358259409666061
0.3305870592594147,0.5061320066452026,1.0896509650137887e-07,0.3502681255340576,0.47243908047676086,0.015716519206762314,0.3719087243080139,0.4461039900779724,0.019846133887767792,0.38950440287590027,0.43977975845336914,0.01901143230497837,0.40378251671791077,0.44036340713500977,0.017636876553297043,0.37609630823135376,0.41269955039024353,0.013910666108131409,0.414359986782074,0.40911245346069336,0.010896465741097927,0.4341311454772949,0.42841535806655884,0.008242079056799412,0.4457492232322693,0.44732874631881714,0.006970275193452835,0.3805151581764221,0.4189683198928833,0.0020946513395756483,0.4224816858768463,0.40786296129226685,-0.0005459696985781193,0.44247543811798096,0.43087324500083923,-0.00273566460236907,0.45179736614227295,0.45413750410079956,-0.0035991717595607042,0.385140061378479,0.4360193610191345,-0.009115478955209255,0.42402222752571106,0.41637635231018066,-0.010615873150527477,0.4437520503997803,0.44006961584091187,-0.010659489780664444,0.4531310200691223,0.4627589285373688,-0.010370946489274502,0.39114269614219666,0.46305176615715027,-0.019401386380195618,0.42224785685539246,0.44372302293777466,-0.01801490969955921,0.4359480142593384,0.456617534160614,-0.014496199786663055,0.44229283928871155,0.47303253412246704,-0.011917706578969955
0.3304841220378876,0.5015453696250916,1.0998068233902814e-07,0.3510821461677551,0.46905258297920227,0.014866616576910019,0.37341856956481934,0.4443422853946686,0.018797975033521652,0.39180514216423035,0.440280556678772,0.01798553578555584,0.406703919172287,0.44286566972732544,0.016642842441797256,0.37761610746383667,0.4108136296272278,0.013410848565399647,0.4159969091415405,0.4099173843860626,0.010354987345635891,0.43518245220184326,0.43010154366493225,0.007634230423718691,0.4463461935520172,0.44953423738479614,0.00630010012537241,0.3823314309120178,0.41790705919265747,0.002122018486261368,0.4249642789363861,0.4099355936050415,-0.0003740420797839761,0.4439842104911804,0.43353545665740967,-0.002608643379062414,0.45253294706344604,0.45701077580451965,-0.0035521017853170633,0.3868502378463745,0.4358932077884674,-0.008609240874648094,0.426361083984375,0.4199385643005371,-0.009822101332247257,0.4456636309623718,0.44307807087898254,-0.009958936832845211,0.45486754179000854,0.46474310755729675,-0.009838266298174858,0.39214858412742615,0.4635940492153168,-0.018487032502889633,0.42352548241615295,0.4465208649635315,-0.016866058111190796,0.4371250867843628,0.4587390720844269,-0.013353321701288223,0.4436229169368744,0.4739784300327301,-0.010837091132998466
0.32998785376548767,0.4970451891422272,1.1526405785389215e-07,0.3517231047153473,0.46251967549324036,0.015796037390828133,0.37462279200553894,0.43851613998413086,0.019901584833860397,0.3929048180580139,0.43546369671821594,0.019090848043560982,0.407820463180542,0.43941202759742737,0.01769804209470749,0.37879684567451477,0.4076693058013916,0.014199822209775448,0.4171571731567383,0.41062408685684204,0.011608008295297623,0.43620145320892334,0.4310772120952606,0.009204108268022537,0.44751688838005066,0.450236439704895,0.008016010746359825,0.3833473026752472,0.415616899728775,0.002522119088098407,0.42565014958381653,0.41207462549209595,0.0005005358252674341,0.44444912672042847,0.4357408881187439,-0.0014634800609201193,0.45310187339782715,0.4585873484611511,-0.0023419747594743967,0.38748037815093994,0.4343004524707794,-0.008500262163579464,0.426980197429657,0.42231592535972595,-0.009148655459284782,0.44586580991744995,0.4456535279750824,-0.009067097678780556,0.4547967314720154,0.46665704250335693,-0.008917207829654217,0.3922470211982727,0.4620998799800873,-0.018598927184939384,0.4240989685058594,0.44671565294265747,-0.016394704580307007,0.4373900592327118,0.4592519998550415,-0.012571637518703938,0.44355544447898865,0.47444918751716614,-0.009906129911541939
0.33029770851135254,0.49254706501960754,1.2965961104782764e-07,0.35130366683006287,0.45650118589401245,0.014614341780543327,0.3743145167827606,0.4335279166698456,0.018023867160081863,0.39263254404067993,0.431669145822525,0.01683230698108673,0.40782150626182556,0.4369812607765198,0.015062609687447548,0.3789904713630676,0.4055027663707733,0.01172296330332756,0.4176563322544098,0.4106518030166626,0.008532123640179634,0.4365455210208893,0.4314366579055786,0.006120544858276844,0.4477632939815521,0.451043039560318,0.005046790931373835,0.3835338056087494,0.4143397808074951,0.0006640348001383245,0.42614054679870605,0.41260048747062683,-0.0020789960399270058,0.4444636106491089,0.4366782605648041,-0.003942425362765789,0.4526524543762207,0.4597538411617279,-0.004584173671901226,0.38743993639945984,0.4332733750343323,-0.009711245074868202,0.4272887110710144,0.4231387972831726,-0.010979116894304752,0.44563716650009155,0.4469567537307739,-0.01084160152822733,0.4540947377681732,0.46813687682151794,-0.010448675602674484,0.39161843061447144,0.4608191251754761,-0.01920071803033352,0.4237392246723175,0.4466400742530823,-0.017550457268953323,0.43684977293014526,0.4592994153499603,-0.01389856543391943,0.44283387064933777,0.47422316670417786,-0.011187838390469551
0.3323686718940735,0.49094411730766296,1.3464894266235206e-07,0.3542425036430359,0.456131249666214,0.014082456938922405,0.37683069705963135,0.43295320868492126,0.01696499064564705,0.39547306299209595,0.43085458874702454,0.015371322631835938,0.4109155833721161,0.4362897276878357,0.01333426870405674,0.3799993395805359,0.4043588638305664,0.010533797554671764,0.4188312590122223,0.4113802909851074,0.006869446486234665,0.4371729791164398,0.4331725537776947,0.0042076315730810165,0.44791164994239807,0.4532340168952942,0.0030544083565473557,0.38384774327278137,0.4130963981151581,-0.0003389492630958557,0.4268393814563751,0.41345709562301636,-0.003325901459902525,0.4447972774505615,0.4380263388156891,-0.0051127648912370205,0.4526011347770691,0.46105021238327026,-0.005724089220166206,0.3874870836734772,0.4317689836025238,-0.010567739605903625,0.42811763286590576,0.4236305356025696,-0.01189211755990982,0.4461818337440491,0.4480959177017212,-0.011579175479710102,0.45421820878982544,0.46960678696632385,-0.011079015210270882,0.3917900621891022,0.45921701192855835,-0.01995571330189705,0.42473435401916504,0.44742923974990845,-0.018391011282801628,0.4380410313606262,0.4610172510147095,-0.01474764384329319,0.4439299404621124,0.4762492775917053,-0.012024600990116596
0.33285272121429443,0.4870689809322357,1.3770687701253337e-07,0.3537268042564392,0.4534865617752075,0.012262971140444279,0.37640175223350525,0.4314274787902832,0.014642100781202316,0.395002543926239,0.4302819073200226,0.012972984462976456,0.410486102104187,0.4361974596977234,0.010971853509545326,0.3804440200328827,0.4038170278072357,0.009306412190198898,0.41895654797554016,0.4111049771308899,0.005582714453339577,0.43721190094947815,0.43264609575271606,0.0028797313570976257,0.447807252407074,0.452370822429657,0.001712595229037106,0.38467681407928467,0.4127173125743866,-0.0004856106243096292,0.4272514581680298,0.4131559729576111,-0.0032889912836253643,0.44498196244239807,0.4378244876861572,-0.0050429692491889,0.45275264978408813,0.46056416630744934,-0.005678448360413313,0.3885759115219116,0.4314764142036438,-0.009755215607583523,0.4289664030075073,0.4239933490753174,-0.011205408722162247,0.4470475912094116,0.44822677969932556,-0.011159555055201054,0.4551246464252472,0.4692766070365906,-0.010803638957440853,0.3928036689758301,0.45885854959487915,-0.01830020733177662,0.4253723621368408,0.44803693890571594,-0.016834141686558723,0.4383277893066406,0.46204569935798645,-0.013319021090865135,0.4437445402145386,0.47735124826431274,-0.010668623261153698
0.33411264419555664,0.48593494296073914,1.4430297312628682e-07,0.35496005415916443,0.4533868134021759,0.010991211049258709,0.3776320815086365,0.4310353994369507,0.012556705623865128,0.3965320885181427,0.4301435351371765,0.010386637412011623,0.41211527585983276,0.4368738830089569,0.007974394597113132,0.3813360333442688,0.4040616452693939,0.006654676981270313,0.41994401812553406,0.41262900829315186,0.0021722151432186365,0.4379882216453552,0.4342896342277527,-0.0007475613965652883,0.4486839473247528,0.45409145951271057,-0.002027911599725485,0.3849083483219147,0.4130968749523163,-0.002691884757950902,0.42794686555862427,0.41448962688446045,-0.00638437457382679,0.4454239010810852,0.43914058804512024,-0.008134913630783558,0.4531390368938446,0.4617823660373688,-0.008657705970108509,0.38835689425468445,0.43188801407814026,-0.011532231234014034,0.42929211258888245,0.4249432384967804,-0.01369859091937542,0.44733738899230957,0.44920676946640015,-0.013585506938397884,0.45569199323654175,0.4702739715576172,-0.013117930851876736,0.3922078609466553,0.45934197306632996,-0.01971888542175293,0.42502352595329285,0.4494822025299072,-0.01897662878036499,0.4377543330192566,0.4631609320640564,-0.01573258265852928,0.44330787658691406,0.4777916371822357,-0.013218618929386139
0.3345649838447571,0.4828134775161743,1.4057239638987085e-07,0.35561245679855347,0.45090624690055847,0.011004953645169735,0.3785739839076996,0.4301203191280365,0.012685388326644897,0.3975319564342499,0.42995813488960266,0.010608862154185772,0.41295555233955383,0.4369644820690155,0.008244140073657036,0.3822202682495117,0.40422630310058594,0.007049777079373598,0.42043229937553406,0.41343697905540466,0.002637348836287856,0.4381083548069,0.43522539734840393,-0.0002827300631906837,0.44844871759414673,0.45512330532073975,-0.0015780364628881216,0.3858722746372223,0.4132522940635681,-0.0022891468834131956,0.4284621775150299,0.4153085947036743,-0.005916880443692207,0.44577282667160034,0.43981391191482544,-0.007828107103705406,0.45346108078956604,0.4623747169971466,-0.008478143252432346,0.38931918144226074,0.43220895528793335,-0.011139480397105217,0.42986658215522766,0.4253958463668823,-0.013461120426654816,0.447836697101593,0.44967254996299744,-0.013620007783174515,0.45632070302963257,0.4706307053565979,-0.013323991559445858,0.39304250478744507,0.459811806678772,-0.019319962710142136,0.425415962934494,0.45076480507850647,-0.0188433937728405,0.4381372630596161,0.4646088480949402,-0.015848303213715553,0.4439801573753357,0.4791279435157776,-0.013515468686819077
0.3373022675514221,0.4821184575557709,1.4726462893577263e-07,0.3564855456352234,0.4483828842639923,0.009575314819812775,0.3788037598133087,0.4277249872684479,0.010594166815280914,0.3976184129714966,0.42737486958503723,0.00809046532958746,0.41310176253318787,0.43430137634277344,0.005377399735152721,0.3832278847694397,0.40497997403144836,0.005778150632977486,0.4205692410469055,0.41378337144851685,0.0006788833416067064,0.4382014274597168,0.4349384605884552,-0.0024885451421141624,0.44859224557876587,0.45462730526924133,-0.003747710958123207,0.38702934980392456,0.41365307569503784,-0.002910494338721037,0.42861276865005493,0.4153837561607361,-0.007173803169280291,0.44584232568740845,0.439287930727005,-0.00892913993448019,0.4535985291004181,0.46152129769325256,-0.009285219945013523,0.39061659574508667,0.43186119198799133,-0.011325662024319172,0.43039077520370483,0.42558765411376953,-0.014203675091266632,0.44824063777923584,0.4493083655834198,-0.014291247352957726,0.4569067358970642,0.4702529013156891,-0.01374884508550167,0.3944229483604431,0.45856818556785583,-0.019213031977415085,0.426685631275177,0.4510011672973633,-0.01918143592774868,0.4403042495250702,0.46487006545066833,-0.016460413113236427,0.4470536410808563,0.47934719920158386,-0.014188623987138271
0.338348925113678,0.48047930002212524,1.56812845375498e-07,0.356807142496109,0.4478132426738739,0.008509273640811443,0.3787112832069397,0.42838335037231445,0.008865410462021828,0.3979285657405853,0.42868292331695557,0.005924033932387829,0.413413405418396,0.43600404262542725,0.002761460142210126,0.3831864595413208,0.4056336283683777,0.003982747904956341,0.4209293723106384,0.4151133894920349,-0.0016062648501247168,0.4386653006076813,0.4366990923881531,-0.005086881574243307,0.4491809606552124,0.4565258324146271,-0.006523928605020046,0.3869082033634186,0.4146726131439209,-0.004333438817411661,0.4287036061286926,0.41668763756752014,-0.009197167120873928,0.446409672498703,0.4406736493110657,-0.011287474073469639,0.4543699324131012,0.4632817208766937,-0.011818055994808674,0.3904620110988617,0.43279343843460083,-0.012389805167913437,0.4305010735988617,0.42685848474502563,-0.015888050198554993,0.44910213351249695,0.4504222273826599,-0.016394518315792084,0.45816367864608765,0.4716843068599701,-0.01600995846092701,0.39430859684944153,0.45939967036247253,-0.019959820434451103,0.4270017147064209,0.4525640904903412,-0.020610665902495384,0.4414287507534027,0.4666305184364319,-0.018346989527344704,0.44876590371131897,0.4813705086708069,-0.016293924301862717
0.33940666913986206,0.4809543192386627,1.6508477074239636e-07,0.35727745294570923,0.4489111602306366,0.008722941391170025,0.3789083957672119,0.4294135272502899,0.008856064639985561,0.39806053042411804,0.4297991394996643,0.00570297334343195,0.4133870303630829,0.437792032957077,0.0022559557110071182,0.383474200963974,0.406587153673172,0.002830357989296317,0.4216517508029938,0.4165225327014923,-0.0027687728870660067,0.43949493765830994,0.4385007917881012,-0.006113582756370306,0.45016154646873474,0.4586253762245178,-0.007461415138095617,0.3868977427482605,0.41554734110832214,-0.005655897315591574,0.42928004264831543,0.4179342985153198,-0.010593632236123085,0.44727906584739685,0.4420521855354309,-0.01249684114009142,0.45538437366485596,0.46472257375717163,-0.012895185500383377,0.3902428150177002,0.43362823128700256,-0.013742651790380478,0.4308687150478363,0.4276215732097626,-0.017245518043637276,0.44965776801109314,0.4514961242675781,-0.01757931336760521,0.45866918563842773,0.4730556905269623,-0.01707620918750763,0.3940785229206085,0.460285484790802,-0.021296091377735138,0.42738574743270874,0.45330676436424255,-0.022056467831134796,0.44200095534324646,0.4677600562572479,-0.019715864211320877,0.44930794835090637,0.482784628868103,-0.017572060227394104
0.3389143645763397,0.48149266839027405,1.631778161481634e-07,0.35687047243118286,0.4506946802139282,0.008582808077335358,0.37845057249069214,0.43178120255470276,0.008618450723588467,0.39745891094207764,0.43232572078704834,0.00536181079223752,0.41258251667022705,0.44011199474334717,0.0017955725779756904,0.38341039419174194,0.40811243653297424,0.0028200785163789988,0.4214971959590912,0.41827699542045593,-0.0029489377047866583,0.4394547939300537,0.4404061734676361,-0.006459739524871111,0.44999539852142334,0.4604105055332184,-0.007899181917309761,0.38658788800239563,0.41668984293937683,-0.005644672084599733,0.42881521582603455,0.4188770651817322,-0.01080621499568224,0.4467985928058624,0.4435550272464752,-0.012946301139891148,0.45495787262916565,0.4664362072944641,-0.013448679819703102,0.38984906673431396,0.4344790279865265,-0.013713784515857697,0.43028125166893005,0.42788755893707275,-0.017491541802883148,0.44917625188827515,0.45226049423217773,-0.018017442896962166,0.45835691690444946,0.4740225672721863,-0.01756952702999115,0.3936414122581482,0.46113282442092896,-0.021247001364827156,0.4268878996372223,0.454236775636673,-0.022169800475239754,0.4413076639175415,0.4691457748413086,-0.01984160952270031,0.4484133720397949,0.4845197796821594,-0.01766294799745083
0.33773279190063477,0.4824668765068054,1.6793758561561845e-07,0.35700953006744385,0.45236918330192566,0.009809749200940132,0.3793593645095825,0.4342219829559326,0.01027863472700119,0.3987257182598114,0.4353324770927429,0.007172968238592148,0.4140147566795349,0.4429699778556824,0.00370328058488667,0.383334219455719,0.4091723561286926,0.003867198945954442,0.42237991094589233,0.41947951912879944,-0.0017253884579986334,0.4405461251735687,0.44206488132476807,-0.005007896572351456,0.4511701464653015,0.46252569556236267,-0.006261087954044342,0.3859640061855316,0.41736969351768494,-0.005326651968061924,0.4294620156288147,0.4201813340187073,-0.010647089220583439,0.44777676463127136,0.4453667104244232,-0.012729382142424583,0.45580440759658813,0.46870946884155273,-0.013072790578007698,0.38875967264175415,0.4350908696651459,-0.014058738946914673,0.4306972920894623,0.4294035732746124,-0.017808489501476288,0.44983065128326416,0.45459532737731934,-0.018137309700250626,0.45870786905288696,0.47684913873672485,-0.017471207305788994,0.3921547532081604,0.4619840979576111,-0.022165730595588684,0.4265984296798706,0.4553803503513336,-0.022918591275811195,0.44172585010528564,0.47082221508026123,-0.02044399082660675,0.4490717053413391,0.4866155683994293,-0.018152765929698944
0.33651217818260193,0.4843585789203644,1.6264510804830934e-07,0.35648441314697266,0.45482897758483887,0.009826619178056717,0.3792506456375122,0.43660199642181396,0.01045389287173748,0.3987002968788147,0.4374031722545624,0.007452580612152815,0.4140310287475586,0.44473499059677124,0.004138719756156206,0.3829052448272705,0.41079872846603394,0.00473463349044323,0.4218606948852539,0.4204186201095581,-0.0008910643518902361,0.43982598185539246,0.44338110089302063,-0.0043013314716517925,0.4503766894340515,0.4640417695045471,-0.005647786892950535,0.38538020849227905,0.4188236892223358,-0.004441226366907358,0.4285053014755249,0.42131730914115906,-0.009846632368862629,0.44680339097976685,0.4471317529678345,-0.012128451839089394,0.45515626668930054,0.4708309769630432,-0.012613965198397636,0.38809993863105774,0.43620893359184265,-0.013249379582703114,0.42954888939857483,0.43050670623779297,-0.017053239047527313,0.44877490401268005,0.4559524655342102,-0.017525486648082733,0.4580211341381073,0.4784354269504547,-0.01696319319307804,0.39160260558128357,0.46269893646240234,-0.021458489820361137,0.42555662989616394,0.4558679461479187,-0.022117381915450096,0.44070643186569214,0.47092950344085693,-0.019720397889614105,0.44833067059516907,0.4864393174648285,-0.017541857436299324
0.3371743857860565,0.48576033115386963,1.4034679907126701e-07,0.35652557015419006,0.4530150294303894,0.01076708547770977,0.37853798270225525,0.4340074360370636,0.01203114166855812,0.3974878191947937,0.4335554242134094,0.009536610916256905,0.4125925302505493,0.4403296411037445,0.006752177607268095,0.38264167308807373,0.4113641381263733,0.006461118347942829,0.4204915165901184,0.41834038496017456,0.001607456710189581,0.437834769487381,0.4394838213920593,-0.0011418008944019675,0.4476403594017029,0.45870861411094666,-0.0020353272557258606,0.38568878173828125,0.4201643168926239,-0.0029073033947497606,0.4274684190750122,0.4203829765319824,-0.007681972347199917,0.44497546553611755,0.4442732632160187,-0.009413025341928005,0.45277708768844604,0.46620991826057434,-0.009489730931818485,0.38855817914009094,0.4379667639732361,-0.01190049760043621,0.4284217953681946,0.4310394823551178,-0.015053601004183292,0.4468197226524353,0.4539448916912079,-0.014905150048434734,0.45562195777893066,0.4747346043586731,-0.013981901109218597,0.3919605612754822,0.46469351649284363,-0.02025603875517845,0.4245026409626007,0.4546562135219574,-0.020364752039313316,0.4397987425327301,0.46612581610679626,-0.017778221517801285,0.4481942057609558,0.4790322482585907,-0.015523377805948257
0.3384236693382263,0.4868965446949005,1.128918043491467e-07,0.3566085696220398,0.456370085477829,0.015073082409799099,0.3784435987472534,0.43597277998924255,0.01823851838707924,0.3964954614639282,0.4335021674633026,0.016646062955260277,0.411096453666687,0.43850043416023254,0.014449561014771461,0.3831993639469147,0.4122928977012634,0.010494186542928219,0.4209422171115875,0.4153897166252136,0.007141390349715948,0.43822261691093445,0.43708011507987976,0.005158743821084499,0.4478675127029419,0.45738962292671204,0.004576194565743208,0.38614699244499207,0.4194367825984955,-0.0010033634025603533,0.4272957742214203,0.417166143655777,-0.004430440720170736,0.4449242353439331,0.44294092059135437,-0.005729171447455883,0.45219579339027405,0.4668865501880646,-0.005823103245347738,0.3893870711326599,0.4357878267765045,-0.0118039445951581,0.4285024106502533,0.4262257218360901,-0.013441914692521095,0.44640135765075684,0.4510692358016968,-0.012702486477792263,0.4541122317314148,0.47411003708839417,-0.011927408166229725,0.3939223885536194,0.46083927154541016,-0.02173728682100773,0.42532792687416077,0.4467501938343048,-0.020819898694753647,0.4399604797363281,0.4589846134185791,-0.017842790111899376,0.4474470615386963,0.47389861941337585,-0.015681695193052292
0.3381746709346771,0.48692286014556885,1.0633903002599254e-07,0.3582034111022949,0.4583950638771057,0.015285313129425049,0.37954995036125183,0.43830662965774536,0.01824338175356388,0.3983176648616791,0.43616852164268494,0.016464874148368835,0.41275304555892944,0.44069111347198486,0.014096100814640522,0.38311418890953064,0.4122301936149597,0.010201536118984222,0.42031052708625793,0.4154617488384247,0.007120340596884489,0.43770846724510193,0.43712159991264343,0.005277905613183975,0.4482872486114502,0.4564308226108551,0.004509115591645241,0.38551804423332214,0.4188861846923828,-0.0016111582517623901,0.42702654004096985,0.41705989837646484,-0.004857102874666452,0.4445444643497467,0.4436180293560028,-0.005833557341247797,0.4526352882385254,0.46649861335754395,-0.005818408913910389,0.38854458928108215,0.4355260729789734,-0.012665689922869205,0.4279957115650177,0.4253806173801422,-0.014558426104485989,0.44612863659858704,0.4505425691604614,-0.013245277106761932,0.45443853735923767,0.47288885712623596,-0.012132545001804829,0.3929803967475891,0.4615584909915924,-0.022840457037091255,0.4241616725921631,0.4465925693511963,-0.022531384602189064,0.4392576515674591,0.4568873643875122,-0.019529974088072777,0.4479130506515503,0.46907976269721985,-0.017362026497721672
0.3375307023525238,0.49023735523223877,1.0385224413766991e-07,0.35884779691696167,0.4610273241996765,0.015940392389893532,0.3801136612892151,0.44008922576904297,0.018843194469809532,0.3986806571483612,0.4374454617500305,0.01687813736498356,0.4131243824958801,0.4415099322795868,0.01426911074668169,0.38293492794036865,0.4126404821872711,0.01080239936709404,0.41953715682029724,0.41586318612098694,0.007734179962426424,0.43670451641082764,0.43586376309394836,0.005977698136121035,0.44710859656333923,0.45356976985931396,0.005254343152046204,0.3851041793823242,0.4190399646759033,-0.0015706766862422228,0.4262986481189728,0.4176694452762604,-0.004861791152507067,0.44349348545074463,0.443114697933197,-0.005717866588383913,0.4513380229473114,0.4649082124233246,-0.00551670091226697,0.38787591457366943,0.43566885590553284,-0.013190844096243382,0.4271734952926636,0.42668187618255615,-0.015020661056041718,0.4453202188014984,0.4504682123661041,-0.013576551340520382,0.4537966847419739,0.4714943468570709,-0.012311416678130627,0.39189618825912476,0.4620227515697479,-0.023870596662163734,0.42337217926979065,0.44832175970077515,-0.02366272546350956,0.4394547641277313,0.4574892818927765,-0.020770443603396416,0.44911640882492065,0.46858882904052734,-0.018617447465658188
0.3358471095561981,0.4914745092391968,9.326681293941874e-08,0.35844260454177856,0.4649830162525177,0.01833551563322544,0.3797680735588074,0.4435938894748688,0.022072160616517067,0.3973475694656372,0.4404078423976898,0.020338691771030426,0.41119804978370667,0.4437081515789032,0.01776275597512722,0.38251352310180664,0.4145289957523346,0.013470904901623726,0.4189877510070801,0.418046236038208,0.011911492794752121,0.43560656905174255,0.43815696239471436,0.011288052424788475,0.44526439905166626,0.4557793140411377,0.011194576509296894,0.3841874897480011,0.41895174980163574,-0.0001393710117554292,0.4259033799171448,0.4176146388053894,-0.0023209068458527327,0.44222116470336914,0.4442012906074524,-0.0023706674110144377,0.44859766960144043,0.4671103060245514,-0.0014689814997836947,0.3867877423763275,0.43480202555656433,-0.012809372507035732,0.42670106887817383,0.4254077076911926,-0.013496498577296734,0.44442325830459595,0.4508558511734009,-0.011175709776580334,0.4519994556903839,0.4723193347454071,-0.009449764154851437,0.3906458914279938,0.46002843976020813,-0.02439035475254059,0.422066867351532,0.4462692141532898,-0.023609180003404617,0.43774139881134033,0.45524007081985474,-0.020359525457024574,0.44679611921310425,0.46566227078437805,-0.01796211488544941
0.33436715602874756,0.4939144253730774,9.054684113607436e-08,0.3567769527435303,0.4649154543876648,0.01674015261232853,0.377717524766922,0.44342726469039917,0.020469607785344124,0.3957986533641815,0.4406348764896393,0.019021689891815186,0.40975692868232727,0.4445655345916748,0.01687803864479065,0.38005563616752625,0.41255301237106323,0.013997288420796394,0.4162854552268982,0.4146435260772705,0.012130975723266602,0.4330098330974579,0.434601366519928,0.01068130787461996,0.4429764747619629,0.4520297050476074,0.009879077784717083,0.38307085633277893,0.4187138080596924,0.0014012092724442482,0.4238574504852295,0.41540950536727905,-0.0005106399767100811,0.4404542148113251,0.44014400243759155,-0.0016627153381705284,0.4480237364768982,0.46236664056777954,-0.0018747668946161866,0.38664543628692627,0.43590787053108215,-0.010478480719029903,0.42471247911453247,0.42479148507118225,-0.01095601823180914,0.4426972270011902,0.44851812720298767,-0.00997245404869318,0.45162826776504517,0.4694303572177887,-0.009394067339599133,0.39101457595825195,0.4617707133293152,-0.02144697867333889,0.4204935133457184,0.44656234979629517,-0.02059977501630783,0.4360373020172119,0.45299747586250305,-0.018257498741149902,0.446315199136734,0.461814820766449,-0.016731970012187958
0.33355680108070374,0.49449166655540466,9.215479934709947e-08,0.3557959794998169,0.4635777175426483,0.018225546926259995,0.37590691447257996,0.4422195255756378,0.0222153440117836,0.3931342363357544,0.43962913751602173,0.020622503012418747,0.40695101022720337,0.44335922598838806,0.018174858763813972,0.37771669030189514,0.409881055355072,0.015386633574962616,0.413996160030365,0.41118794679641724,0.014019131660461426,0.43105292320251465,0.43032053112983704,0.01291603036224842,0.44133085012435913,0.4474070072174072,0.012227815575897694,0.3817988932132721,0.41553276777267456,0.0018782962579280138,0.42210283875465393,0.41036906838417053,0.000698790536262095,0.43901485204696655,0.43438422679901123,-5.901801341678947e-05,0.4470960199832916,0.45625039935112,-0.0002017163351411,0.3862820565700531,0.4325025975704193,-0.010813604108989239,0.4236311614513397,0.4192970395088196,-0.010526707395911217,0.4416844844818115,0.4424229562282562,-0.009097188711166382,0.4509630501270294,0.4628108739852905,-0.00848438125103712,0.3915026783943176,0.45852112770080566,-0.022512134164571762,0.42064860463142395,0.44173094630241394,-0.020909804850816727,0.4356149435043335,0.44815054535865784,-0.017890160903334618,0.44538453221321106,0.4572101831436157,-0.016041813418269157
0.3330361247062683,0.49404042959213257,7.760495179809368e-08,0.35380101203918457,0.4602060914039612,0.018878065049648285,0.37310630083084106,0.4371141791343689,0.023237193003296852,0.38998398184776306,0.4336868226528168,0.021926378831267357,0.40430527925491333,0.4385129511356354,0.01953650265932083,0.3767768144607544,0.40845948457717896,0.015501524321734905,0.4122471809387207,0.41059553623199463,0.01417886558920145,0.4287157952785492,0.42999011278152466,0.013062830083072186,0.4388915002346039,0.4477542042732239,0.012406282126903534,0.3812508285045624,0.4136875569820404,0.0017975801602005959,0.4213010370731354,0.4088403880596161,0.0006227692356333137,0.437961220741272,0.43399038910865784,-2.618652069941163e-05,0.4458877742290497,0.45718884468078613,-9.003037121146917e-05,0.3856176733970642,0.43085604906082153,-0.01099758967757225,0.4233679473400116,0.4207940697669983,-0.01120990701019764,0.4407489001750946,0.44647836685180664,-0.009710327722132206,0.4491073787212372,0.468478262424469,-0.008909368887543678,0.39058342576026917,0.4569210112094879,-0.022644400596618652,0.4204641282558441,0.4420773386955261,-0.02120824158191681,0.43523767590522766,0.4494355022907257,-0.01784048043191433,0.4445614516735077,0.4584995210170746,-0.015707673504948616
0.3317093253135681,0.4957137703895569,6.731066548582021e-08,0.3521595001220703,0.4634436070919037,0.0202069953083992,0.37279012799263,0.4387963116168976,0.02594330906867981,0.3899920880794525,0.4342060387134552,0.0257572028785944,0.4038420021533966,0.4384237825870514,0.024424858391284943,0.3765028417110443,0.4103298783302307,0.018642988055944443,0.41240084171295166,0.41318702697753906,0.01839834824204445,0.4292148947715759,0.43341246247291565,0.017750350758433342,0.4395287036895752,0.45144057273864746,0.017382504418492317,0.38052406907081604,0.4151805341243744,0.004665326792746782,0.42054376006126404,0.4134806990623474,0.003923928830772638,0.43675553798675537,0.44106048345565796,0.003224397310987115,0.44386690855026245,0.46570417284965515,0.0033023927826434374,0.38508185744285583,0.4313117563724518,-0.008395982906222343,0.4225241541862488,0.4236224591732025,-0.008297170512378216,0.4396634101867676,0.45008137822151184,-0.007059863768517971,0.4476795792579651,0.4724734425544739,-0.0063292901031672955,0.3908548653125763,0.4563167095184326,-0.020218363031744957,0.42104291915893555,0.44344788789749146,-0.018643908202648163,0.4359453618526459,0.452859103679657,-0.015467053279280663,0.44459277391433716,0.4638041853904724,-0.013402276672422886
0.3318437933921814,0.4993705749511719,6.534359187071459e-08,0.35392484068870544,0.47305426001548767,0.021234987303614616,0.3743928074836731,0.44882798194885254,0.027314355596899986,0.39157208800315857,0.4421820342540741,0.02725725620985031,0.4048149287700653,0.4439447522163391,0.026106413453817368,0.37816277146339417,0.41235801577568054,0.020043835043907166,0.4136212468147278,0.41679245233535767,0.020725073292851448,0.43046510219573975,0.43853145837783813,0.020430028438568115,0.4406983554363251,0.4573553502559662,0.02017095685005188,0.38097116351127625,0.4161747694015503,0.00561447674408555,0.42118245363235474,0.41763898730278015,0.005603156052529812,0.4378206431865692,0.4466065764427185,0.005087130703032017,0.44474154710769653,0.47189974784851074,0.005207068286836147,0.3846389353275299,0.43197527527809143,-0.0077990018762648106,0.4226728081703186,0.42500928044319153,-0.006546571385115385,0.440523624420166,0.45268628001213074,-0.004870828241109848,0.4481923580169678,0.4763385057449341,-0.004085890483111143,0.3899143934249878,0.45696333050727844,-0.019985390827059746,0.42032238841056824,0.4435438811779022,-0.017383601516485214,0.4356902241706848,0.4538760781288147,-0.01386367715895176,0.44421058893203735,0.4665417969226837,-0.011735809035599232
0.33047568798065186,0.49813976883888245,5.396057289885903e-08,0.352078378200531,0.470711350440979,0.023220045492053032,0.3728454113006592,0.4478604793548584,0.030840657651424408,0.39000651240348816,0.4413125216960907,0.03193927928805351,0.40282881259918213,0.44334110617637634,0.03187517076730728,0.37744688987731934,0.41325461864471436,0.024629004299640656,0.41176745295524597,0.41765257716178894,0.02733806148171425,0.4289405941963196,0.43791282176971436,0.028200438246130943,0.43958184123039246,0.4556107819080353,0.028506439179182053,0.38157451152801514,0.4173819422721863,0.00964734423905611,0.41984912753105164,0.4181153476238251,0.01202417816966772,0.4363522231578827,0.4448678493499756,0.012634391896426678,0.44387564063072205,0.46792811155319214,0.013195210136473179,0.3859502077102661,0.43331071734428406,-0.004326217342168093,0.4218860864639282,0.4248118996620178,-0.0013780095614492893,0.43971943855285645,0.45007407665252686,0.0010845114011317492,0.44796526432037354,0.47210198640823364,0.00207501626573503,0.39144718647003174,0.4587557315826416,-0.01701682060956955,0.42032817006111145,0.4442780613899231,-0.013527731411159039,0.4360738694667816,0.4532644748687744,-0.009634875692427158,0.44536519050598145,0.46515515446662903,-0.007378623820841312
0.33316585421562195,0.49982327222824097,5.564730543028418e-08,0.3533252775669098,0.46895235776901245,0.02285192906856537,0.37331169843673706,0.4455367624759674,0.02997754141688347,0.39016616344451904,0.43812644481658936,0.030534818768501282,0.4043954610824585,0.44241589307785034,0.02991664968430996,0.37856024503707886,0.4137401580810547,0.024476246908307076,0.4126758277416229,0.4199885129928589,0.0267285518348217,0.42951700091362,0.44036006927490234,0.02719832770526409,0.4397158622741699,0.4587119221687317,0.02734309248626232,0.3827037811279297,0.4193498492240906,0.009486657567322254,0.4207526445388794,0.4222135841846466,0.011318596079945564,0.43647587299346924,0.4483453929424286,0.011117016896605492,0.44334107637405396,0.4715018570423126,0.011099494993686676,0.38723117113113403,0.4353151023387909,-0.004540645983070135,0.4229603707790375,0.4280337691307068,-0.0017866784473881125,0.43987157940864563,0.45298829674720764,9.461481567996088e-06,0.4473738670349121,0.47535228729248047,0.0005560596473515034,0.39298614859580994,0.45975348353385925,-0.017299702391028404,0.4215598702430725,0.4449126124382019,-0.01367151364684105,0.4365987777709961,0.45466914772987366,-0.009939780458807945,0.44491174817085266,0.4679352045059204,-0.007832580246031284
0.334838330745697,0.50047767162323,3.243549429043924e-08,0.3548552691936493,0.4705016613006592,0.022933118045330048,0.37495675683021545,0.44652748107910156,0.03027299791574478,0.3908645212650299,0.4401690363883972,0.030839020386338234,0.4047735333442688,0.44538024067878723,0.029926180839538574,0.38092055916786194,0.4164057672023773,0.02390848472714424,0.41404440999031067,0.4219473600387573,0.025255991145968437,0.43049749732017517,0.4423665404319763,0.025337738916277885,0.44010406732559204,0.4618462324142456,0.02548883482813835,0.3846352696418762,0.42210525274276733,0.008552983403205872,0.42148351669311523,0.42449378967285156,0.008967618457973003,0.4365643560886383,0.45160821080207825,0.008073417469859123,0.44168099761009216,0.47688978910446167,0.008049152791500092,0.3888821303844452,0.43733611702919006,-0.005818321835249662,0.42344221472740173,0.4298219084739685,-0.004769916646182537,0.43927910923957825,0.45623311400413513,-0.003719799220561981,0.445295125246048,0.47939059138298035,-0.003017721464857459,0.39426687359809875,0.4599446654319763,-0.01880897581577301,0.42233961820602417,0.44228336215019226,-0.01716836541891098,0.43679818511009216,0.4528077244758606,-0.014312239363789558,0.443787544965744,0.4673975110054016,-0.01228032074868679
0.335586816072464,0.5000519752502441,1.209084832254348e-08,0.3565795421600342,0.4708133339881897,0.02632341906428337,0.3767165541648865,0.44758981466293335,0.034859709441661835,0.3919807970523834,0.4422841966152191,0.03573200851678848,0.4051540791988373,0.4469769597053528,0.034735243767499924,0.3819071650505066,0.41801467537879944,0.025448843836784363,0.4159835875034332,0.42341622710227966,0.027224820107221603,0.4321342706680298,0.44566357135772705,0.028278546407818794,0.441823810338974,0.4666254222393036,0.029053544625639915,0.3849037289619446,0.42332398891448975,0.008029653690755367,0.42300742864608765,0.4266328811645508,0.008136122487485409,0.43691200017929077,0.4568788707256317,0.008266808465123177,0.44086357951164246,0.4828384518623352,0.009166711010038853,0.3888740539550781,0.4383434057235718,-0.008189123123884201,0.42463698983192444,0.4296697676181793,-0.007861250080168247,0.4394640326499939,0.4598483145236969,-0.005905486643314362,0.4443085193634033,0.4845336675643921,-0.004378740210086107,0.39432889223098755,0.46021533012390137,-0.02276165410876274,0.4229947328567505,0.4398896396160126,-0.022683722898364067,0.43755704164505005,0.45206066966056824,-0.020312456414103508,0.4440726637840271,0.46822479367256165,-0.018432119861245155
0.33641794323921204,0.5002841949462891,1.1579062153543873e-08,0.3575424551963806,0.47255685925483704,0.023943161591887474,0.37838035821914673,0.44875368475914,0.0313301719725132,0.3943275511264801,0.44308605790138245,0.03158285841345787,0.40796780586242676,0.44713103771209717,0.030191197991371155,0.3832962214946747,0.4185720682144165,0.0214645154774189,0.4181079864501953,0.42299243807792664,0.021432621404528618,0.4336744546890259,0.44657543301582336,0.021470937877893448,0.44245070219039917,0.46894752979278564,0.021794600412249565,0.38554778695106506,0.42335212230682373,0.0049038236029446125,0.42468684911727905,0.4263071119785309,0.003198901889845729,0.4388256072998047,0.4574934244155884,0.0024635714944452047,0.44257745146751404,0.48475492000579834,0.0030536630656570196,0.3890659511089325,0.4383417069911957,-0.010549004189670086,0.4257380962371826,0.4286060333251953,-0.011650219559669495,0.4410901367664337,0.4592745006084442,-0.010480883531272411,0.4460987448692322,0.48479634523391724,-0.009171622805297375,0.39433830976486206,0.4604870676994324,-0.024478867650032043,0.4235515594482422,0.4387664794921875,-0.025354696437716484,0.43766626715660095,0.4513258635997772,-0.02339823916554451,0.44367092847824097,0.4680912494659424,-0.021591318771243095
0.3380572199821472,0.5027295351028442,1.1133679755914727e-08,0.3597555160522461,0.47581398487091064,0.02390972711145878,0.3809674382209778,0.4514963924884796,0.03094681166112423,0.39768749475479126,0.44524165987968445,0.030880654230713844,0.41173407435417175,0.4486168920993805,0.029226481914520264,0.3841971457004547,0.4182993769645691,0.02008168026804924,0.4199305474758148,0.42289087176322937,0.019826650619506836,0.4350379705429077,0.44719964265823364,0.01965765282511711,0.4434961676597595,0.46967899799346924,0.019783824682235718,0.3857812285423279,0.4228559136390686,0.003352395026013255,0.4262358546257019,0.42597123980522156,0.001613921020179987,0.4405597448348999,0.4580591022968292,0.0006562767084687948,0.44378548860549927,0.486026793718338,0.0008565717143937945,0.3889259397983551,0.4383276104927063,-0.012138482183218002,0.42692941427230835,0.4278808534145355,-0.013093852438032627,0.44217169284820557,0.459603875875473,-0.012001187540590763,0.4462021291255951,0.48602086305618286,-0.010938133113086224,0.39412951469421387,0.4607773721218109,-0.026078907772898674,0.4245716631412506,0.4384845495223999,-0.026523619890213013,0.4383884370326996,0.45220714807510376,-0.024268710985779762,0.44350987672805786,0.4697962701320648,-0.02245325595140457
0.3388756215572357,0.5061825513839722,9.192802075119744e-09,0.35906654596328735,0.47686687111854553,0.022680195048451424,0.3791292607784271,0.45134237408638,0.029492951929569244,0.39458656311035156,0.4433911144733429,0.02937706932425499,0.4075862169265747,0.44448530673980713,0.027808981016278267,0.3846742808818817,0.42020800709724426,0.020978206768631935,0.41983434557914734,0.42405369877815247,0.020907185971736908,0.4346899688243866,0.4487067759037018,0.02061239629983902,0.44230449199676514,0.4708173871040344,0.020729273557662964,0.38697487115859985,0.4242582321166992,0.005155213177204132,0.4271469712257385,0.4252753257751465,0.0039757429622113705,0.44149917364120483,0.4574034810066223,0.003065333468839526,0.4442790448665619,0.48527437448501587,0.003398294560611248,0.39057081937789917,0.43922385573387146,-0.009622626006603241,0.4277040362358093,0.42604365944862366,-0.010196794755756855,0.4425891637802124,0.45820435881614685,-0.008940523490309715,0.4458730220794678,0.4851262867450714,-0.007567120715975761,0.3957923948764801,0.46150869131088257,-0.02300078421831131,0.4253743290901184,0.43924275040626526,-0.023163897916674614,0.43860766291618347,0.45374780893325806,-0.020682014524936676,0.4428586959838867,0.47144588828086853,-0.01849954016506672
0.33809468150138855,0.5095407962799072,3.592522901385564e-08,0.3605474829673767,0.4805077314376831,0.018957704305648804,0.3815322816371918,0.45579349994659424,0.023632828146219254,0.3984673023223877,0.449312686920166,0.02198105864226818,0.4121527671813965,0.4507356286048889,0.019246399402618408,0.3837025761604309,0.423229455947876,0.01680542342364788,0.41972988843917847,0.42493510246276855,0.014356797561049461,0.4354873299598694,0.4491579532623291,0.01249132864177227,0.4437962472438812,0.47170203924179077,0.011805012822151184,0.3856930136680603,0.4275965988636017,0.0022084638476371765,0.42675769329071045,0.4259195327758789,-0.0012537840520963073,0.44222310185432434,0.4568313658237457,-0.0035592056810855865,0.4461837708950043,0.4847915470600128,-0.0038559495005756617,0.38946428894996643,0.4431192874908447,-0.011616110801696777,0.4274502098560333,0.4266175329685211,-0.013798831962049007,0.4434601962566376,0.4572790563106537,-0.013327440246939659,0.4480249881744385,0.48448440432548523,-0.012081556022167206,0.39525407552719116,0.4667167067527771,-0.02435966208577156,0.42496156692504883,0.4428742229938507,-0.025142895057797432,0.439153254032135,0.45574912428855896,-0.02288759872317314,0.4448956549167633,0.47297775745391846,-0.02066611312329769
0.3390541076660156,0.5125351548194885,4.851838397712527e-08,0.36136090755462646,0.48574990034103394,0.01704871654510498,0.3821617364883423,0.4612168073654175,0.021019188687205315,0.39878252148628235,0.45483097434043884,0.019400542601943016,0.4115011394023895,0.4535914361476898,0.016976872459053993,0.3835591971874237,0.4266471862792969,0.012802716344594955,0.42054110765457153,0.4247755706310272,0.008594651706516743,0.43672531843185425,0.44915971159935,0.005651569925248623,0.4445197880268097,0.47183123230934143,0.004584423266351223,0.38553905487060547,0.43135732412338257,-0.0004551636229734868,0.4271375238895416,0.423702597618103,-0.004688452463597059,0.4442221224308014,0.4516921639442444,-0.007152253296226263,0.4487708806991577,0.4784030616283417,-0.007654540240764618,0.38914069533348083,0.44682589173316956,-0.013004750944674015,0.427560418844223,0.4267817437648773,-0.01544894278049469,0.4444373846054077,0.45435717701911926,-0.015023786574602127,0.44924357533454895,0.48020198941230774,-0.013873717747628689,0.3947313725948334,0.47034406661987305,-0.02455303445458412,0.4240580201148987,0.4451601803302765,-0.02525041066110134,0.4379723370075226,0.45692169666290283,-0.022945215925574303,0.4435799717903137,0.4742107689380646,-0.020697059109807014
0.3392683267593384,0.5167750716209412,4.518871321579354e-08,0.3628622889518738,0.4935632348060608,0.01693682000041008,0.3843572735786438,0.47033077478408813,0.02060532011091709,0.40243351459503174,0.46692362427711487,0.01865691877901554,0.4161074459552765,0.467258483171463,0.015929127112030983,0.3834187090396881,0.43039214611053467,0.012566580437123775,0.42090705037117004,0.4272868037223816,0.008203885518014431,0.4371444284915924,0.4508899450302124,0.004974765237420797,0.4447984993457794,0.47328031063079834,0.003624394303187728,0.38510653376579285,0.434809148311615,-0.000855895399581641,0.42797523736953735,0.42542189359664917,-0.005223255604505539,0.44497427344322205,0.45284661650657654,-0.00832277163863182,0.4494251012802124,0.4793960154056549,-0.009442079812288284,0.388748437166214,0.45013371109962463,-0.013533052057027817,0.42843058705329895,0.42845597863197327,-0.016069134697318077,0.445553183555603,0.4557374119758606,-0.016363954171538353,0.4501703679561615,0.4821181893348694,-0.015849022194743156,0.3948715627193451,0.4736325442790985,-0.02519283816218376,0.4248815178871155,0.44733473658561707,-0.025842107832431793,0.4391573965549469,0.458586722612381,-0.02388523519039154,0.4450092315673828,0.4760119318962097,-0.022099623456597328
0.3375954031944275,0.5161204934120178,4.981791690283899e-08,0.3604084551334381,0.4879511892795563,0.017036596313118935,0.3813144862651825,0.4635378122329712,0.02122473530471325,0.3987997770309448,0.4598773419857025,0.01983797550201416,0.411314457654953,0.46095168590545654,0.017634812742471695,0.38267290592193604,0.4288099706172943,0.014353753067553043,0.4204086363315582,0.4266490340232849,0.01076032966375351,0.43693557381629944,0.44922998547554016,0.007754307705909014,0.4444965422153473,0.4706600308418274,0.006527804769575596,0.38541948795318604,0.4343057870864868,0.0014868221478536725,0.4279771149158478,0.42537611722946167,-0.001568670035339892,0.4442901015281677,0.4521220922470093,-0.004178590606898069,0.44836315512657166,0.4773120582103729,-0.005076926201581955,0.389779269695282,0.4507881700992584,-0.010677921585738659,0.4288314878940582,0.4297170639038086,-0.01216863188892603,0.4453108012676239,0.45615023374557495,-0.012079164385795593,0.449818879365921,0.48120176792144775,-0.011403320357203484,0.395967036485672,0.4757325351238251,-0.021851733326911926,0.4259680211544037,0.4514002501964569,-0.021427791565656662,0.4398478865623474,0.46321016550064087,-0.018774475902318954,0.44550472497940063,0.47990864515304565,-0.01653958298265934
0.3367200195789337,0.5140199065208435,5.6289437111445295e-08,0.35854068398475647,0.48076021671295166,0.017375288531184196,0.37941643595695496,0.45683518052101135,0.021370528265833855,0.39726245403289795,0.4544161260128021,0.019759472459554672,0.4102599620819092,0.45773449540138245,0.017334921285510063,0.38173213601112366,0.4270681142807007,0.01417628861963749,0.4198724925518036,0.4257286787033081,0.01072034053504467,0.4364355802536011,0.44766542315483093,0.007978439331054688,0.44373899698257446,0.4687827527523041,0.006994809955358505,0.38541164994239807,0.43367260694503784,0.0012477287091314793,0.42786842584609985,0.4245305359363556,-0.0015373565256595612,0.44401100277900696,0.45069923996925354,-0.0035327416844666004,0.4475337862968445,0.47527557611465454,-0.003959236200898886,0.3901063799858093,0.45103591680526733,-0.01089757215231657,0.4291706383228302,0.42935246229171753,-0.01186275202780962,0.44540727138519287,0.45471933484077454,-0.010892800986766815,0.4495326280593872,0.47855401039123535,-0.009707345627248287,0.39603766798973083,0.4772179424762726,-0.02204771712422371,0.426596462726593,0.4528017044067383,-0.02101379819214344,0.4402390718460083,0.46420735120773315,-0.017571067437529564,0.44548189640045166,0.4802163541316986,-0.014759089797735214
0.33688104152679443,0.5110344290733337,6.160587417980423e-08,0.3589847981929779,0.4768580198287964,0.01729779876768589,0.37990888953208923,0.4532212018966675,0.021149173378944397,0.39783555269241333,0.4502336084842682,0.019426852464675903,0.41136378049850464,0.45271575450897217,0.016958147287368774,0.38206085562705994,0.4237631559371948,0.013643081299960613,0.42044469714164734,0.4231151044368744,0.009834245778620243,0.43687841296195984,0.4459593892097473,0.00700907688587904,0.44417932629585266,0.46755608916282654,0.005973356310278177,0.3855730891227722,0.4313628375530243,0.000705868296790868,0.42783674597740173,0.4226277470588684,-0.002589200623333454,0.44388604164123535,0.4494539499282837,-0.004707240499556065,0.4475513696670532,0.4748518466949463,-0.0052361274138092995,0.39006057381629944,0.44908446073532104,-0.011458522640168667,0.42882633209228516,0.4292115867137909,-0.012709775008261204,0.44522255659103394,0.4545997977256775,-0.011864380910992622,0.449828177690506,0.47883790731430054,-0.010820739902555943,0.3959108293056488,0.47528693079948425,-0.02263779379427433,0.4264388382434845,0.45292696356773376,-0.02186516299843788,0.44039151072502136,0.46460506319999695,-0.018796877935528755,0.44632458686828613,0.4808799624443054,-0.016296617686748505
0.3380834460258484,0.512764573097229,6.60631158666547e-08,0.36047959327697754,0.48007917404174805,0.01702127791941166,0.3812955617904663,0.45595937967300415,0.020481262356042862,0.39930030703544617,0.4520770013332367,0.018364060670137405,0.41327911615371704,0.4539247155189514,0.015544813126325607,0.38129353523254395,0.4232468008995056,0.01219215802848339,0.42065441608428955,0.4217890799045563,0.007600734010338783,0.4371257424354553,0.4462108314037323,0.00440550409257412,0.4446893632411957,0.46867844462394714,0.0031819050200283527,0.38438311219215393,0.43058842420578003,-0.0009233900345861912,0.4274766445159912,0.42165714502334595,-0.005250989459455013,0.44358593225479126,0.45004382729530334,-0.007830976508557796,0.4474633038043976,0.47643113136291504,-0.008563005365431309,0.3890295624732971,0.4484367072582245,-0.013258229941129684,0.42863282561302185,0.42896148562431335,-0.015236827544867992,0.44524964690208435,0.4556809663772583,-0.014816955663263798,0.450163871049881,0.4804151952266693,-0.013958730734884739,0.39527490735054016,0.4744468331336975,-0.024602634832262993,0.4263368546962738,0.45260369777679443,-0.024323489516973495,0.4407431483268738,0.46425414085388184,-0.021632710471749306,0.44715380668640137,0.4802427887916565,-0.019386451691389084
0.33898115158081055,0.5098766684532166,7.538282886798697e-08,0.3591601550579071,0.47337135672569275,0.014094141311943531,0.37965846061706543,0.4489615857601166,0.016443351283669472,0.3982793688774109,0.4462757408618927,0.013907207176089287,0.41295766830444336,0.44995689392089844,0.010713172145187855,0.3818555772304535,0.42266368865966797,0.009815394878387451,0.42082586884498596,0.4215361773967743,0.004706485662609339,0.43751615285873413,0.44410374760627747,0.0012516039423644543,0.4447837471961975,0.4649926424026489,8.140385762089863e-05,0.385532408952713,0.43131592869758606,-0.0014722360065206885,0.42840859293937683,0.42260444164276123,-0.006188962608575821,0.44407108426094055,0.45013654232025146,-0.008929514326155186,0.44735851883888245,0.47550976276397705,-0.009532259777188301,0.39041605591773987,0.4494400918483734,-0.012122846208512783,0.4297775626182556,0.43171295523643494,-0.014637681655585766,0.44597917795181274,0.4570866525173187,-0.014474105089902878,0.4504302740097046,0.480705201625824,-0.013411709107458591,0.3961602449417114,0.4751802086830139,-0.02194022946059704,0.4270155131816864,0.455178439617157,-0.022045498713850975,0.4415234625339508,0.466410756111145,-0.019559798762202263,0.44796156883239746,0.4811836779117584,-0.01716158352792263
0.340275377035141,0.5121178030967712,8.93510332389269e-08,0.3586844801902771,0.47782379388809204,0.011370991356670856,0.37945786118507385,0.45290613174438477,0.012518187053501606,0.39860376715660095,0.44922858476638794,0.009575341828167439,0.41394737362861633,0.4525482952594757,0.006296011619269848,0.38222309947013855,0.4252672493457794,0.005654945969581604,0.4219905734062195,0.42328667640686035,-0.00033777495264075696,0.4389108121395111,0.44617006182670593,-0.003919659182429314,0.44641250371932983,0.46754419803619385,-0.005049010273069143,0.3857889175415039,0.4335498809814453,-0.004211482126265764,0.4295552372932434,0.42437827587127686,-0.00990703422576189,0.4456847012042999,0.45165756344795227,-0.012414064258337021,0.44981813430786133,0.47671470046043396,-0.012729625217616558,0.39054131507873535,0.45158299803733826,-0.013528306968510151,0.4305044710636139,0.43291258811950684,-0.016710465773940086,0.4475668668746948,0.45790091156959534,-0.01628892682492733,0.4530777931213379,0.48148125410079956,-0.015030157752335072,0.3960091471672058,0.4778626263141632,-0.022195346653461456,0.42714929580688477,0.4572017192840576,-0.022510847076773643,0.44192612171173096,0.4685281217098236,-0.019837401807308197,0.44874894618988037,0.48365408182144165,-0.017322344705462456
0.339861124753952,0.5112682580947876,9.515895982303846e-08,0.35946038365364075,0.4794982373714447,0.012150744907557964,0.380685955286026,0.4558112621307373,0.01355062611401081,0.39913633465766907,0.4531567096710205,0.010812569409608841,0.4136030673980713,0.45618972182273865,0.007639904506504536,0.38371187448501587,0.4289840757846832,0.0045139300636947155,0.42389073967933655,0.42485204339027405,-0.0015574218705296516,0.4411996006965637,0.4476129710674286,-0.004751776345074177,0.44867467880249023,0.46865373849868774,-0.0055214473977684975,0.38656556606292725,0.43737727403640747,-0.005763155408203602,0.43092674016952515,0.4268133044242859,-0.01135394535958767,0.44831615686416626,0.4533444046974182,-0.013351364061236382,0.4537286162376404,0.4777264893054962,-0.013341154903173447,0.3905918002128601,0.4560237228870392,-0.015326031483709812,0.43090394139289856,0.43652135133743286,-0.01857146807014942,0.44916415214538574,0.46043115854263306,-0.017995400354266167,0.45604392886161804,0.48307886719703674,-0.01665269210934639,0.3952222764492035,0.4835187792778015,-0.024120425805449486,0.42633891105651855,0.46268177032470703,-0.02460073120892048,0.4418211281299591,0.47290968894958496,-0.021866977214813232,0.44963550567626953,0.4873300790786743,-0.019295118749141693
0.3380753993988037,0.5132654309272766,1.0436505704092269e-07,0.3581296503543854,0.4780847430229187,0.010970870964229107,0.3805792033672333,0.45678526163101196,0.011494100093841553,0.39983171224594116,0.45630109310150146,0.008188772946596146,0.4145415723323822,0.46059393882751465,0.004659026395529509,0.3840585947036743,0.4339536130428314,0.002710274187847972,0.4245118796825409,0.42995575070381165,-0.003973977640271187,0.4416428804397583,0.45279577374458313,-0.007230481132864952,0.44888556003570557,0.474727064371109,-0.007931377738714218,0.38699135184288025,0.44495832920074463,-0.007048639934509993,0.43117767572402954,0.432681143283844,-0.01323400903493166,0.44880425930023193,0.457960844039917,-0.015100941993296146,0.4550629258155823,0.48106807470321655,-0.014920665882527828,0.3905572295188904,0.46518704295158386,-0.016145573928952217,0.4309084415435791,0.4444887936115265,-0.020121755078434944,0.44956472516059875,0.46750518679618835,-0.019408389925956726,0.45740464329719543,0.48922714591026306,-0.017883356660604477,0.39456498622894287,0.49365752935409546,-0.024541588500142097,0.4260476231575012,0.4738936126232147,-0.025846080854535103,0.4419926106929779,0.48300665616989136,-0.023416835814714432,0.4507577419281006,0.49553433060646057,-0.02094336599111557
0.33632299304008484,0.5177682638168335,9.884442420116102e-08,0.35635098814964294,0.4835472106933594,0.010665317066013813,0.3792036175727844,0.46228912472724915,0.011193951591849327,0.398271769285202,0.4616551995277405,0.008072447963058949,0.4129493236541748,0.46553879976272583,0.004786873701959848,0.3835875391960144,0.4389979839324951,0.0018175217555835843,0.4244530200958252,0.4355609714984894,-0.00492912856861949,0.440670371055603,0.4584651291370392,-0.008207258768379688,0.4474374055862427,0.4800909459590912,-0.009024226106703281,0.38698750734329224,0.4503066837787628,-0.007901905104517937,0.43143728375434875,0.43864092230796814,-0.014120824635028839,0.44882455468177795,0.46319493651390076,-0.016008764505386353,0.4552169740200043,0.4854273498058319,-0.01597566343843937,0.3904871642589569,0.4710124433040619,-0.016944443807005882,0.4320342540740967,0.4502948522567749,-0.021027207374572754,0.45026662945747375,0.47358354926109314,-0.02024863287806511,0.45828768610954285,0.4955592453479767,-0.018802329897880554,0.3940463364124298,0.5002370476722717,-0.025289826095104218,0.4261966347694397,0.4813724160194397,-0.026501663029193878,0.4421428442001343,0.4896274507045746,-0.02391577512025833,0.4512902796268463,0.5008987188339233,-0.021472109481692314
0.33553624153137207,0.5195218920707703,9.996036709480904e-08,0.35579416155815125,0.48182207345962524,0.011484452523291111,0.3781093955039978,0.460246741771698,0.01224378403276205,0.39730802178382874,0.46027258038520813,0.009290101937949657,0.41198381781578064,0.46697863936424255,0.006090580020099878,0.38208696246147156,0.4399320185184479,0.0017932291375473142,0.4232240915298462,0.437167227268219,-0.0045890361070632935,0.4389033019542694,0.4592190682888031,-0.007286582607775927,0.44616904854774475,0.48040643334388733,-0.007861609570682049,0.3861735761165619,0.4518982470035553,-0.008171304129064083,0.4304310381412506,0.4379937946796417,-0.014735449105501175,0.4475160837173462,0.4609629809856415,-0.016139773651957512,0.4541228115558624,0.4827185869216919,-0.015573321841657162,0.38961195945739746,0.4735099673271179,-0.017336132004857063,0.4309670925140381,0.45107319951057434,-0.021792201325297356,0.4498600661754608,0.47309526801109314,-0.020877839997410774,0.45959725975990295,0.49398142099380493,-0.01919829100370407,0.3925250172615051,0.5033805966377258,-0.025667883455753326,0.42491745948791504,0.48514384031295776,-0.027441276237368584,0.4415336847305298,0.4916408360004425,-0.025200700387358665,0.45245274901390076,0.5005528926849365,-0.02289203181862831
0.33656418323516846,0.5194417238235474,8.541821472363154e-08,0.3564387857913971,0.4798845648765564,0.01238254364579916,0.37753063440322876,0.4583527445793152,0.013773594982922077,0.3957504332065582,0.4575929641723633,0.011147336103022099,0.4107280373573303,0.46333131194114685,0.008162006735801697,0.3806625008583069,0.4395603537559509,0.0044677359983325005,0.41998186707496643,0.43273505568504333,-0.0010621064575389028,0.4361529052257538,0.45261430740356445,-0.0034471473190933466,0.4443708062171936,0.4724290072917938,-0.00394290080294013,0.3856964111328125,0.45068123936653137,-0.005731684155762196,0.4283008277416229,0.4346279501914978,-0.011171539314091206,0.4447331428527832,0.4558904469013214,-0.012508639134466648,0.45093584060668945,0.477562814950943,-0.012077687308192253,0.39032840728759766,0.4715893864631653,-0.015171521343290806,0.4295984208583832,0.44822776317596436,-0.0184275321662426,0.4477745294570923,0.46816644072532654,-0.017582431435585022,0.4573470950126648,0.48811155557632446,-0.016314193606376648,0.3943469226360321,0.5003729462623596,-0.02377939410507679,0.42485693097114563,0.4799308180809021,-0.024713126942515373,0.439654678106308,0.4854513108730316,-0.022262582555413246,0.44903117418289185,0.4943126142024994,-0.019975218921899796
0.3360195755958557,0.5187244415283203,7.744917951413299e-08,0.354522705078125,0.4764649271965027,0.013198738917708397,0.37461212277412415,0.45445334911346436,0.015366717241704464,0.391860693693161,0.4526407718658447,0.013269377872347832,0.40681493282318115,0.4573620855808258,0.010754414834082127,0.37876832485198975,0.4373612701892853,0.008361048065125942,0.4149327874183655,0.4276915192604065,0.004259253386408091,0.4316810369491577,0.443368136882782,0.002319514052942395,0.4411041736602783,0.4597730338573456,0.0018570912070572376,0.3846445083618164,0.44781067967414856,-0.0021271142177283764,0.424459844827652,0.4304506182670593,-0.006009488366544247,0.4408576488494873,0.44853106141090393,-0.007238980382680893,0.44751274585723877,0.4681972563266754,-0.0069657438434660435,0.38993263244628906,0.4681149125099182,-0.011973137967288494,0.42688143253326416,0.4447435140609741,-0.014092993922531605,0.4447594881057739,0.4614361524581909,-0.013132881373167038,0.45455798506736755,0.47919654846191406,-0.011969955638051033,0.39446231722831726,0.4970283508300781,-0.02099423296749592,0.4237818121910095,0.4754873514175415,-0.020946433767676353,0.4381244480609894,0.47951415181159973,-0.01798461563885212,0.4472230076789856,0.48696812987327576,-0.015459512360394001
0.33612480759620667,0.5155173540115356,8.403501539078206e-08,0.35592472553253174,0.47493842244148254,0.013461831025779247,0.3748031556606293,0.45366546511650085,0.015821026638150215,0.3916628956794739,0.4530726671218872,0.013906853273510933,0.4061114192008972,0.45905691385269165,0.011464587412774563,0.3769814074039459,0.43628406524658203,0.007903014309704304,0.4146406650543213,0.4295366108417511,0.0037079472094774246,0.4306725859642029,0.4471406936645508,0.001942445756867528,0.43960079550743103,0.46576520800590515,0.0015901464503258467,0.38339245319366455,0.4466935992240906,-0.0024665987584739923,0.4240058660507202,0.4282776415348053,-0.006979919038712978,0.4403560161590576,0.44650915265083313,-0.008301901631057262,0.4471914768218994,0.4666861295700073,-0.007788226939737797,0.38930702209472656,0.4668334126472473,-0.012050604447722435,0.42659443616867065,0.43924933671951294,-0.015002857893705368,0.4438539743423462,0.45729684829711914,-0.014070260338485241,0.4532454013824463,0.4753898084163666,-0.012481697835028172,0.3943498134613037,0.4954063594341278,-0.020685212686657906,0.42329391837120056,0.47099772095680237,-0.021418146789073944,0.4366486966609955,0.47462987899780273,-0.01848411373794079,0.44520992040634155,0.48151516914367676,-0.015614363364875317
0.3356584906578064,0.5160515308380127,7.152290493195324e-08,0.3546358048915863,0.4746185839176178,0.015563316643238068,0.3725817799568176,0.4541631042957306,0.019102634862065315,0.3887537121772766,0.45310163497924805,0.017922453582286835,0.402239054441452,0.45848098397254944,0.016098301857709885,0.37525883316993713,0.4372670650482178,0.012529394589364529,0.41070595383644104,0.4324682056903839,0.010022769682109356,0.4269259572029114,0.4480787217617035,0.009175274521112442,0.43535977602005005,0.4654753804206848,0.009476792998611927,0.3828636705875397,0.44674617052078247,0.0017156607937067747,0.42136484384536743,0.4294523298740387,-0.0007969829603098333,0.4378294050693512,0.4457150101661682,-0.0008796147885732353,0.4450392425060272,0.46387553215026855,0.00036583252949640155,0.3898705244064331,0.46541523933410645,-0.008357832208275795,0.4252096116542816,0.43971723318099976,-0.009403322823345661,0.4419153332710266,0.45592445135116577,-0.007210592273622751,0.4507616460323334,0.47248169779777527,-0.004974401090294123,0.395750492811203,0.4924125671386719,-0.01743515394628048,0.4241875410079956,0.46997037529945374,-0.01613820344209671,0.4380713701248169,0.47399625182151794,-0.011937491595745087,0.44684725999832153,0.4812518060207367,-0.00831142719835043
0.3351694941520691,0.5135109424591064,8.80335662145626e-08,0.3542216718196869,0.47144997119903564,0.015876879915595055,0.3718690276145935,0.45215532183647156,0.01943705789744854,0.3878903090953827,0.45175832509994507,0.01811508648097515,0.40171730518341064,0.45850178599357605,0.016010230407118797,0.3742324113845825,0.4369918406009674,0.013823118060827255,0.40898627042770386,0.43410471081733704,0.011742263101041317,0.42596766352653503,0.44852811098098755,0.011026985943317413,0.4351041316986084,0.4658198356628418,0.011347890831530094,0.3822043836116791,0.4467940926551819,0.0027712855953723192,0.41976743936538696,0.42908307909965515,0.0005959177506156266,0.4367899000644684,0.44358763098716736,0.000577780301682651,0.4446709454059601,0.4610109329223633,0.001836880692280829,0.38950836658477783,0.4655550718307495,-0.007549986708909273,0.42405274510383606,0.4395624101161957,-0.008329234085977077,0.4407617449760437,0.4543505609035492,-0.005932929459959269,0.44973811507225037,0.47011399269104004,-0.003548527369275689,0.39574742317199707,0.4926534593105316,-0.016877707093954086,0.4235701560974121,0.4687415063381195,-0.01545664481818676,0.43705958127975464,0.4724999666213989,-0.010922316461801529,0.44561225175857544,0.4800660014152527,-0.0069619701243937016
0.33745238184928894,0.5103468298912048,9.697782132889188e-08,0.3547772169113159,0.4691685438156128,0.014770789071917534,0.3719276189804077,0.4509105980396271,0.017771854996681213,0.3880751132965088,0.45011064410209656,0.01605834625661373,0.40204429626464844,0.45659586787223816,0.013588777743279934,0.37532681226730347,0.4366424083709717,0.012254882603883743,0.40957581996917725,0.4323936700820923,0.009623591788113117,0.42729219794273376,0.44595563411712646,0.00874040275812149,0.4371957778930664,0.4632777273654938,0.009065432474017143,0.3833118677139282,0.4449496269226074,0.001611063489690423,0.420112669467926,0.42733851075172424,-0.0008330503478646278,0.4378136992454529,0.44150325655937195,-0.0006918252329342067,0.44656676054000854,0.45906195044517517,0.0007395800785161555,0.3906469941139221,0.46294671297073364,-0.00839211605489254,0.4241228997707367,0.436796635389328,-0.009714484214782715,0.4413350522518158,0.45157504081726074,-0.007284229155629873,0.4507332444190979,0.4684009850025177,-0.0047570266760885715,0.39720630645751953,0.4896116852760315,-0.01750735379755497,0.42396703362464905,0.46462252736091614,-0.01707630604505539,0.43732500076293945,0.4686032235622406,-0.012973890639841557,0.4459437131881714,0.47767725586891174,-0.009106063283979893
0.3398597836494446,0.5067373514175415,1.0270012040791698e-07,0.3559945225715637,0.46567174792289734,0.013692380860447884,0.37276655435562134,0.4481799006462097,0.01608995907008648,0.3893592059612274,0.4478066861629486,0.014155316166579723,0.4035193622112274,0.45588451623916626,0.011482438072562218,0.377287894487381,0.43414655327796936,0.008961759507656097,0.4118478000164032,0.43224650621414185,0.005463886074721813,0.42944225668907166,0.44697266817092896,0.0044501228258013725,0.43902772665023804,0.4649365544319153,0.004841201473027468,0.3854353725910187,0.4436917304992676,-0.001107871881686151,0.4223179817199707,0.4276564419269562,-0.004802911542356014,0.4400375187397003,0.4431144595146179,-0.004693374503403902,0.44855645298957825,0.4613984525203705,-0.0030711516737937927,0.3926045596599579,0.46216803789138794,-0.010413485579192638,0.42665404081344604,0.43768590688705444,-0.01280095987021923,0.44377079606056213,0.45344048738479614,-0.010248519480228424,0.4525960087776184,0.47076964378356934,-0.007334886584430933,0.39866650104522705,0.4886379837989807,-0.018820347264409065,0.4262675642967224,0.4654500186443329,-0.01913929358124733,0.439739853143692,0.4707556664943695,-0.015008841641247272,0.44798940420150757,0.48054322600364685,-0.01087644137442112
0.34128338098526,0.5067818760871887,9.249013999124145e-08,0.35684290528297424,0.4652481973171234,0.015066846273839474,0.37296366691589355,0.44429633021354675,0.017664670944213867,0.38944268226623535,0.4430278241634369,0.015964211896061897,0.40347757935523987,0.45257478952407837,0.013336902484297752,0.37893179059028625,0.4300297498703003,0.007805896457284689,0.41387036442756653,0.43140465021133423,0.005468185059726238,0.43002834916114807,0.44678133726119995,0.005607477389276028,0.43812650442123413,0.46518874168395996,0.006557278800755739,0.3873855173587799,0.4420837163925171,-0.002808769466355443,0.42490679025650024,0.42816150188446045,-0.005480415187776089,0.44132834672927856,0.4443744421005249,-0.004443318583071232,0.4485718905925751,0.463780015707016,-0.0024594201240688562,0.3946067690849304,0.4626692235469818,-0.012304586358368397,0.429644376039505,0.44136303663253784,-0.013373248279094696,0.445651113986969,0.4577721357345581,-0.010508039966225624,0.4535095691680908,0.4746779799461365,-0.007916259579360485,0.4002160429954529,0.48981931805610657,-0.020695822313427925,0.4283331036567688,0.4694419801235199,-0.0201000664383173,0.441602885723114,0.47523605823516846,-0.01593996398150921,0.4497617185115814,0.48444128036499023,-0.01215553842484951
0.3402870297431946,0.502526581287384,9.03103725136134e-08,0.35674992203712463,0.46188434958457947,0.01581036113202572,0.374069482088089,0.44226956367492676,0.019274882972240448,0.39144131541252136,0.4425998330116272,0.018445774912834167,0.40537500381469727,0.45219147205352783,0.016673831269145012,0.3789895474910736,0.4262888431549072,0.009315663017332554,0.41409507393836975,0.42837637662887573,0.0078377490863204,0.43032100796699524,0.4444701671600342,0.008615780621767044,0.43838322162628174,0.4635609984397888,0.009945929050445557,0.38853567838668823,0.43937328457832336,-0.001180292572826147,0.4267621338367462,0.42457255721092224,-0.0030230514239519835,0.44273215532302856,0.44155582785606384,-0.0014868478756397963,0.4493885040283203,0.46115443110466003,0.0008586682961322367,0.3959237337112427,0.4604836106300354,-0.010455774143338203,0.4316536784172058,0.43810734152793884,-0.011137866415083408,0.4474058151245117,0.4555298388004303,-0.00751252006739378,0.4547291100025177,0.47328999638557434,-0.004295038525015116,0.4009459316730499,0.4878600239753723,-0.018541816622018814,0.42952877283096313,0.46640071272850037,-0.01764480397105217,0.44271326065063477,0.4731118381023407,-0.012868953868746758,0.4507589340209961,0.48275303840637207,-0.008530011400580406
0.3395880162715912,0.5041823983192444,8.29932176316106e-08,0.35597121715545654,0.4630458652973175,0.015918126329779625,0.3735015094280243,0.44186240434646606,0.019138848409056664,0.3910156488418579,0.44088760018348694,0.017956892028450966,0.4048914313316345,0.4505659341812134,0.015837058424949646,0.3792130947113037,0.4244302213191986,0.009455332532525063,0.4143982231616974,0.4287877678871155,0.007864117622375488,0.43090876936912537,0.445406973361969,0.008366484194993973,0.43889036774635315,0.4644678235054016,0.0094893928617239,0.38843366503715515,0.43767473101615906,-0.001268864027224481,0.4269990622997284,0.4243873953819275,-0.002938374876976013,0.443334698677063,0.44134628772735596,-0.0014721369370818138,0.45035308599472046,0.46064743399620056,0.0006398824625648558,0.39554259181022644,0.45933112502098083,-0.01081567071378231,0.43200790882110596,0.43763288855552673,-0.011362449266016483,0.4481178820133209,0.45520341396331787,-0.008065500296652317,0.45581358671188354,0.4729454517364502,-0.005280826240777969,0.40054360032081604,0.48760783672332764,-0.01916597969830036,0.4299762547016144,0.46676671504974365,-0.018155308440327644,0.4433707594871521,0.47320520877838135,-0.013515550643205643,0.45167645812034607,0.4820897877216339,-0.00943810772150755
0.33980289101600647,0.5098816156387329,7.281109049017687e-08,0.3563379943370819,0.468948632478714,0.01638837344944477,0.37482842803001404,0.4459417164325714,0.02008684165775776,0.3922979235649109,0.44410470128059387,0.019376816228032112,0.40667903423309326,0.45260849595069885,0.01789717748761177,0.38066336512565613,0.4268191158771515,0.009675662964582443,0.4165884554386139,0.4284171164035797,0.00862916000187397,0.4329449236392975,0.4444202184677124,0.00992162711918354,0.4410409927368164,0.46295416355133057,0.01155790500342846,0.3891189992427826,0.4394882023334503,-0.001311840140260756,0.42877283692359924,0.4257734417915344,-0.002828987780958414,0.44471797347068787,0.44220519065856934,-0.0010564849944785237,0.4513447880744934,0.46070459485054016,0.001357321278192103,0.39605996012687683,0.4613828957080841,-0.011066405102610588,0.4332362413406372,0.44004765152931213,-0.011465206742286682,0.44981253147125244,0.45652469992637634,-0.008309138007462025,0.4576948285102844,0.47312963008880615,-0.005601468961685896,0.4013163447380066,0.4904804229736328,-0.01957942359149456,0.43121764063835144,0.46875715255737305,-0.018284741789102554,0.44480952620506287,0.47460389137268066,-0.013719618320465088,0.45293402671813965,0.4834200143814087,-0.009776226244866848
0.3389013409614563,0.5176333785057068,8.153232755603312e-08,0.35588738322257996,0.47620394825935364,0.013944292441010475,0.3761756122112274,0.45230868458747864,0.016658741980791092,0.3939897119998932,0.4500654339790344,0.015187813900411129,0.4076310396194458,0.45752453804016113,0.01305116806179285,0.38371771574020386,0.43313807249069214,0.008698084391653538,0.42034685611724854,0.4328936040401459,0.0058058202266693115,0.43745723366737366,0.4493383467197418,0.004859019536525011,0.44631415605545044,0.46722495555877686,0.00499329250305891,0.39123693108558655,0.44501903653144836,-0.0017704524798318744,0.4311060309410095,0.4330030679702759,-0.004097822122275829,0.4476917088031769,0.45065638422966003,-0.003943191841244698,0.4552117586135864,0.468477338552475,-0.0027791333850473166,0.3977881073951721,0.4669630527496338,-0.011397565715014935,0.43454471230506897,0.44624724984169006,-0.012641774490475655,0.4516855776309967,0.4626505970954895,-0.01089753769338131,0.46041339635849,0.4786803126335144,-0.00912820640951395,0.4029594361782074,0.49719494581222534,-0.02010265365242958,0.4327951967716217,0.47574037313461304,-0.019613251090049744,0.4473753869533539,0.48102399706840515,-0.015997640788555145,0.4564892649650574,0.4895135760307312,-0.012765971943736076
0.3378291130065918,0.5236867666244507,8.230900050421042e-08,0.3579227924346924,0.48314985632896423,0.01365287508815527,0.3791731595993042,0.4622691571712494,0.01641227677464485,0.397656112909317,0.4627971351146698,0.015014340169727802,0.4101871848106384,0.47094714641571045,0.012986594811081886,0.3864879310131073,0.443617582321167,0.008866876363754272,0.42384058237075806,0.44328200817108154,0.005394975654780865,0.4409923851490021,0.4600346088409424,0.003527184948325157,0.4503382742404938,0.47722363471984863,0.002901417901739478,0.3932170569896698,0.45713651180267334,-0.0015045689651742578,0.4331260919570923,0.4453085660934448,-0.0042945160530507565,0.4501657783985138,0.46203547716140747,-0.004980223253369331,0.4590495228767395,0.4786577522754669,-0.0045707267709076405,0.3985266387462616,0.47963133454322815,-0.011138428933918476,0.43531596660614014,0.4595615267753601,-0.01288632769137621,0.4534781277179718,0.47410711646080017,-0.011647555977106094,0.46453893184661865,0.4883562922477722,-0.010338051244616508,0.4023689031600952,0.5097570419311523,-0.01992345042526722,0.4314996004104614,0.49020296335220337,-0.019817937165498734,0.4467298984527588,0.4927443265914917,-0.016720399260520935,0.4578903019428253,0.4978349506855011,-0.014035907573997974
0.33858880400657654,0.5344380736351013,1.125079833741438e-07,0.3578450381755829,0.4947844445705414,0.011618834920227528,0.38035207986831665,0.4738253653049469,0.0131911626085639,0.3991779088973999,0.47286003828048706,0.010980687104165554,0.4126795828342438,0.47834786772727966,0.00837243627756834,0.3876970410346985,0.45342570543289185,0.004775297828018665,0.4270704686641693,0.4527568221092224,-0.00047393227578140795,0.44527262449264526,0.47053471207618713,-0.002922941232100129,0.45528969168663025,0.48856979608535767,-0.0035404206719249487,0.39310774207115173,0.46659260988235474,-0.005039547104388475,0.43536823987960815,0.4552088975906372,-0.009627117775380611,0.4538859724998474,0.47358253598213196,-0.010701337829232216,0.463069885969162,0.49216142296791077,-0.010279112495481968,0.397605836391449,0.4889093041419983,-0.014206144958734512,0.4365188181400299,0.4697943925857544,-0.017034996300935745,0.45539262890815735,0.4865655303001404,-0.01606898009777069,0.46615147590637207,0.5032884478569031,-0.014741280116140842,0.40100204944610596,0.5183457732200623,-0.022700194269418716,0.4316437542438507,0.49899980425834656,-0.02340729907155037,0.4476194381713867,0.5034038424491882,-0.02087879553437233,0.45866841077804565,0.5113601684570312,-0.01846245676279068
0.3384999632835388,0.5395396947860718,1.1129093735462448e-07,0.3581394851207733,0.49948763847351074,0.01088507380336523,0.3805694878101349,0.4787372946739197,0.011755114421248436,0.3994418680667877,0.47819069027900696,0.00901556946337223,0.4141368567943573,0.48387086391448975,0.0059894053265452385,0.38719892501831055,0.4592941403388977,0.0031572224106639624,0.42701005935668945,0.4568907618522644,-0.002973021939396858,0.44496139883995056,0.4733603596687317,-0.005638696253299713,0.4544960558414459,0.49014678597450256,-0.006158788222819567,0.39220163226127625,0.47228100895881653,-0.006529107224196196,0.43520301580429077,0.4598556458950043,-0.012253700755536556,0.45374512672424316,0.47761377692222595,-0.013484862633049488,0.4622919261455536,0.4959934651851654,-0.012861550785601139,0.39646896719932556,0.49433067440986633,-0.01558797899633646,0.43597742915153503,0.4750334918498993,-0.0192406065762043,0.4553384780883789,0.49115797877311707,-0.01813240349292755,0.4664127230644226,0.507778525352478,-0.016410812735557556,0.39973995089530945,0.5241597294807434,-0.02397650107741356,0.43102794885635376,0.5038954019546509,-0.024894796311855316,0.4471147656440735,0.5079973936080933,-0.021917961537837982,0.4578908681869507,0.5158270597457886,-0.019009994342923164
0.3383110463619232,0.5442283153533936,1.1561089507949873e-07,0.3581826686859131,0.5054576992988586,0.011099251918494701,0.38047361373901367,0.48417192697525024,0.012249690480530262,0.3994225561618805,0.4825948476791382,0.009840595535933971,0.41432350873947144,0.4875389635562897,0.007097422610968351,0.38716426491737366,0.4625183939933777,0.0032702782191336155,0.4269687533378601,0.4604044258594513,-0.002545079216361046,0.4454919397830963,0.47660189867019653,-0.005076810251921415,0.45638957619667053,0.4920696020126343,-0.005723123904317617,0.3915870487689972,0.4746849238872528,-0.006579121109098196,0.4342465102672577,0.46314483880996704,-0.012134185060858727,0.45312467217445374,0.4808250665664673,-0.01334275584667921,0.4626554250717163,0.49868765473365784,-0.012880617752671242,0.395260751247406,0.49682387709617615,-0.015794456005096436,0.434454083442688,0.4786731004714966,-0.019495459273457527,0.4543134272098541,0.49392732977867126,-0.01855805516242981,0.4663466811180115,0.5095594525337219,-0.017040712758898735,0.3982791006565094,0.5275205373764038,-0.02430926077067852,0.42937496304512024,0.506635844707489,-0.025302568450570107,0.44562962651252747,0.5097463726997375,-0.022526223212480545,0.4569849967956543,0.5166652202606201,-0.01986534520983696
0.3397323489189148,0.5435335040092468,1.1977964220477588e-07,0.35848698019981384,0.504314661026001,0.011865941807627678,0.3799198269844055,0.48218390345573425,0.013497996143996716,0.39888519048690796,0.48182255029678345,0.011424822732806206,0.4138374924659729,0.4883899688720703,0.008753472939133644,0.3868713974952698,0.4609515964984894,0.0040237996727228165,0.42614397406578064,0.459947407245636,-0.0013494322774931788,0.44452589750289917,0.47691795229911804,-0.0038112900219857693,0.45538032054901123,0.49387243390083313,-0.004549328703433275,0.39218658208847046,0.47305890917778015,-0.005911309737712145,0.4348280131816864,0.46197009086608887,-0.011041644960641861,0.45375803112983704,0.4804249107837677,-0.01229320839047432,0.46320265531539917,0.49964025616645813,-0.011941544711589813,0.3962787687778473,0.4952775835990906,-0.015098722651600838,0.4354950189590454,0.47643551230430603,-0.018647585064172745,0.4552159607410431,0.4927172064781189,-0.01802447810769081,0.4670724868774414,0.5091509222984314,-0.016792740672826767,0.3992263972759247,0.5260108113288879,-0.023452408611774445,0.43049561977386475,0.5050229430198669,-0.024573031812906265,0.44566473364830017,0.5095193982124329,-0.021829014644026756,0.45586660504341125,0.5177741646766663,-0.019178787246346474
0.3412282168865204,0.5426691174507141,1.3362132733618637e-07,0.35994595289230347,0.503235936164856,0.011049597524106503,0.3812234699726105,0.48061901330947876,0.01204676367342472,0.40041637420654297,0.4797990322113037,0.009477512910962105,0.41560304164886475,0.4853763282299042,0.00643546786159277,0.38731101155281067,0.45958876609802246,0.002676951000466943,0.4272839426994324,0.4576578736305237,-0.003289872081950307,0.4455934166908264,0.4755179286003113,-0.006043714936822653,0.4564879834651947,0.49308183789253235,-0.006929747294634581,0.39221903681755066,0.47150951623916626,-0.007056856527924538,0.4357118308544159,0.45891156792640686,-0.012955945916473866,0.45503416657447815,0.47810372710227966,-0.014520494267344475,0.46465033292770386,0.4983064532279968,-0.014228150248527527,0.39616501331329346,0.4937422573566437,-0.0160620529204607,0.4360318183898926,0.47336310148239136,-0.020050063729286194,0.4561017155647278,0.4904283285140991,-0.01946972869336605,0.46822839975357056,0.5075663328170776,-0.018175870180130005,0.39912185072898865,0.5247401595115662,-0.024301182478666306,0.4300825595855713,0.5033856630325317,-0.025727974250912666,0.445607453584671,0.5073902010917664,-0.023197833448648453,0.4564429223537445,0.5153547525405884,-0.02066129818558693
0.34278273582458496,0.5438668131828308,1.2538563964881178e-07,0.3611111640930176,0.5044134259223938,0.011278023011982441,0.3823413848876953,0.4810923933982849,0.012435605749487877,0.4014875888824463,0.47941848635673523,0.009889401495456696,0.4165654480457306,0.48477408289909363,0.0068764896132051945,0.38806048035621643,0.4584282636642456,0.0031705901492387056,0.4281800389289856,0.45422443747520447,-0.00282258540391922,0.4460861086845398,0.4725589156150818,-0.00576478848233819,0.45647963881492615,0.4911709725856781,-0.006755144335329533,0.3929677903652191,0.46989014744758606,-0.006754254922270775,0.43592533469200134,0.45573461055755615,-0.012413904070854187,0.4551294445991516,0.4745420813560486,-0.014183840714395046,0.46475744247436523,0.49486643075942993,-0.014133178628981113,0.39726293087005615,0.49177855253219604,-0.015976382419466972,0.43615061044692993,0.4698081612586975,-0.019617462530732155,0.45595258474349976,0.4867205023765564,-0.019144326448440552,0.46774882078170776,0.5042001605033875,-0.018036672845482826,0.4010201096534729,0.5220853686332703,-0.024469150230288506,0.43150943517684937,0.49950259923934937,-0.025601154193282127,0.4467180371284485,0.5038741827011108,-0.02305019088089466,0.45719215273857117,0.5124746561050415,-0.020564613863825798
0.3431982100009918,0.5446107983589172,1.3275776211685297e-07,0.36086851358413696,0.5052884817123413,0.011327443644404411,0.3824253976345062,0.48155203461647034,0.012358758598566055,0.4017946720123291,0.4791851341724396,0.009825545363128185,0.41690874099731445,0.48466774821281433,0.0068258363753557205,0.3884429335594177,0.4585197865962982,0.0019552852027118206,0.4297380745410919,0.45507341623306274,-0.004128618165850639,0.44807207584381104,0.47332555055618286,-0.006802271120250225,0.4587887227535248,0.49064943194389343,-0.007519694976508617,0.39295586943626404,0.47045692801475525,-0.007848556153476238,0.4371139109134674,0.4567985236644745,-0.01377289928495884,0.45702096819877625,0.47595489025115967,-0.015154670923948288,0.4672676920890808,0.4956550896167755,-0.014797225594520569,0.39695385098457336,0.4920368194580078,-0.016833333298563957,0.436970978975296,0.4706178605556488,-0.02084158919751644,0.4574325680732727,0.48844388127326965,-0.01998671144247055,0.4692794680595398,0.5065075159072876,-0.01848689839243889,0.4004855453968048,0.5222464203834534,-0.02501584216952324,0.4319372773170471,0.5003476142883301,-0.02590927481651306,0.44787082076072693,0.5054630041122437,-0.022885624319314957,0.45833534002304077,0.514244556427002,-0.02011355571448803
0.3431260287761688,0.545189619064331,1.3313288604877016e-07,0.361657977104187,0.5076420307159424,0.010453619994223118,0.3839777708053589,0.4834707975387573,0.011057154275476933,0.40384164452552795,0.4805924594402313,0.008216490969061852,0.41897061467170715,0.48538869619369507,0.005062335170805454,0.3894003927707672,0.4589177668094635,0.0013920268975198269,0.43108707666397095,0.45589542388916016,-0.005120418965816498,0.4494060277938843,0.4749424159526825,-0.008258028887212276,0.46008938550949097,0.4919140040874481,-0.009339800104498863,0.3934398591518402,0.471109002828598,-0.008244560100138187,0.4382126033306122,0.4579567015171051,-0.014313830994069576,0.4579680562019348,0.47775745391845703,-0.015976514667272568,0.46820569038391113,0.4967569410800934,-0.015941083431243896,0.39722251892089844,0.49263614416122437,-0.017187166959047318,0.4381778836250305,0.4712826609611511,-0.02146391198039055,0.4589335024356842,0.4894002676010132,-0.02079564705491066,0.47101467847824097,0.5071210861206055,-0.01947595365345478,0.40077072381973267,0.5231280326843262,-0.02543255127966404,0.4328761100769043,0.5023669600486755,-0.026756485924124718,0.44945216178894043,0.5079322457313538,-0.02409195713698864,0.46055275201797485,0.5164816379547119,-0.021623486652970314
0.3430306017398834,0.5474250912666321,1.345137263797369e-07,0.36238399147987366,0.5101215839385986,0.010576771572232246,0.38545316457748413,0.4858761727809906,0.01123796310275793,0.40574684739112854,0.48342394828796387,0.008451027795672417,0.42102351784706116,0.4880613386631012,0.005362936295568943,0.3908097445964813,0.4607771039009094,0.0011881472310051322,0.4326932728290558,0.45812684297561646,-0.005193907301872969,0.4512861669063568,0.47752854228019714,-0.008176960051059723,0.4619528651237488,0.495124489068985,-0.009172018617391586,0.3943989872932434,0.4733646810054779,-0.00858465675264597,0.4399090111255646,0.46112972497940063,-0.014586401171982288,0.459878534078598,0.48142045736312866,-0.016175173223018646,0.470018208026886,0.5008947253227234,-0.01608196832239628,0.39768171310424805,0.49538570642471313,-0.017604101449251175,0.43943822383880615,0.4748407006263733,-0.02165306732058525,0.4603655934333801,0.4931999444961548,-0.020791923627257347,0.47231507301330566,0.5113193392753601,-0.01939072087407112,0.40076708793640137,0.5264125466346741,-0.025924930348992348,0.433244526386261,0.5055798292160034,-0.02705041691660881,0.45017966628074646,0.5111061334609985,-0.024231772869825363,0.4614463150501251,0.5200533866882324,-0.021667886525392532
0.34411394596099854,0.549733579158783,1.4772818701658252e-07,0.3632557690143585,0.511400580406189,0.010431776754558086,0.3865863084793091,0.4859704077243805,0.010704029351472855,0.4075527489185333,0.48264074325561523,0.007571088615804911,0.42393943667411804,0.48738643527030945,0.00405920622870326,0.3925473093986511,0.4620654582977295,-0.00020648943609558046,0.4349902272224426,0.45974862575531006,-0.0071483757346868515,0.4543243944644928,0.47961142659187317,-0.010381159372627735,0.4657289981842041,0.4978163540363312,-0.011552903801202774,0.39547792077064514,0.47512078285217285,-0.010052727535367012,0.4420706331729889,0.4635098874568939,-0.016947215422987938,0.46225956082344055,0.48487913608551025,-0.01890619471669197,0.47221457958221436,0.5058385133743286,-0.018953146412968636,0.39803802967071533,0.49747434258461,-0.019057834520936012,0.44039076566696167,0.47827833890914917,-0.02358747273683548,0.4610097408294678,0.4978349804878235,-0.022888194769620895,0.47250446677207947,0.5171560049057007,-0.02159002237021923,0.40049347281455994,0.5285196900367737,-0.027360117062926292,0.432975709438324,0.5086159110069275,-0.029041189700365067,0.450033575296402,0.5141496658325195,-0.02673337236046791,0.46164071559906006,0.5233185887336731,-0.024524647742509842
0.345041424036026,0.5500775575637817,1.565053793228799e-07,0.36519870162010193,0.5133702158927917,0.010393432341516018,0.38880455493927,0.4883127808570862,0.010101793333888054,0.41004064679145813,0.4850104749202728,0.006349224131554365,0.4266716539859772,0.48906925320625305,0.0021607608068734407,0.39484721422195435,0.4628814160823822,-0.001153258723206818,0.43753933906555176,0.46165844798088074,-0.008586429990828037,0.45694515109062195,0.4830264449119568,-0.012233244255185127,0.46850454807281494,0.5021907091140747,-0.01370401680469513,0.39688050746917725,0.4751366376876831,-0.01132798008620739,0.44426393508911133,0.46553564071655273,-0.018395643681287766,0.4647185504436493,0.4887252748012543,-0.020492348819971085,0.4748380780220032,0.5110999345779419,-0.02081628143787384,0.39869022369384766,0.4972289204597473,-0.02065829560160637,0.4423159956932068,0.47985363006591797,-0.025310197845101357,0.4630297124385834,0.5016292333602905,-0.024606065824627876,0.47426944971084595,0.5224626660346985,-0.023468444123864174,0.4007893204689026,0.5284138917922974,-0.0292938444763422,0.434284508228302,0.510587751865387,-0.031114086508750916,0.45192259550094604,0.5169926881790161,-0.028949575498700142,0.46389663219451904,0.5264474153518677,-0.026973482221364975
0.3471055328845978,0.5508444905281067,1.7817647801621206e-07,0.36651286482810974,0.5144376754760742,0.00923430547118187,0.39034536480903625,0.4885793924331665,0.008509190753102303,0.41200414299964905,0.48440608382225037,0.004495492670685053,0.4291282594203949,0.48808202147483826,-2.1552050384343602e-05,0.3982401490211487,0.46365007758140564,-0.002140009542927146,0.4413396120071411,0.46319323778152466,-0.010026643984019756,0.4617224633693695,0.4840083718299866,-0.014282199554145336,0.4745773673057556,0.5026488900184631,-0.016281310468912125,0.39955297112464905,0.47561562061309814,-0.011995376087725163,0.4469556510448456,0.4684833884239197,-0.01930936612188816,0.46802836656570435,0.49181750416755676,-0.02183469943702221,0.4791097640991211,0.5141178965568542,-0.022627001628279686,0.4004500210285187,0.497313529253006,-0.021117912605404854,0.44402825832366943,0.481180876493454,-0.026148837059736252,0.4649345874786377,0.50372314453125,-0.025911765173077583,0.476764976978302,0.5254161953926086,-0.025233987718820572,0.40176504850387573,0.5278779864311218,-0.02967291697859764,0.4342934787273407,0.5114240050315857,-0.03234316408634186,0.45130428671836853,0.5189252495765686,-0.03077988140285015,0.463013231754303,0.5292639136314392,-0.029213692992925644
0.3487773835659027,0.5478079319000244,1.839034808881479e-07,0.37095266580581665,0.5174039602279663,0.00847531296312809,0.3963048756122589,0.49378538131713867,0.0074425688944756985,0.41891902685165405,0.4912961721420288,0.003213427495211363,0.43662163615226746,0.4952326714992523,-0.001472610398195684,0.40224719047546387,0.4636993706226349,-0.002799899550154805,0.4444861114025116,0.4652317464351654,-0.011326526291668415,0.4648786187171936,0.48689430952072144,-0.016257071867585182,0.478213369846344,0.5063900351524353,-0.018811410292983055,0.40185266733169556,0.47467735409736633,-0.012688223272562027,0.4488545060157776,0.4710506498813629,-0.020659644156694412,0.47036656737327576,0.4949846863746643,-0.02390974760055542,0.4821960926055908,0.5179221630096436,-0.025299252942204475,0.4014940559864044,0.495941698551178,-0.021961858496069908,0.44489118456840515,0.4826582968235016,-0.027719970792531967,0.4662637710571289,0.5055659413337708,-0.028122538700699806,0.4786570370197296,0.5277174711227417,-0.027866514399647713,0.4022291898727417,0.5260164737701416,-0.030740931630134583,0.4345514178276062,0.5112407207489014,-0.034022729843854904,0.4518715441226959,0.518936038017273,-0.0329793244600296,0.463850200176239,0.5296537280082703,-0.03184259682893753
0.3491291105747223,0.543189287185669,1.9662316219637432e-07,0.3718825876712799,0.5141444206237793,0.007185798604041338,0.39811891317367554,0.4921132028102875,0.00548420287668705,0.42103734612464905,0.4911596477031708,0.0007920836214907467,0.43895867466926575,0.4958377182483673,-0.004321820102632046,0.40405410528182983,0.463457852602005,-0.004487201571464539,0.4461597800254822,0.4651554226875305,-0.014147672802209854,0.4666838049888611,0.4886724352836609,-0.01968890242278576,0.48010924458503723,0.5098145008087158,-0.022507579997181892,0.4029048681259155,0.47369882464408875,-0.014033746905624866,0.45006367564201355,0.47102490067481995,-0.02354135736823082,0.47173020243644714,0.4970768988132477,-0.02734452672302723,0.4835807979106903,0.5210994482040405,-0.028789229691028595,0.40183544158935547,0.49456560611724854,-0.023088373243808746,0.44532281160354614,0.48162826895713806,-0.030191022902727127,0.46725696325302124,0.5060577392578125,-0.030919408425688744,0.4800638258457184,0.529274582862854,-0.030511679127812386,0.40184175968170166,0.5248541235923767,-0.03171816095709801,0.4346027970314026,0.5102350115776062,-0.03578270971775055,0.4523524045944214,0.5185410976409912,-0.034924138337373734,0.46447792649269104,0.5299756526947021,-0.033756572753190994
0.350100040435791,0.5424493551254272,1.8342950625083176e-07,0.37198325991630554,0.5146825313568115,0.006965683773159981,0.39751359820365906,0.49246007204055786,0.005264954175800085,0.41958144307136536,0.4907042980194092,0.0006809646147303283,0.4367619752883911,0.4945814311504364,-0.004231329075992107,0.40394893288612366,0.4632037878036499,-0.005325278267264366,0.44626814126968384,0.463935524225235,-0.015300663188099861,0.4660644829273224,0.48847630620002747,-0.02083493396639824,0.478591650724411,0.5102756023406982,-0.023587772622704506,0.4030042588710785,0.4731976389884949,-0.014785991050302982,0.45042940974235535,0.46840885281562805,-0.024929070845246315,0.4717649519443512,0.49513012170791626,-0.028912683948874474,0.48280078172683716,0.5198449492454529,-0.030286593362689018,0.4023514688014984,0.49408408999443054,-0.023746315389871597,0.4466918110847473,0.4784875810146332,-0.03155884891748428,0.46891188621520996,0.503436803817749,-0.032762590795755386,0.48195451498031616,0.5270130038261414,-0.032514672726392746,0.40256527066230774,0.5249210596084595,-0.032232385128736496,0.435772180557251,0.5109298825263977,-0.037303175777196884,0.45390215516090393,0.5189309120178223,-0.03733856976032257,0.46655911207199097,0.5298961400985718,-0.03668656200170517
0.35281652212142944,0.543804407119751,1.750698004343576e-07,0.37480124831199646,0.5170775651931763,0.007072964683175087,0.40065547823905945,0.49426600337028503,0.005501891486346722,0.42306089401245117,0.4921274781227112,0.0010526617988944054,0.44035524129867554,0.4963580071926117,-0.0036792559549212456,0.40632036328315735,0.46410518884658813,-0.004878070205450058,0.4481784403324127,0.46523016691207886,-0.014622659422457218,0.4677674472332001,0.4894549548625946,-0.02008725516498089,0.4799673557281494,0.5111902356147766,-0.022817697376012802,0.40517428517341614,0.4742945432662964,-0.014268253929913044,0.45226535201072693,0.47040632367134094,-0.023996176198124886,0.47334811091423035,0.49719807505607605,-0.02786434255540371,0.4841494560241699,0.5220516324043274,-0.029244162142276764,0.40454432368278503,0.4949335753917694,-0.02316424623131752,0.4487471580505371,0.4794045686721802,-0.03060842491686344,0.47076791524887085,0.5044230222702026,-0.03181980177760124,0.4835633933544159,0.528418242931366,-0.03169849142432213,0.4050651788711548,0.5250072479248047,-0.03159358724951744,0.4374566972255707,0.5109097361564636,-0.03653381019830704,0.45503830909729004,0.5190999507904053,-0.03666770085692406,0.4672203063964844,0.5306422710418701,-0.03613666072487831
0.35522353649139404,0.5458041429519653,1.6510965394900268e-07,0.3784080445766449,0.5204882025718689,0.008998050354421139,0.40394729375839233,0.49836602807044983,0.007914950139820576,0.4259154796600342,0.4966399073600769,0.0035336057189852,0.44319960474967957,0.5019035935401917,-0.0013114064931869507,0.40822333097457886,0.4671373963356018,-0.0032953349873423576,0.4492834210395813,0.4703439176082611,-0.012237508781254292,0.4684564471244812,0.4939015507698059,-0.017033720389008522,0.4803428053855896,0.5154210329055786,-0.019338680431246758,0.4069945216178894,0.4762522578239441,-0.013547168113291264,0.4538947343826294,0.4744355082511902,-0.022427847608923912,0.47467100620269775,0.5003165006637573,-0.025595108047127724,0.48511990904808044,0.5248246192932129,-0.026530366390943527,0.40635648369789124,0.4965289831161499,-0.023150458931922913,0.45070624351501465,0.48212575912475586,-0.029880022630095482,0.4725812077522278,0.5064442157745361,-0.030624959617853165,0.48501282930374146,0.5301179885864258,-0.030272025614976883,0.4068858325481415,0.5264847874641418,-0.0321057103574276,0.43958690762519836,0.5127633810043335,-0.036469247192144394,0.4570441246032715,0.5212722420692444,-0.036097776144742966,0.46874314546585083,0.5335625410079956,-0.035228658467531204
0.355775386095047,0.5422021746635437,1.64642642630497e-07,0.3792511224746704,0.5176640748977661,0.008783572353422642,0.4037829339504242,0.49804413318634033,0.007887357845902443,0.4248097240924835,0.4975442886352539,0.0035933966282755136,0.44096529483795166,0.502855658531189,-0.0012587299570441246,0.40987539291381836,0.4693702757358551,-0.0013161464594304562,0.44923627376556396,0.47315987944602966,-0.009658999741077423,0.467992901802063,0.4962553083896637,-0.014496768824756145,0.4798406958580017,0.5162720084190369,-0.016988331452012062,0.40920954942703247,0.4771912693977356,-0.011393662542104721,0.4541900157928467,0.4750629663467407,-0.01969928853213787,0.47460615634918213,0.5006746053695679,-0.023002376779913902,0.4852645993232727,0.523967981338501,-0.024157293140888214,0.40865829586982727,0.4960596263408661,-0.02099216915667057,0.45173531770706177,0.4815206229686737,-0.027674894779920578,0.4729292690753937,0.5058361887931824,-0.028475778177380562,0.48528632521629333,0.5285063982009888,-0.028127549216151237,0.40867191553115845,0.5251665711402893,-0.02998620644211769,0.44096285104751587,0.5129116177558899,-0.03431859612464905,0.45832380652427673,0.5219641923904419,-0.03377264738082886,0.4701472520828247,0.5337880849838257,-0.032759372144937515
0.35671961307525635,0.5363525152206421,1.714177102485337e-07,0.37925925850868225,0.5135895609855652,0.007615069393068552,0.40331020951271057,0.49690723419189453,0.006498451344668865,0.4242556691169739,0.49874308705329895,0.002214868552982807,0.44009071588516235,0.5037130117416382,-0.0024601139593869448,0.41084983944892883,0.46963566541671753,-0.0012981126783415675,0.4497840106487274,0.47509127855300903,-0.009743629954755306,0.46827325224876404,0.4982399642467499,-0.014648949727416039,0.4800108075141907,0.5189332365989685,-0.017115185037255287,0.4107714891433716,0.4769667983055115,-0.01064849179238081,0.4554527997970581,0.4755651354789734,-0.019421428442001343,0.47574251890182495,0.5012339949607849,-0.022871283814311028,0.4863513708114624,0.5256830453872681,-0.023874947801232338,0.4106464385986328,0.4950075149536133,-0.01969347521662712,0.45322468876838684,0.48271626234054565,-0.026588620617985725,0.4741174280643463,0.5069831013679504,-0.027389831840991974,0.48655474185943604,0.5300812125205994,-0.026873726397752762,0.41077300906181335,0.5232974290847778,-0.02827758714556694,0.44236332178115845,0.5119504928588867,-0.03234662488102913,0.4591546654701233,0.5196481347084045,-0.03173687309026718,0.47085851430892944,0.5305864810943604,-0.03063688986003399
0.35625728964805603,0.5332258343696594,1.7640135752117203e-07,0.37856733798980713,0.5115905404090881,0.007539060432463884,0.40361979603767395,0.4943262040615082,0.006574485916644335,0.42490994930267334,0.49573731422424316,0.002518442692235112,0.4409833550453186,0.5012366771697998,-0.0017616109689697623,0.41060420870780945,0.46627676486968994,-0.0022243752609938383,0.4505646824836731,0.4728102385997772,-0.011208241805434227,0.4689710736274719,0.4976734519004822,-0.016315964981913567,0.48074671626091003,0.519376277923584,-0.018903633579611778,0.41050902009010315,0.4733114540576935,-0.011616501957178116,0.45620545744895935,0.4716998338699341,-0.021611126139760017,0.4767032563686371,0.49899008870124817,-0.02545580454170704,0.48724251985549927,0.5240767002105713,-0.026492508128285408,0.41038069128990173,0.4915865659713745,-0.02067297138273716,0.453895628452301,0.47968900203704834,-0.028736546635627747,0.47580182552337646,0.5053691267967224,-0.030109025537967682,0.4890279769897461,0.5285650491714478,-0.02968570403754711,0.41036561131477356,0.520820140838623,-0.0292072631418705,0.4434475302696228,0.5117346048355103,-0.034045469015836716,0.4613323211669922,0.5206403136253357,-0.03400641679763794,0.47393012046813965,0.531810462474823,-0.03324275463819504
0.3583168387413025,0.533983051776886,1.7838219434906932e-07,0.37956666946411133,0.5098939538002014,0.006680901162326336,0.40475696325302124,0.49109601974487305,0.004891549702733755,0.4266277551651001,0.49172505736351013,0.0002798204659484327,0.4433586895465851,0.4978697597980499,-0.00443203654140234,0.4112653136253357,0.46265503764152527,-0.004880042281001806,0.45299026370048523,0.46841153502464294,-0.01432151347398758,0.4709642827510834,0.4943026006221771,-0.019189072772860527,0.48203176259994507,0.5167098045349121,-0.021466277539730072,0.41113612055778503,0.47140955924987793,-0.013957544229924679,0.458042174577713,0.4704151153564453,-0.0244322270154953,0.47829627990722656,0.4986773431301117,-0.027905253693461418,0.48825377225875854,0.524147093296051,-0.02862953580915928,0.41109031438827515,0.49122846126556396,-0.022651221603155136,0.4552675485610962,0.48010581731796265,-0.03080165944993496,0.47729256749153137,0.5064656138420105,-0.0318676233291626,0.49027884006500244,0.5300595760345459,-0.03129265457391739,0.41130468249320984,0.5214871764183044,-0.03086594119668007,0.44499632716178894,0.5127508640289307,-0.03568396717309952,0.46316593885421753,0.522415280342102,-0.035529423505067825,0.4757053256034851,0.5341359376907349,-0.03471726179122925
0.3593710660934448,0.5366140604019165,1.8280931612935092e-07,0.38075730204582214,0.5074604153633118,0.00695050647482276,0.4050682485103607,0.4859107434749603,0.0048644524067640305,0.426630437374115,0.4846000373363495,-0.00010910062701441348,0.44335949420928955,0.49082648754119873,-0.005240376107394695,0.41053077578544617,0.45825299620628357,-0.006198452319949865,0.4529017210006714,0.46275025606155396,-0.016237422823905945,0.47099676728248596,0.4888458251953125,-0.021321194246411324,0.4819982051849365,0.5116367340087891,-0.02364918403327465,0.41026875376701355,0.469465970993042,-0.015637673437595367,0.4573756754398346,0.4656745195388794,-0.02670152299106121,0.4779052138328552,0.4932933747768402,-0.030338315293192863,0.48795533180236816,0.5186908841133118,-0.031035609543323517,0.4102693796157837,0.49151402711868286,-0.0245719812810421,0.45428478717803955,0.4775754511356354,-0.033315952867269516,0.47661325335502625,0.5024659037590027,-0.0345991849899292,0.4897885024547577,0.5249860286712646,-0.03398660197854042,0.4106771945953369,0.5235205292701721,-0.0329425148665905,0.44455134868621826,0.5130171775817871,-0.03858703002333641,0.4632231593132019,0.52138352394104,-0.038748517632484436,0.4763619303703308,0.5321816802024841,-0.037926871329545975
0.36218568682670593,0.5425143241882324,1.734115500084954e-07,0.38163429498672485,0.5091792941093445,0.006768242921680212,0.404877245426178,0.4847639203071594,0.004748760722577572,0.4257834553718567,0.48181530833244324,-4.287596675567329e-05,0.44202864170074463,0.488178551197052,-0.0049465131014585495,0.4090443253517151,0.45801159739494324,-0.005918093491345644,0.45097896456718445,0.45865654945373535,-0.015576092526316643,0.46922770142555237,0.48225948214530945,-0.020481035113334656,0.48046860098838806,0.5033832788467407,-0.02266584523022175,0.4097115099430084,0.4702722728252411,-0.01497245766222477,0.455933153629303,0.4617035984992981,-0.025124112144112587,0.47638949751853943,0.4863297641277313,-0.028445659205317497,0.4867010712623596,0.5095936059951782,-0.029069332405924797,0.41085338592529297,0.49278584122657776,-0.02352546714246273,0.45411527156829834,0.47441190481185913,-0.03161762282252312,0.4767179489135742,0.49628686904907227,-0.03287522867321968,0.49035537242889404,0.5167442560195923,-0.03236394375562668,0.41251039505004883,0.5249489545822144,-0.03151320666074753,0.445896714925766,0.5121029019355774,-0.03685063123703003,0.46444541215896606,0.5191382765769958,-0.0369759276509285,0.4776335656642914,0.5283766388893127,-0.03616928309202194
0.36258479952812195,0.5549513697624207,1.6904623123537021e-07,0.38029566407203674,0.5204549431800842,0.005360405892133713,0.40445011854171753,0.4946116805076599,0.0027626471128314734,0.4262799918651581,0.49009430408477783,-0.002123153069987893,0.4431898593902588,0.4949806332588196,-0.007097289897501469,0.4088115692138672,0.4664328694343567,-0.007315917871892452,0.45042330026626587,0.46465396881103516,-0.016849812120199203,0.46945053339004517,0.4864935874938965,-0.021814849227666855,0.4809999465942383,0.5053889155387878,-0.024073423817753792,0.40978556871414185,0.4803173243999481,-0.015458979643881321,0.45568516850471497,0.4697737991809845,-0.024678107351064682,0.47614431381225586,0.49228498339653015,-0.027841325849294662,0.48671025037765503,0.5135844945907593,-0.028705332428216934,0.4114927649497986,0.5035681128501892,-0.023105092346668243,0.4542270302772522,0.48326388001441956,-0.03021843731403351,0.47689512372016907,0.5023131966590881,-0.031141087412834167,0.4908011257648468,0.521263599395752,-0.030737582594156265,0.4139626920223236,0.534892201423645,-0.030313726514577866,0.44599345326423645,0.5191267728805542,-0.03494925796985626,0.46436843276023865,0.5246055126190186,-0.0347771942615509,0.4775056540966034,0.5331373810768127,-0.03390299528837204
0.3627767562866211,0.5664143562316895,1.603005017614123e-07,0.3815858066082001,0.529981255531311,0.008673164993524551,0.40474140644073486,0.5049070715904236,0.007315466646105051,0.4257807731628418,0.501143217086792,0.0030271110590547323,0.4421338438987732,0.5064541697502136,-0.0016328224446624517,0.41012275218963623,0.47913211584091187,-0.004340778104960918,0.45175275206565857,0.4774409234523773,-0.012276481837034225,0.47094234824180603,0.49699240922927856,-0.01599625125527382,0.4829879403114319,0.5149769186973572,-0.017681937664747238,0.4112452268600464,0.4916074573993683,-0.013871041126549244,0.45775577425956726,0.48155704140663147,-0.022372853010892868,0.47866716980934143,0.503268837928772,-0.025006214156746864,0.48976069688796997,0.5244510769844055,-0.025506457313895226,0.4128303527832031,0.5133228898048401,-0.022546235471963882,0.45599883794784546,0.4939003586769104,-0.0287184901535511,0.4789011776447296,0.5127916932106018,-0.028949808329343796,0.49296483397483826,0.5315740704536438,-0.028220077976584435,0.41512206196784973,0.5435612201690674,-0.030538583174347878,0.44696223735809326,0.5254055261611938,-0.03405539691448212,0.46495968103408813,0.5289837121963501,-0.03320516273379326,0.4779603183269501,0.5359031558036804,-0.03200564533472061
0.3623032569885254,0.569834291934967,1.6237464706136961e-07,0.38096708059310913,0.535747230052948,0.009384233504533768,0.40419620275497437,0.5094982981681824,0.009301485493779182,0.4255205988883972,0.5043435096740723,0.006082386709749699,0.4423370063304901,0.507671594619751,0.002482570940628648,0.40926414728164673,0.4818379282951355,-0.001010337145999074,0.4513076841831207,0.47816407680511475,-0.008214958943426609,0.47141051292419434,0.49632528424263,-0.01175709255039692,0.4846557080745697,0.5127463936805725,-0.013399915769696236,0.41093096137046814,0.49273741245269775,-0.010682882741093636,0.45744240283966064,0.4825018048286438,-0.018276702612638474,0.47917693853378296,0.5025581121444702,-0.020754829049110413,0.4916616976261139,0.5226260423660278,-0.02128596231341362,0.41298598051071167,0.5135192275047302,-0.01970222406089306,0.4559633433818817,0.4951898753643036,-0.025355936959385872,0.4792357385158539,0.512007474899292,-0.025822270661592484,0.4939708113670349,0.5288636088371277,-0.02533937618136406,0.4157278835773468,0.5435898900032043,-0.02805919572710991,0.4479285180568695,0.524815022945404,-0.031089162454009056,0.46571168303489685,0.5287560224533081,-0.030112626031041145,0.47864100337028503,0.5362551212310791,-0.02893066592514515
0.3605387806892395,0.5619158148765564,1.795461059828085e-07,0.3800583779811859,0.5279219746589661,0.008705487474799156,0.40375658869743347,0.5025774240493774,0.008489887230098248,0.42497125267982483,0.49804118275642395,0.005018307361751795,0.4420885741710663,0.5011633634567261,0.0011226184433326125,0.41004204750061035,0.47743600606918335,-1.0264438969898038e-05,0.45158445835113525,0.47202232480049133,-0.00757772708311677,0.4723495841026306,0.49070218205451965,-0.011859985068440437,0.48591551184654236,0.5080275535583496,-0.014038716442883015,0.4117598235607147,0.4874568581581116,-0.009530764073133469,0.45693230628967285,0.47657546401023865,-0.017184121534228325,0.47930848598480225,0.49714937806129456,-0.020250145345926285,0.4919697642326355,0.5178623795509338,-0.021322406828403473,0.41355377435684204,0.5077478885650635,-0.01861603930592537,0.45546069741249084,0.49068930745124817,-0.02427918277680874,0.4790704846382141,0.5080969333648682,-0.025234920904040337,0.4941217303276062,0.524713933467865,-0.025214727967977524,0.41600465774536133,0.5375970005989075,-0.027182232588529587,0.44831597805023193,0.5213920474052429,-0.030248986557126045,0.4660189151763916,0.5262397527694702,-0.029414312914013863,0.47871631383895874,0.5336335897445679,-0.028386805206537247
0.35928112268447876,0.5531132817268372,1.7996475776271836e-07,0.38102465867996216,0.518555223941803,0.009821897372603416,0.4053248167037964,0.4957062304019928,0.010248621925711632,0.4262586236000061,0.4926639199256897,0.007209817413240671,0.44302862882614136,0.4973917305469513,0.0037921681068837643,0.41194212436676025,0.4690060615539551,0.002633211435750127,0.45255914330482483,0.4694176912307739,-0.003959616180509329,0.472846657037735,0.4890689253807068,-0.008056743070483208,0.48631343245506287,0.5067188739776611,-0.010310686193406582,0.41441184282302856,0.4788036644458771,-0.007226571906358004,0.4584963619709015,0.4712187349796295,-0.013243593275547028,0.4801930785179138,0.4925059974193573,-0.015964126214385033,0.49265098571777344,0.5129640698432922,-0.01717469096183777,0.4163477122783661,0.4995940625667572,-0.01665247045457363,0.4574187994003296,0.4861217141151428,-0.02120276726782322,0.4805998206138611,0.5042411088943481,-0.022083455696702003,0.49573153257369995,0.5203492045402527,-0.022348539903759956,0.4184530973434448,0.5304020047187805,-0.025502797216176987,0.45115312933921814,0.5184510946273804,-0.027876868844032288,0.46891164779663086,0.5247969627380371,-0.026806650683283806,0.48193758726119995,0.5323168039321899,-0.025760747492313385
0.3598833680152893,0.5461293458938599,1.7402632579432975e-07,0.38246023654937744,0.5128128528594971,0.01014299038797617,0.4072459042072296,0.4912857413291931,0.010871834121644497,0.4285331666469574,0.4903859496116638,0.008006103336811066,0.44507110118865967,0.49733659625053406,0.004829966928809881,0.4130052328109741,0.46295589208602905,0.0038843974471092224,0.45378151535987854,0.46666792035102844,-0.0024862736463546753,0.4740009009838104,0.4867466390132904,-0.006634751334786415,0.4875282049179077,0.504707396030426,-0.008954453282058239,0.41576099395751953,0.47279438376426697,-0.006025791633874178,0.4598742723464966,0.46718719601631165,-0.011647356674075127,0.4807172119617462,0.48899391293525696,-0.014234049245715141,0.4926970303058624,0.5096169710159302,-0.01542865764349699,0.41794881224632263,0.4935779571533203,-0.01557905226945877,0.45972636342048645,0.4809629023075104,-0.019910836592316628,0.48255544900894165,0.4994262456893921,-0.02062225714325905,0.4975878596305847,0.5157821178436279,-0.02083958126604557,0.42034080624580383,0.524944007396698,-0.024563971906900406,0.4535958170890808,0.5149473547935486,-0.026766294613480568,0.47148388624191284,0.5222967267036438,-0.025605160742998123,0.48476213216781616,0.5300316214561462,-0.024572812020778656
0.361675500869751,0.5457092523574829,1.7026563625677227e-07,0.3837595582008362,0.509676456451416,0.00959217268973589,0.40689951181411743,0.48697373270988464,0.010238195769488811,0.4277438223361969,0.4847210943698883,0.007390533573925495,0.4436037540435791,0.4906195402145386,0.00441672233864665,0.41187453269958496,0.45834842324256897,0.00398932583630085,0.4521118998527527,0.46086448431015015,-0.0026939501985907555,0.47204479575157166,0.4807707369327545,-0.007145500276237726,0.485307514667511,0.4989970028400421,-0.009643289260566235,0.41541117429733276,0.4694870710372925,-0.00553261348977685,0.4584343135356903,0.4617993235588074,-0.011404256336390972,0.47894227504730225,0.4820009469985962,-0.01428338885307312,0.4909033179283142,0.5020822286605835,-0.015681397169828415,0.41837382316589355,0.49087387323379517,-0.014826646074652672,0.4587953984737396,0.47712525725364685,-0.019450079649686813,0.48166245222091675,0.49346616864204407,-0.020661888644099236,0.49696701765060425,0.508813202381134,-0.021104877814650536,0.42131391167640686,0.521760106086731,-0.02361460216343403,0.45373469591140747,0.5111243724822998,-0.02611599676311016,0.47177037596702576,0.5165870785713196,-0.025556882843375206,0.4857107400894165,0.5232712626457214,-0.02489365078508854
0.36483481526374817,0.5516135692596436,1.7534112828343495e-07,0.38420569896698,0.5132646560668945,0.007293284870684147,0.40604105591773987,0.48531821370124817,0.006255007348954678,0.42727911472320557,0.4794021248817444,0.0022510671988129616,0.4439229369163513,0.4833149313926697,-0.0017526412848383188,0.41023194789886475,0.45790964365005493,-0.0011564934393391013,0.4513359069824219,0.45602887868881226,-0.009661698713898659,0.47136569023132324,0.47541138529777527,-0.014710457995533943,0.48474982380867004,0.49355846643447876,-0.017369473353028297,0.4131477177143097,0.469939261674881,-0.00995349045842886,0.45642906427383423,0.45971688628196716,-0.018015233799815178,0.47781121730804443,0.47969675064086914,-0.02140151895582676,0.49063926935195923,0.5001707077026367,-0.022790560498833656,0.4164101183414459,0.49150240421295166,-0.01852584257721901,0.4561537504196167,0.4742565453052521,-0.0245915949344635,0.47963953018188477,0.4896285831928253,-0.026117216795682907,0.4955214262008667,0.5051717758178711,-0.026494137942790985,0.4203135669231415,0.5215044617652893,-0.02671581692993641,0.45159414410591125,0.505489706993103,-0.030031660571694374,0.4694324731826782,0.507820725440979,-0.02994079701602459,0.4833868443965912,0.5128670334815979,-0.029492270201444626
0.36610132455825806,0.5596557259559631,1.5621188254044682e-07,0.3858165144920349,0.5246344804763794,0.006946140434592962,0.4094136953353882,0.4969046413898468,0.005354154855012894,0.4316070079803467,0.49183759093284607,0.0010575008345767856,0.4486995041370392,0.49485528469085693,-0.0030975607223808765,0.4098154306411743,0.4662157893180847,-0.003022179240360856,0.45116373896598816,0.46013662219047546,-0.01104007102549076,0.46967998147010803,0.47989583015441895,-0.01525969710201025,0.48175325989723206,0.4968816041946411,-0.017379943281412125,0.4115525782108307,0.4782523810863495,-0.011825320310890675,0.4562883675098419,0.4654962420463562,-0.019755834713578224,0.47717857360839844,0.48610880970954895,-0.022694727405905724,0.4894784986972809,0.5058385133743286,-0.02361436001956463,0.41446346044540405,0.500053346157074,-0.020198099315166473,0.45544710755348206,0.4770490527153015,-0.026217270642518997,0.4783841669559479,0.49374568462371826,-0.026698792353272438,0.49328237771987915,0.5102697014808655,-0.026284903287887573,0.4188658595085144,0.5303739309310913,-0.028139561414718628,0.4491669535636902,0.5099915862083435,-0.03155127540230751,0.4665723145008087,0.5114405751228333,-0.030845502391457558,0.4796677827835083,0.51578688621521,-0.02989581599831581
0.3644765019416809,0.5716179013252258,1.45320385058767e-07,0.3844486176967621,0.5321400761604309,0.008685017004609108,0.40738803148269653,0.5064700841903687,0.008278915658593178,0.4279174506664276,0.5031796097755432,0.004576146136969328,0.44301214814186096,0.5090512633323669,0.0005875922506675124,0.4122146666049957,0.481101930141449,0.0017090077744796872,0.4506673216819763,0.4808146357536316,-0.0047405012883245945,0.4704453647136688,0.4981295168399811,-0.008754072710871696,0.48341575264930725,0.5159668326377869,-0.010890603065490723,0.4152998626232147,0.4931545853614807,-0.007459224667400122,0.4572252929210663,0.4831047058105469,-0.013127049431204796,0.47742366790771484,0.5014180541038513,-0.015399917960166931,0.48934870958328247,0.5201839208602905,-0.01615203358232975,0.41851818561553955,0.5140568614006042,-0.01617671549320221,0.457162469625473,0.4953506588935852,-0.020418066531419754,0.4786222279071808,0.5107415318489075,-0.020282110199332237,0.49247127771377563,0.5263683795928955,-0.019570518285036087,0.4220699965953827,0.5433701872825623,-0.02445937506854534,0.45165085792541504,0.5249557495117188,-0.02623390592634678,0.467862993478775,0.5294190645217896,-0.024104494601488113,0.4793055057525635,0.5368794798851013,-0.0220709890127182
0.36296188831329346,0.5827831029891968,1.4776304624319891e-07,0.3831155300140381,0.5452200770378113,0.008905512280762196,0.40626275539398193,0.5194124579429626,0.008935149759054184,0.42679595947265625,0.5146011114120483,0.005805632099509239,0.4423190653324127,0.5192708373069763,0.0025317007675766945,0.4097871780395508,0.492558091878891,0.0023983584251254797,0.44872382283210754,0.491059273481369,-0.003885274985805154,0.46870553493499756,0.506612241268158,-0.0078015453182160854,0.4821784198284149,0.5208734273910522,-0.009885360486805439,0.41292622685432434,0.5032532811164856,-0.006868076976388693,0.4554767310619354,0.49286049604415894,-0.01229618676006794,0.4764699637889862,0.5093578100204468,-0.0145504679530859,0.489263117313385,0.5256724953651428,-0.015437119640409946,0.41614940762519836,0.523658275604248,-0.01579022966325283,0.45578041672706604,0.5049737691879272,-0.019780589267611504,0.4781031608581543,0.5180330276489258,-0.01988689973950386,0.4931313395500183,0.5311833024024963,-0.01956143043935299,0.4200279414653778,0.5533842444419861,-0.024262992665171623,0.4507259130477905,0.53522789478302,-0.025770636275410652,0.46851885318756104,0.5364623069763184,-0.024183744564652443,0.4820210337638855,0.5400946140289307,-0.022823022678494453
0.361923485994339,0.5872719883918762,1.478224760376179e-07,0.3812505900859833,0.5507713556289673,0.010060102678835392,0.40335512161254883,0.5236600041389465,0.010803749784827232,0.4235076308250427,0.5184341669082642,0.008193528279662132,0.4390370845794678,0.5226392149925232,0.005331004969775677,0.40744268894195557,0.4961848556995392,0.0032789851538836956,0.44631147384643555,0.493249773979187,-0.0028173194732517004,0.4667544960975647,0.507134735584259,-0.006491031032055616,0.48083630204200745,0.5202478170394897,-0.008479651995003223,0.411018967628479,0.5056228637695312,-0.006395860109478235,0.4528507590293884,0.49255454540252686,-0.012125397101044655,0.47460082173347473,0.5080646276473999,-0.014128108508884907,0.48839518427848816,0.5238984823226929,-0.014705482870340347,0.4145849049091339,0.5257114768028259,-0.015665533021092415,0.45351678133010864,0.5044698715209961,-0.020356813445687294,0.47678568959236145,0.5162322521209717,-0.02062603272497654,0.49280133843421936,0.5281020402908325,-0.020192861557006836,0.4190171957015991,0.5562722682952881,-0.024319080635905266,0.44987139105796814,0.5359091758728027,-0.026508281007409096,0.4678293466567993,0.5361294150352478,-0.02521129697561264,0.481833279132843,0.5388253927230835,-0.02396615780889988
0.3613055348396301,0.5888186097145081,1.5539967535005417e-07,0.3806338906288147,0.550669252872467,0.010530421510338783,0.40202537178993225,0.5233530402183533,0.011489486321806908,0.4219134747982025,0.517421305179596,0.008860073983669281,0.43757364153862,0.5211489796638489,0.0059830257669091225,0.4060879647731781,0.4971892535686493,0.005070648621767759,0.4448677897453308,0.4928244948387146,-0.0008329462143592536,0.46554750204086304,0.5069189667701721,-0.004594999831169844,0.47972798347473145,0.5203486084938049,-0.006677936762571335,0.40973857045173645,0.5063673257827759,-0.00486299442127347,0.4513525068759918,0.49302414059638977,-0.010470828972756863,0.473380446434021,0.508476734161377,-0.012680296786129475,0.48745253682136536,0.5243769884109497,-0.013439200818538666,0.41346099972724915,0.5259425640106201,-0.014472248032689095,0.4522307217121124,0.5056149959564209,-0.018942151218652725,0.47555115818977356,0.516947329044342,-0.019133465364575386,0.4916065037250519,0.528398334980011,-0.01869514398276806,0.41826561093330383,0.5562400221824646,-0.023502167314291,0.44913041591644287,0.535783588886261,-0.025466999039053917,0.4668046534061432,0.5356855392456055,-0.02397884428501129,0.4806227385997772,0.5381974577903748,-0.022603509947657585
0.3606100380420685,0.5892006158828735,1.626147820843471e-07,0.37931811809539795,0.5505000948905945,0.011142967268824577,0.40021175146102905,0.5230897665023804,0.012209482491016388,0.4197210967540741,0.5169383883476257,0.00947557482868433,0.43528762459754944,0.5205368399620056,0.006296958774328232,0.4050978124141693,0.4974365830421448,0.005759220104664564,0.44406116008758545,0.49299854040145874,0.00022100457863416523,0.4652135670185089,0.5068325400352478,-0.0032997154630720615,0.4794154763221741,0.520382285118103,-0.005178338848054409,0.4088645875453949,0.5059562921524048,-0.0044684624299407005,0.45110395550727844,0.4928074777126312,-0.00967850536108017,0.47335684299468994,0.5085965991020203,-0.01169909443706274,0.4872503876686096,0.5249824523925781,-0.012302090413868427,0.4129180610179901,0.525183916091919,-0.014306352473795414,0.45204997062683105,0.5045260190963745,-0.018231723457574844,0.4755813181400299,0.5166774988174438,-0.01832924410700798,0.49126505851745605,0.5292090773582458,-0.017882421612739563,0.417929083108902,0.5551341772079468,-0.02352781407535076,0.4492174983024597,0.5334399938583374,-0.024987710639834404,0.466791033744812,0.5345333218574524,-0.02313680574297905,0.4798930287361145,0.538917601108551,-0.02149890549480915
0.36121076345443726,0.590151309967041,1.6268737113023235e-07,0.37942200899124146,0.5501956939697266,0.011250916868448257,0.4003264009952545,0.5217621326446533,0.0121657345443964,0.4200421869754791,0.5144984722137451,0.009263547137379646,0.4359923005104065,0.5179340839385986,0.0058368416503071785,0.40466544032096863,0.49624335765838623,0.005263895262032747,0.4439641535282135,0.4925505518913269,-0.0002916321100201458,0.46516546607017517,0.5054517984390259,-0.003643651260063052,0.4795212149620056,0.5183194875717163,-0.00535971112549305,0.4084528386592865,0.5051724910736084,-0.005097078159451485,0.45118463039398193,0.49293234944343567,-0.010406886227428913,0.47341883182525635,0.5079811811447144,-0.012294883839786053,0.4872318208217621,0.5239328742027283,-0.01277283113449812,0.41261938214302063,0.5246054530143738,-0.01501985639333725,0.45226776599884033,0.5043621063232422,-0.0189581997692585,0.4755416512489319,0.5160437822341919,-0.018984273076057434,0.49085402488708496,0.5282229781150818,-0.01848345808684826,0.417780339717865,0.5542266368865967,-0.024282008409500122,0.4493423104286194,0.531465470790863,-0.02574906125664711,0.46681302785873413,0.5327653288841248,-0.023797011002898216,0.47957509756088257,0.5376205444335938,-0.0220534298568964
0.36132097244262695,0.5905103087425232,1.5868373282046377e-07,0.3790489137172699,0.5495064854621887,0.012129299342632294,0.399568110704422,0.5211749076843262,0.013370299711823463,0.4190443754196167,0.513359785079956,0.01065983809530735,0.43513092398643494,0.517004132270813,0.0073195830918848515,0.4047125577926636,0.49533647298812866,0.006207034923136234,0.4437369704246521,0.49182552099227905,0.001220298232510686,0.46479761600494385,0.5051296353340149,-0.001994095277041197,0.479153573513031,0.5180149674415588,-0.003817072371020913,0.4087623357772827,0.5038672089576721,-0.004488535691052675,0.45152410864830017,0.49235817790031433,-0.009131328202784061,0.47350093722343445,0.5079609155654907,-0.010975148528814316,0.48709508776664734,0.5241459012031555,-0.011638179421424866,0.4129047095775604,0.5229494571685791,-0.014628054574131966,0.45246633887290955,0.5033054351806641,-0.01798366755247116,0.47528085112571716,0.5155919790267944,-0.017870616167783737,0.4901817739009857,0.5282265543937683,-0.017489658668637276,0.4178208112716675,0.5524749159812927,-0.024046124890446663,0.4490610361099243,0.5304660797119141,-0.02513301372528076,0.4665154218673706,0.5322896838188171,-0.02305814065039158,0.47928422689437866,0.53753262758255,-0.02135656215250492
0.36121517419815063,0.589500904083252,1.553654982444641e-07,0.3797544240951538,0.5484157204627991,0.01288132555782795,0.4010922908782959,0.520147442817688,0.014759879559278488,0.4207013249397278,0.5127531290054321,0.012491155415773392,0.4366556704044342,0.5163961052894592,0.009572506882250309,0.4056563675403595,0.4932793080806732,0.00816882960498333,0.4441281855106354,0.4909907579421997,0.0036726428661495447,0.4652572274208069,0.50423663854599,0.00044281434384174645,0.47982892394065857,0.5168559551239014,-0.0015095807611942291,0.40963321924209595,0.5009547472000122,-0.002870633266866207,0.4517151713371277,0.49159467220306396,-0.006927100475877523,0.47384023666381836,0.50747150182724,-0.008863923139870167,0.4876496493816376,0.5236614942550659,-0.009743493050336838,0.4137080907821655,0.5198676586151123,-0.013398898765444756,0.4527907073497772,0.5015867948532104,-0.016454854980111122,0.4756086468696594,0.514723002910614,-0.016588469967246056,0.4904220700263977,0.5275673866271973,-0.016483493149280548,0.41865304112434387,0.5493133664131165,-0.02316453866660595,0.4496718645095825,0.5280055999755859,-0.02405416965484619,0.4665936231613159,0.5307672023773193,-0.02197619527578354,0.4787158966064453,0.5367254614830017,-0.02036883309483528
0.362824410200119,0.5878816246986389,1.3730598880101752e-07,0.3818250000476837,0.5471391677856445,0.015657952055335045,0.4031379520893097,0.5195125937461853,0.018739596009254456,0.42232242226600647,0.5113334655761719,0.017152518033981323,0.43784624338150024,0.5150490403175354,0.01475483737885952,0.40664026141166687,0.4894919693470001,0.010759713128209114,0.44530463218688965,0.4893108308315277,0.007608089130371809,0.4658666253089905,0.5027949810028076,0.005296456161886454,0.4799889624118805,0.5156949758529663,0.0038317220751196146,0.4107264578342438,0.496840238571167,-0.0014012012397870421,0.4527719020843506,0.4903523921966553,-0.00420211860910058,0.47430241107940674,0.5070160031318665,-0.005442699883133173,0.4875287413597107,0.5238568186759949,-0.006059106905013323,0.4150658845901489,0.5157950520515442,-0.012816225178539753,0.45445165038108826,0.499031126499176,-0.0145866135135293,0.47681155800819397,0.5128430724143982,-0.014215546660125256,0.490911602973938,0.5261715650558472,-0.014087719842791557,0.42056211829185486,0.544735848903656,-0.02326306700706482,0.4514707922935486,0.5231116414070129,-0.02325020171701908,0.4682941436767578,0.5258002877235413,-0.020881030708551407,0.4801829755306244,0.5316537618637085,-0.019278837367892265
0.3635985553264618,0.5845417976379395,1.321940032994462e-07,0.383247971534729,0.5436186790466309,0.017142279073596,0.40562760829925537,0.5154168009757996,0.0215072613209486,0.4253409802913666,0.5065822005271912,0.020905226469039917,0.4409920573234558,0.5094799995422363,0.019494224339723587,0.4084918200969696,0.4848308265209198,0.014670543372631073,0.44626349210739136,0.4870150089263916,0.012794332578778267,0.46708086133003235,0.49979516863822937,0.010554521344602108,0.48170971870422363,0.5122177600860596,0.008914392441511154,0.4122820496559143,0.4922530949115753,0.0021010851487517357,0.4535282850265503,0.4889243543148041,0.0010171924950554967,0.4749595820903778,0.5047510862350464,-0.0003442198212724179,0.48852455615997314,0.5212510824203491,-0.0014323039213195443,0.4164218604564667,0.5106144547462463,-0.009719574823975563,0.45541858673095703,0.49802976846694946,-0.00979677215218544,0.47711506485939026,0.5112326145172119,-0.009553901851177216,0.4908856451511383,0.5243195295333862,-0.009940031915903091,0.422273188829422,0.5385340452194214,-0.02056785486638546,0.4528263211250305,0.519178032875061,-0.019310669973492622,0.46969619393348694,0.5220405459403992,-0.01689830794930458,0.48178258538246155,0.5279632806777954,-0.015535919927060604
0.3646923303604126,0.579696536064148,1.2957895023646415e-07,0.3848200738430023,0.5396876335144043,0.018029922619462013,0.4079000651836395,0.5121736526489258,0.02259943261742592,0.4280880093574524,0.504365861415863,0.02187042310833931,0.4441168010234833,0.5072768330574036,0.02026444301009178,0.40992406010627747,0.48038044571876526,0.015175141394138336,0.44853144884109497,0.4836495518684387,0.013265085406601429,0.46915921568870544,0.4995921850204468,0.011003118008375168,0.48335397243499756,0.5148023366928101,0.009412417188286781,0.4132919907569885,0.4877292215824127,0.0020770877599716187,0.4552842378616333,0.48607176542282104,0.0007791015086695552,0.4763355553150177,0.5048391819000244,-0.0007544322870671749,0.48889628052711487,0.5243202447891235,-0.001886760350316763,0.41730645298957825,0.505831778049469,-0.01019679568707943,0.4570479989051819,0.49429041147232056,-0.01011967845261097,0.4786694645881653,0.5105463266372681,-0.009968857280910015,0.4915846586227417,0.5267547369003296,-0.010432460345327854,0.42319726943969727,0.532514214515686,-0.021452635526657104,0.4544473886489868,0.513152539730072,-0.020303040742874146,0.4716181457042694,0.5175915360450745,-0.01818571798503399,0.4835300147533417,0.5255526304244995,-0.016987433657050133
0.36668792366981506,0.5784229636192322,1.1318894621581421e-07,0.38750702142715454,0.5395756363868713,0.019928110763430595,0.4102291464805603,0.5109878778457642,0.02530091255903244,0.43098291754722595,0.5024926066398621,0.024932142347097397,0.44720587134361267,0.5055186748504639,0.023581404238939285,0.4106418192386627,0.47713521122932434,0.01675449125468731,0.4498945474624634,0.48091644048690796,0.01562921516597271,0.47048985958099365,0.4986744821071625,0.013850473798811436,0.48458626866340637,0.5151709318161011,0.012406928464770317,0.4140393137931824,0.48433738946914673,0.0026634696405380964,0.4566463530063629,0.4836848974227905,0.0014917663065716624,0.4773215353488922,0.5051587224006653,-0.0001419657055521384,0.48875105381011963,0.5269004702568054,-0.0013505960814654827,0.41845375299453735,0.5023224353790283,-0.010403797030448914,0.4586133658885956,0.4907829463481903,-0.009968910366296768,0.47990673780441284,0.5097795724868774,-0.009767747484147549,0.4918047785758972,0.5280562043190002,-0.01031856145709753,0.4250321090221405,0.5284673571586609,-0.022304173558950424,0.456341952085495,0.5084794759750366,-0.020924638956785202,0.473182737827301,0.5137955546379089,-0.01883697137236595,0.48438990116119385,0.522767186164856,-0.01779613085091114
0.36763784289360046,0.5780890583992004,8.312019872391829e-08,0.3878631293773651,0.5384534001350403,0.02252890355885029,0.40933758020401,0.509189784526825,0.02897789143025875,0.4292519986629486,0.5002217292785645,0.029026702046394348,0.4449315369129181,0.5030266642570496,0.027719920501112938,0.41066431999206543,0.475869357585907,0.019096754491329193,0.4496228098869324,0.4788893759250641,0.01906774193048477,0.46984291076660156,0.49724775552749634,0.018021686002612114,0.48356372117996216,0.5138510465621948,0.017002584412693977,0.41420623660087585,0.48273271322250366,0.003719799220561981,0.45675545930862427,0.48137617111206055,0.003187294350937009,0.4761265516281128,0.5053129196166992,0.0018740207888185978,0.48585861921310425,0.5285760164260864,0.0009580039768479764,0.4188902676105499,0.5004386901855469,-0.010375981219112873,0.4588351845741272,0.4876801073551178,-0.009423483163118362,0.47883445024490356,0.5095750689506531,-0.008666988462209702,0.4890866279602051,0.5299623012542725,-0.008815128356218338,0.4257791042327881,0.5259268879890442,-0.023099683225154877,0.4569877088069916,0.5044098496437073,-0.021335642784833908,0.4738462269306183,0.5105514526367188,-0.018765540793538094,0.4846079349517822,0.5203461050987244,-0.017405154183506966
0.3683427572250366,0.5792335867881775,7.533098766998592e-08,0.38783761858940125,0.5388185381889343,0.023596545681357384,0.4088507890701294,0.5089436769485474,0.0305604450404644,0.4284746050834656,0.49976879358291626,0.030808093026280403,0.4441082775592804,0.5022185444831848,0.02963905967772007,0.41034239530563354,0.47606319189071655,0.021527931094169617,0.4481790363788605,0.47821083664894104,0.022289786487817764,0.4686289429664612,0.49565112590789795,0.021663723513484,0.4827110767364502,0.5117759108543396,0.02086343802511692,0.41436949372291565,0.48269665241241455,0.005636046174913645,0.45584040880203247,0.48108720779418945,0.00594162754714489,0.4754885733127594,0.5043523907661438,0.005001532379537821,0.486291766166687,0.5265048742294312,0.004261890891939402,0.41945797204971313,0.49966177344322205,-0.009030146524310112,0.45810702443122864,0.4871601462364197,-0.007510380353778601,0.4785931706428528,0.5083810091018677,-0.006450513377785683,0.4898245334625244,0.528048574924469,-0.006520756054669619,0.426677942276001,0.5243576169013977,-0.022319691255688667,0.4567326605319977,0.5016937851905823,-0.020284561440348625,0.4740172028541565,0.5068747401237488,-0.017571203410625458,0.485524982213974,0.5161370038986206,-0.0161896925419569
0.3707196116447449,0.5832729339599609,8.433514864236713e-08,0.38915249705314636,0.5432267189025879,0.02140098065137863,0.40980473160743713,0.5122104287147522,0.027197185903787613,0.429820716381073,0.5016511678695679,0.026784349232912064,0.44623082876205444,0.5028924942016602,0.025126902386546135,0.4107013940811157,0.47914525866508484,0.018136026337742805,0.44832462072372437,0.4791967570781708,0.017531247809529305,0.4685404300689697,0.4963110685348511,0.016174474731087685,0.48284396529197693,0.5120068192481995,0.014924402348697186,0.41446465253829956,0.4854089617729187,0.0031040103640407324,0.45572882890701294,0.4827510118484497,0.001870159525424242,0.47619932889938354,0.5045475959777832,0.00017443114484194666,0.4881735146045685,0.5258545279502869,-0.0009630225831642747,0.4194464385509491,0.5021539330482483,-0.010790985077619553,0.4575807452201843,0.4886329770088196,-0.010532252490520477,0.47846519947052,0.5082818865776062,-0.010044536553323269,0.4906184673309326,0.5269027948379517,-0.010304691269993782,0.42668768763542175,0.5266813039779663,-0.02342989668250084,0.456317275762558,0.5039418339729309,-0.02208893559873104,0.47349101305007935,0.5072790384292603,-0.01973794400691986,0.4855158030986786,0.514804482460022,-0.018544938415288925
0.371044397354126,0.5857274532318115,9.505138365284438e-08,0.38957715034484863,0.5446862578392029,0.019291475415229797,0.41084179282188416,0.5145736336708069,0.024053795263171196,0.430868536233902,0.5058588981628418,0.023063788190484047,0.44661155343055725,0.50648432970047,0.021119384095072746,0.41130757331848145,0.48478686809539795,0.015846313908696175,0.4496457278728485,0.47874435782432556,0.014735170640051365,0.4694173038005829,0.49385401606559753,0.013902131468057632,0.48201847076416016,0.5089172720909119,0.013537325896322727,0.4150884449481964,0.49176928400993347,0.0020985943265259266,0.4571220576763153,0.48186996579170227,0.0009423375013284385,0.47665730118751526,0.5026765465736389,0.0003193531883880496,0.4869459569454193,0.5227349400520325,0.0004256248939782381,0.4204622507095337,0.5089128613471985,-0.010636365972459316,0.4587409794330597,0.48990175127983093,-0.0103156054392457,0.47923728823661804,0.5075972676277161,-0.008833221159875393,0.49036461114883423,0.5256414413452148,-0.008036396466195583,0.427967369556427,0.5346683859825134,-0.022290518507361412,0.4573999345302582,0.5103446841239929,-0.020830737426877022,0.4746670126914978,0.5126232504844666,-0.01795300282537937,0.4865465760231018,0.5191546678543091,-0.016049915924668312
0.3736081123352051,0.5959393382072449,9.774395692829785e-08,0.39007237553596497,0.5550916194915771,0.016552746295928955,0.4095045328140259,0.5235791206359863,0.019363226369023323,0.42737075686454773,0.5140486359596252,0.017183009535074234,0.4424910247325897,0.5140069723129272,0.014163738116621971,0.4105210602283478,0.4967185854911804,0.0075745852664113045,0.44842901825904846,0.4777536988258362,0.0029465698171406984,0.46830853819847107,0.4917220175266266,0.0012724498519673944,0.4801802337169647,0.5085872411727905,0.0011889254674315453,0.4139973819255829,0.5031155943870544,-0.005127821583300829,0.4551602602005005,0.47550126910209656,-0.009309199638664722,0.4758371114730835,0.4928704500198364,-0.00938132219016552,0.48613959550857544,0.5130447149276733,-0.008246985264122486,0.41901955008506775,0.5212211012840271,-0.016854027286171913,0.4574795365333557,0.4916369318962097,-0.019382933154702187,0.47892308235168457,0.5091216564178467,-0.017069362103939056,0.4899592399597168,0.5282918214797974,-0.014907480217516422,0.4260990619659424,0.5480834245681763,-0.027534710243344307,0.4561169743537903,0.5191248655319214,-0.02849060297012329,0.47364771366119385,0.5198413133621216,-0.025839008390903473,0.48547855019569397,0.525361180305481,-0.023457227274775505
0.3751313388347626,0.6112591624259949,6.577263178542125e-08,0.3919065594673157,0.569796621799469,0.01742083951830864,0.4109854996204376,0.5350271463394165,0.020712021738290787,0.42879897356033325,0.5230511426925659,0.01870589144527912,0.4443962275981903,0.5210288763046265,0.015767091885209084,0.4106026887893677,0.5058192014694214,0.007783324923366308,0.4474833607673645,0.48082441091537476,0.002589302370324731,0.466765433549881,0.4931865334510803,0.0007767852512188256,0.4779781103134155,0.5104023218154907,0.0007622325210832059,0.41436702013015747,0.5116699934005737,-0.005799855105578899,0.45474883913993835,0.47494620084762573,-0.011136573739349842,0.4751662611961365,0.49167293310165405,-0.011826646514236927,0.48482951521873474,0.5142561793327332,-0.010583697818219662,0.4201192855834961,0.5303587913513184,-0.018260987475514412,0.45789045095443726,0.49885809421539307,-0.021395113319158554,0.4784521460533142,0.5177989602088928,-0.019260721281170845,0.4885109066963196,0.5374645590782166,-0.016759835183620453,0.4275053143501282,0.5569049119949341,-0.029565943405032158,0.4562721252441406,0.5248516798019409,-0.030129795894026756,0.4726681113243103,0.5263550877571106,-0.026740772649645805,0.4834127128124237,0.5331045985221863,-0.023669855669140816
0.37610161304473877,0.6226739287376404,5.312728390549637e-08,0.3910301923751831,0.5789406299591064,0.01733306422829628,0.40910065174102783,0.5408369302749634,0.0207561906427145,0.42647871375083923,0.5268687605857849,0.018668008968234062,0.4423137903213501,0.5226454138755798,0.015795499086380005,0.40898382663726807,0.5113093852996826,0.009568031877279282,0.4449736177921295,0.48105764389038086,0.004328172653913498,0.46494343876838684,0.49304309487342834,0.0019406602950766683,0.47627902030944824,0.5099827647209167,0.0016049027908593416,0.4133433401584625,0.5160255432128906,-0.00393756665289402,0.4520168602466583,0.4751332998275757,-0.008888902142643929,0.47264212369918823,0.49192357063293457,-0.010076824575662613,0.4825383126735687,0.5141987800598145,-0.0092668691650033,0.42005670070648193,0.5336351990699768,-0.01647971197962761,0.4555395245552063,0.4953879117965698,-0.01906740851700306,0.47606486082077026,0.5125093460083008,-0.017448950558900833,0.4864261746406555,0.5318753719329834,-0.01545875146985054,0.4290149211883545,0.5590993762016296,-0.027969226241111755,0.4565533399581909,0.5235005617141724,-0.02795267291367054,0.4723829925060272,0.5248830914497375,-0.024590840563178062,0.48256435990333557,0.5326430797576904,-0.021626705303788185
0.3762853741645813,0.629362165927887,4.495913685786945e-08,0.3911208212375641,0.5841851234436035,0.017938267439603806,0.4088413715362549,0.5450112819671631,0.021706990897655487,0.4262950122356415,0.5306714177131653,0.019866138696670532,0.4424070715904236,0.52630215883255,0.01722755655646324,0.4078522324562073,0.5159057378768921,0.010770048014819622,0.44313713908195496,0.48372676968574524,0.005475964397192001,0.4633677899837494,0.4939882457256317,0.0029920460656285286,0.4749298691749573,0.5095481276512146,0.0026273620314896107,0.41228964924812317,0.5204100012779236,-0.003084322204813361,0.45044684410095215,0.4749641418457031,-0.008628802374005318,0.471112996339798,0.49165698885917664,-0.010033017955720425,0.48061856627464294,0.5148881673812866,-0.008985300548374653,0.4195272922515869,0.5378721952438354,-0.015962686389684677,0.454517126083374,0.496728777885437,-0.018973637372255325,0.4748159646987915,0.5129189491271973,-0.017199547961354256,0.4848645329475403,0.5311712026596069,-0.014789240434765816,0.42905011773109436,0.5629740953445435,-0.02770373225212097,0.4560626745223999,0.5255200862884521,-0.02773427404463291,0.4714662432670593,0.5259650349617004,-0.02405666932463646,0.48119980096817017,0.5324891805648804,-0.020717164501547813
0.37783676385879517,0.6349522471427917,3.5364365658097086e-08,0.3927444815635681,0.5881882309913635,0.019784443080425262,0.4092668890953064,0.5493394732475281,0.024279868230223656,0.42640459537506104,0.5333579182624817,0.022809717804193497,0.442204087972641,0.5276824235916138,0.020467471331357956,0.4065106511116028,0.5169855952262878,0.013548036105930805,0.44173941016197205,0.4865158796310425,0.010035376064479351,0.4616529643535614,0.49461629986763,0.008581290952861309,0.4735605716705322,0.5073150396347046,0.008466715924441814,0.4114287197589874,0.520823061466217,-0.0009450233774259686,0.450507789850235,0.4772960841655731,-0.004741813521832228,0.47035807371139526,0.4938620924949646,-0.0053787315264344215,0.47959792613983154,0.5163128972053528,-0.004313305020332336,0.41920027136802673,0.537487804889679,-0.014326471835374832,0.45519548654556274,0.4979134202003479,-0.015861188992857933,0.47468364238739014,0.5145577788352966,-0.01351140532642603,0.48407140374183655,0.533168375492096,-0.011243836022913456,0.42932048439979553,0.5617761015892029,-0.026456495746970177,0.45647290349006653,0.5250800848007202,-0.025443099439144135,0.4719450771808624,0.526037335395813,-0.02142735943198204,0.4818805158138275,0.5327808856964111,-0.01821812428534031
0.37826958298683167,0.6360167860984802,4.0909682752499066e-08,0.39152953028678894,0.5890159606933594,0.019025985151529312,0.407566636800766,0.5492433905601501,0.0233784019947052,0.4241359531879425,0.5332272052764893,0.021935872733592987,0.4391244649887085,0.5268376469612122,0.019616926088929176,0.40629684925079346,0.5168482661247253,0.013059940189123154,0.4418989419937134,0.4860316812992096,0.00959446094930172,0.46181362867355347,0.49562230706214905,0.007943806238472462,0.4734202027320862,0.5091732740402222,0.007706644479185343,0.41144153475761414,0.5211805105209351,-0.0009621576755307615,0.45041003823280334,0.478202760219574,-0.0043374719098210335,0.4705476462841034,0.49457526206970215,-0.005229921080172062,0.4797915816307068,0.5164477229118347,-0.0045470744371414185,0.41927024722099304,0.5379254221916199,-0.013901188969612122,0.45460063219070435,0.4975616931915283,-0.015194360166788101,0.4744018614292145,0.5141128897666931,-0.01320994459092617,0.4837387800216675,0.5322736501693726,-0.011293714866042137,0.429234117269516,0.5621761679649353,-0.025642748922109604,0.45591434836387634,0.5247119069099426,-0.024327199906110764,0.47102266550064087,0.525904655456543,-0.020242543891072273,0.480236679315567,0.5326554179191589,-0.017073268070816994
0.37836718559265137,0.6387647390365601,3.3208419125685396e-08,0.39200103282928467,0.5902339220046997,0.020972535014152527,0.4075589179992676,0.5501753091812134,0.026451963931322098,0.42355069518089294,0.5336140394210815,0.025715915486216545,0.438228577375412,0.5265409350395203,0.024172862991690636,0.40574121475219727,0.5195630192756653,0.0168626606464386,0.4414149820804596,0.48889631032943726,0.014614559710025787,0.46123456954956055,0.49860379099845886,0.013299512676894665,0.4728095233440399,0.5115933418273926,0.013103372417390347,0.41114547848701477,0.5234132409095764,0.002187443198636174,0.4500831365585327,0.483439564704895,0.00015875117969699204,0.47030356526374817,0.4983939528465271,-0.0005570927751250565,0.4797886610031128,0.5180501937866211,-0.00011325614468660206,0.41912055015563965,0.5385540127754211,-0.011412672698497772,0.4541699290275574,0.49722984433174133,-0.011297655291855335,0.47380802035331726,0.5115643739700317,-0.009004652500152588,0.48353224992752075,0.5286157131195068,-0.007305772975087166,0.4299418330192566,0.5619708895683289,-0.02377772331237793,0.4559359848499298,0.5239665508270264,-0.021494608372449875,0.4710129201412201,0.5245585441589355,-0.017107194289565086,0.48044276237487793,0.531620979309082,-0.013914410956203938
0.3763773739337921,0.6338189244270325,4.3815216344000874e-08,0.39014580845832825,0.5842230319976807,0.022315142676234245,0.4062332510948181,0.5457246899604797,0.027694139629602432,0.4226238429546356,0.5306001901626587,0.026590825989842415,0.4380972385406494,0.5245564579963684,0.024395255371928215,0.4056456685066223,0.517184853553772,0.015601925551891327,0.4415574073791504,0.4871453642845154,0.013358967378735542,0.4613805413246155,0.49605250358581543,0.012915806844830513,0.47343572974205017,0.5096557140350342,0.013497410342097282,0.4107590913772583,0.5211819410324097,0.00010177410877076909,0.44993141293525696,0.482199490070343,-0.001725179492495954,0.4704529047012329,0.4955350458621979,-0.0008549409103579819,0.48007163405418396,0.5151913166046143,0.0008851383463479578,0.4184953272342682,0.5366151928901672,-0.01411036029458046,0.4545392394065857,0.49519142508506775,-0.014151099137961864,0.474603533744812,0.5085259079933167,-0.010181490331888199,0.4842035174369812,0.5260876417160034,-0.007037074770778418,0.42898136377334595,0.5606963634490967,-0.026938190683722496,0.455546498298645,0.5209473967552185,-0.025024166330695152,0.4711841940879822,0.521644115447998,-0.01959456317126751,0.48061835765838623,0.5304449796676636,-0.015208431519567966
0.37759461998939514,0.6327829360961914,6.09136208140626e-08,0.3911820352077484,0.581948459148407,0.021134963259100914,0.4073028564453125,0.5437726974487305,0.025978099554777145,0.4234580397605896,0.5285306572914124,0.02455688640475273,0.4390343427658081,0.5234894752502441,0.022101525217294693,0.4066612720489502,0.5121956467628479,0.016670675948262215,0.44134601950645447,0.48427820205688477,0.015240486711263657,0.46145015954971313,0.49147161841392517,0.014381327666342258,0.4744080901145935,0.5027559995651245,0.014264089986681938,0.41178759932518005,0.5168588757514954,0.0016511717112734914,0.4500502645969391,0.48436903953552246,0.0012498240685090423,0.47041207551956177,0.4965815842151642,0.00128501548897475,0.48098263144493103,0.5136382579803467,0.0018329391023144126,0.41923806071281433,0.5333868265151978,-0.01221854705363512,0.4539128541946411,0.4945712387561798,-0.01114288903772831,0.47387614846229553,0.5060501098632812,-0.00808521918952465,0.4845746159553528,0.5220544338226318,-0.006164115387946367,0.4293496012687683,0.5586206316947937,-0.02487538754940033,0.45478975772857666,0.5203763246536255,-0.02249809354543686,0.47004714608192444,0.5200125575065613,-0.017475178465247154,0.47997716069221497,0.5273833274841309,-0.013669434003531933
0.37694573402404785,0.6296341419219971,5.086018717292973e-08,0.3918246626853943,0.5797592401504517,0.0213981531560421,0.408465176820755,0.5413299202919006,0.02702459506690502,0.4245414733886719,0.5266175866127014,0.026243051514029503,0.4398290514945984,0.5227630138397217,0.024453820660710335,0.4073611795902252,0.5098286271095276,0.019584476947784424,0.44161781668663025,0.4842549264431,0.018748268485069275,0.46167218685150146,0.4935677647590637,0.017447875812649727,0.47480520606040955,0.5053370594978333,0.016734866425395012,0.41292881965637207,0.5154595375061035,0.004434890113770962,0.4494956135749817,0.48781776428222656,0.0040105609223246574,0.47038406133651733,0.5013410449028015,0.002679674420505762,0.4814809262752533,0.5198285579681396,0.0021490356884896755,0.4202548563480377,0.5321665406227112,-0.009686635807156563,0.4527418613433838,0.4958561062812805,-0.008476506918668747,0.47359588742256165,0.5061454772949219,-0.006757683586329222,0.4855526387691498,0.5219077467918396,-0.005835027899593115,0.43037816882133484,0.5567818284034729,-0.02263697050511837,0.45415955781936646,0.5185574889183044,-0.020166665315628052,0.46981459856033325,0.5159037709236145,-0.016023216769099236,0.4806782901287079,0.5215436220169067,-0.013040145859122276
0.37714093923568726,0.6239132881164551,6.702654786749918e-08,0.39082950353622437,0.5759254693984985,0.02028707042336464,0.40745505690574646,0.5379599332809448,0.02510959468781948,0.42394179105758667,0.5238900184631348,0.023912018164992332,0.43888887763023376,0.5198859572410583,0.02158510312438011,0.40762969851493835,0.5077412128448486,0.015023494139313698,0.442806601524353,0.48277172446250916,0.012959258630871773,0.4629509747028351,0.4924161434173584,0.011813447810709476,0.47547832131385803,0.5056750178337097,0.011600675992667675,0.4130561947822571,0.5138947367668152,0.0004075641627423465,0.4503902494907379,0.48376092314720154,-0.0013641195837408304,0.4719007611274719,0.49715155363082886,-0.002055754652246833,0.4826667606830597,0.5168721079826355,-0.001635463791899383,0.4201955497264862,0.5311279892921448,-0.013051112182438374,0.45303019881248474,0.4923880398273468,-0.013101894408464432,0.4746580421924591,0.5033664703369141,-0.010873236693441868,0.4866677224636078,0.5202929377555847,-0.009115170687437057,0.42983317375183105,0.5563506484031677,-0.025293517857789993,0.45388859510421753,0.5164420008659363,-0.024117331951856613,0.4697999358177185,0.5143111348152161,-0.020155714824795723,0.48057830333709717,0.5213589668273926,-0.016887003555893898
0.37539422512054443,0.6196011304855347,6.732937407605277e-08,0.38978055119514465,0.5707567930221558,0.01867685467004776,0.40749257802963257,0.5330544114112854,0.02305864542722702,0.42503902316093445,0.5197311043739319,0.02177753672003746,0.44070911407470703,0.5155283808708191,0.019558217376470566,0.4077959358692169,0.5042065382003784,0.014700096100568771,0.4434126019477844,0.48069533705711365,0.01241015363484621,0.46345651149749756,0.4916410446166992,0.010820488445460796,0.47553515434265137,0.5060409903526306,0.010287882760167122,0.4136315882205963,0.5111672878265381,0.0009941867319867015,0.4515705108642578,0.4827136993408203,-0.0009814072400331497,0.4725331664085388,0.49737709760665894,-0.002523049246519804,0.4825597107410431,0.5181155204772949,-0.00278385984711349,0.4208187162876129,0.528689980506897,-0.011709030717611313,0.45442458987236023,0.4929739534854889,-0.011930630542337894,0.4755892753601074,0.5052385330200195,-0.010757151059806347,0.48684829473495483,0.5228584408760071,-0.009838010184466839,0.43004849553108215,0.5539476871490479,-0.023303197696805,0.45478373765945435,0.5169787406921387,-0.022405575960874557,0.4708375632762909,0.5150290727615356,-0.01932690478861332,0.48163920640945435,0.5217120051383972,-0.01680670492351055
0.37480628490448,0.6188949346542358,7.529477130674422e-08,0.3882273733615875,0.5713757276535034,0.01575162075459957,0.4072374999523163,0.5336794853210449,0.018603317439556122,0.42564627528190613,0.5208539962768555,0.016339998692274094,0.4423220455646515,0.5160332322120667,0.013386666774749756,0.4082235097885132,0.5052729845046997,0.010135967284440994,0.4449167847633362,0.4792245626449585,0.0048842839896678925,0.46544215083122253,0.49225157499313354,0.0018668167758733034,0.47721725702285767,0.5100429654121399,0.0009824300650507212,0.4133317172527313,0.5131564140319824,-0.0025728349573910236,0.4520558714866638,0.48237162828445435,-0.007841372862458229,0.4740317463874817,0.49899840354919434,-0.010445253923535347,0.4841792583465576,0.5220794677734375,-0.010783480480313301,0.41988760232925415,0.5308302640914917,-0.01452617533504963,0.45442628860473633,0.4927683174610138,-0.017563141882419586,0.47665607929229736,0.5057680606842041,-0.017090145498514175,0.4883565902709961,0.5251210927963257,-0.015837812796235085,0.42890599370002747,0.5560791492462158,-0.025522595271468163,0.4548206925392151,0.5171838402748108,-0.026356268674135208,0.47152820229530334,0.5159992575645447,-0.023810574784874916,0.4822675585746765,0.5248384475708008,-0.02119140699505806
0.3764760494232178,0.62056964635849,7.384364408835609e-08,0.3860485255718231,0.5744249820709229,0.014289786107838154,0.402057945728302,0.5372613072395325,0.01656298153102398,0.4173705279827118,0.522933840751648,0.01410924457013607,0.4313894510269165,0.517469584941864,0.01101343147456646,0.407268226146698,0.508948802947998,0.008288159966468811,0.4433974027633667,0.4817046821117401,0.002686039311811328,0.4632871448993683,0.49262771010398865,-0.0003619087510742247,0.4744487404823303,0.5098699331283569,-0.0012701326049864292,0.4136313498020172,0.5155220031738281,-0.0035937735810875893,0.4514043629169464,0.47961992025375366,-0.008886176161468029,0.47312504053115845,0.4925222098827362,-0.011105244047939777,0.4839582145214081,0.5131630897521973,-0.011330360546708107,0.42124664783477783,0.5319529175758362,-0.014853386208415031,0.4540864825248718,0.48874902725219727,-0.01828782446682453,0.4762501120567322,0.4997357726097107,-0.018170729279518127,0.48874297738075256,0.5176485180854797,-0.017274927347898483,0.4310842752456665,0.557013213634491,-0.025199705734848976,0.4564743638038635,0.5161343812942505,-0.02631986327469349,0.4723708927631378,0.515191912651062,-0.023977436125278473,0.48252248764038086,0.5240575075149536,-0.02164563722908497
0.3773670196533203,0.6275102496147156,6.292516729899944e-08,0.3888115882873535,0.5808570384979248,0.013868087902665138,0.4055323004722595,0.5441799759864807,0.016104422509670258,0.4207856059074402,0.5301793813705444,0.01383411418646574,0.43471425771713257,0.5237394571304321,0.011090705171227455,0.4097995162010193,0.5167722702026367,0.00815229769796133,0.4436420500278473,0.48999959230422974,0.0029470783192664385,0.4632047712802887,0.498706579208374,0.0002985516912303865,0.47479501366615295,0.514183759689331,-0.00035704014590010047,0.41578492522239685,0.522870659828186,-0.0033449663314968348,0.4525004029273987,0.48516926169395447,-0.00842294842004776,0.47394099831581116,0.4954190254211426,-0.010277672670781612,0.48496490716934204,0.5140296816825867,-0.01004374586045742,0.4232458770275116,0.5385773777961731,-0.014163846150040627,0.4545214772224426,0.49317222833633423,-0.017427170649170876,0.4757729470729828,0.5022664666175842,-0.016850518062710762,0.4878101944923401,0.5182768702507019,-0.015530293807387352,0.4324010908603668,0.5629997849464417,-0.024102434515953064,0.4557923674583435,0.5215367674827576,-0.02520615980029106,0.4711659550666809,0.517996072769165,-0.022626440972089767,0.4811711609363556,0.5247166752815247,-0.01996595598757267
0.3773346543312073,0.6377599239349365,6.222140314093849e-08,0.3891372084617615,0.591543436050415,0.01284977700561285,0.40583768486976624,0.5541768074035645,0.014722958207130432,0.42093372344970703,0.537794291973114,0.012289902195334435,0.4350089728832245,0.528654158115387,0.009592480957508087,0.4095875024795532,0.5279639363288879,0.006162072066217661,0.4423443078994751,0.49298539757728577,-0.0006280836532823741,0.4630569517612457,0.499108225107193,-0.0037530511617660522,0.47541865706443787,0.514812707901001,-0.004337230697274208,0.4151543080806732,0.5334665179252625,-0.004960234742611647,0.4494861364364624,0.4880068302154541,-0.011656626127660275,0.472197949886322,0.4963208734989166,-0.01368875615298748,0.48437148332595825,0.5142565965652466,-0.013220216147601604,0.4225439131259918,0.5486490726470947,-0.015537631697952747,0.45216092467308044,0.497074156999588,-0.020369434729218483,0.4743862450122833,0.5038512945175171,-0.019963951781392097,0.48754891753196716,0.519352376461029,-0.01829756796360016,0.432204931974411,0.5729545950889587,-0.0252935029566288,0.45464232563972473,0.5282555818557739,-0.02830389514565468,0.47086864709854126,0.5208407640457153,-0.026887303218245506,0.482021301984787,0.5243845582008362,-0.024621153250336647
0.3773413896560669,0.6449673175811768,7.207759011862436e-08,0.38907939195632935,0.5965426564216614,0.011280019767582417,0.4050670266151428,0.559574544429779,0.012294251471757889,0.42055684328079224,0.5432194471359253,0.009302528575062752,0.4343486726284027,0.5348203182220459,0.006099008023738861,0.40932708978652954,0.5361329317092896,0.0036383201368153095,0.44183653593063354,0.49574124813079834,-0.004374295007437468,0.462756484746933,0.5001236796379089,-0.008378424681723118,0.47549715638160706,0.5130801200866699,-0.009609407745301723,0.4149573743343353,0.5419086217880249,-0.006931660231202841,0.44800421595573425,0.4911867082118988,-0.01508580707013607,0.47050023078918457,0.49785053730010986,-0.017798494547605515,0.48266854882240295,0.5137838125228882,-0.017657821998000145,0.4220316410064697,0.5577102303504944,-0.017002971842885017,0.45026054978370667,0.5025695562362671,-0.023022107779979706,0.47243958711624146,0.5067471265792847,-0.022302763536572456,0.48653504252433777,0.5197275876998901,-0.02014300972223282,0.43160709738731384,0.5839375853538513,-0.0264167170971632,0.45289358496665955,0.5380733609199524,-0.030021561309695244,0.46875497698783875,0.5270963311195374,-0.02839875966310501,0.48100072145462036,0.5260614156723022,-0.025867143645882607
0.37592995166778564,0.6486690640449524,8.891455394177683e-08,0.38983458280563354,0.5980126857757568,0.013241216540336609,0.4052127003669739,0.5623228549957275,0.014588041231036186,0.42061200737953186,0.5480529069900513,0.01140556763857603,0.4342169463634491,0.5406517386436462,0.007639829535037279,0.40821558237075806,0.5370968580245972,0.005238979123532772,0.4410838484764099,0.49888888001441956,-0.0022092098370194435,0.4627172648906708,0.5036137700080872,-0.006023010704666376,0.47671860456466675,0.5162498950958252,-0.007584863808006048,0.413766473531723,0.5435477495193481,-0.006752728950232267,0.44783642888069153,0.4917365610599518,-0.014883048832416534,0.4711509346961975,0.4969507157802582,-0.01779135875403881,0.48503378033638,0.5113469362258911,-0.017932100221514702,0.42080509662628174,0.5609480738639832,-0.018106915056705475,0.44979456067085266,0.5011157989501953,-0.024539712816476822,0.4726545214653015,0.5038518905639648,-0.024200372397899628,0.48806267976760864,0.5150744915008545,-0.022360242903232574,0.43047747015953064,0.5893609523773193,-0.028611859306693077,0.4511266052722931,0.5407133102416992,-0.033379655331373215,0.46683844923973083,0.5285586714744568,-0.0325775071978569,0.4802648723125458,0.5264362096786499,-0.030614979565143585
0.3779805898666382,0.6544879078865051,7.869780915825686e-08,0.38991019129753113,0.6051599979400635,0.013811814598739147,0.40474987030029297,0.5677260160446167,0.015111474320292473,0.4199415445327759,0.5501714944839478,0.011943740770220757,0.4344019591808319,0.5386332273483276,0.00835192296653986,0.4066401422023773,0.5434039235115051,0.0036911170464009047,0.43927904963493347,0.4994567632675171,-0.0037601671647280455,0.4604399502277374,0.502475380897522,-0.00686317402869463,0.4745348393917084,0.5144088268280029,-0.007832077331840992,0.4119824767112732,0.5487867593765259,-0.008572329767048359,0.4459289014339447,0.4901657700538635,-0.01735059544444084,0.46954622864723206,0.4935721755027771,-0.019736558198928833,0.4836053252220154,0.508613646030426,-0.019268065690994263,0.4196743965148926,0.5644679069519043,-0.019977428019046783,0.44777199625968933,0.5005258917808533,-0.026362311094999313,0.47056806087493896,0.5019677877426147,-0.025498999282717705,0.4860481321811676,0.5136873722076416,-0.023344406858086586,0.4305724799633026,0.589907705783844,-0.030458295717835426,0.44961559772491455,0.5385486483573914,-0.03499238193035126,0.4648239314556122,0.5262085199356079,-0.0338778980076313,0.47788748145103455,0.5252743363380432,-0.031710702925920486
0.379256933927536,0.6542407870292664,4.7906805633601834e-08,0.3910340666770935,0.6021081805229187,0.018412351608276367,0.4054070711135864,0.564075767993927,0.021010013297200203,0.4202728271484375,0.5459718704223633,0.018236802890896797,0.4347204566001892,0.5325169563293457,0.01474364846944809,0.4067286252975464,0.5415440201759338,0.006008109077811241,0.43829208612442017,0.49378207325935364,-0.0005703114438802004,0.45830169320106506,0.4973713457584381,-0.0022853570990264416,0.47088390588760376,0.5113673210144043,-0.001948310760781169,0.41133660078048706,0.5471698641777039,-0.008309923112392426,0.44454115629196167,0.4851951599121094,-0.016045257449150085,0.46698132157325745,0.48968932032585144,-0.01642337441444397,0.47898751497268677,0.5078862309455872,-0.014320647343993187,0.41845041513442993,0.5630500912666321,-0.021395796909928322,0.44672128558158875,0.49766218662261963,-0.026211131364107132,0.46829620003700256,0.5010504722595215,-0.023168370127677917,0.48192107677459717,0.5157237648963928,-0.01965915784239769,0.4287116527557373,0.5873540639877319,-0.03323403745889664,0.44737961888313293,0.5361335277557373,-0.037114936858415604,0.4622264802455902,0.5242002010345459,-0.03526756912469864,0.47451546788215637,0.5247083902359009,-0.032460954040288925
0.37932518124580383,0.6556597948074341,5.480237419419609e-08,0.3906809091567993,0.6031255125999451,0.01914595440030098,0.4057769477367401,0.5653542876243591,0.02181249111890793,0.421476811170578,0.5495750904083252,0.018997058272361755,0.43719783425331116,0.5379130244255066,0.015716582536697388,0.405631959438324,0.5393407940864563,0.0062625776045024395,0.43860846757888794,0.4926283657550812,-0.0005320301279425621,0.4591776430606842,0.49805158376693726,-0.0017996035749092698,0.4716172218322754,0.5148860812187195,-0.0006860141875222325,0.4106276333332062,0.5445773601531982,-0.008474784903228283,0.44461560249328613,0.48242634534835815,-0.01670767553150654,0.46829596161842346,0.4880519509315491,-0.016075871884822845,0.48015832901000977,0.5084319114685059,-0.01269607711583376,0.4183558225631714,0.5603194832801819,-0.02196570113301277,0.44779396057128906,0.4968456029891968,-0.026842383667826653,0.47014960646629333,0.5017815828323364,-0.02248171530663967,0.4830513298511505,0.5179435610771179,-0.017502853646874428,0.42899274826049805,0.5846214294433594,-0.034181974828243256,0.4486881494522095,0.5322042107582092,-0.03712540492415428,0.464135080575943,0.5231664180755615,-0.03363770991563797,0.4755294620990753,0.5283885598182678,-0.02928120642900467
0.3789103031158447,0.6577244997024536,4.939662545666579e-08,0.3909724950790405,0.6030774712562561,0.020152291283011436,0.40624499320983887,0.565382719039917,0.02334684506058693,0.4221366047859192,0.5493652820587158,0.02084009349346161,0.4374012053012848,0.5373950004577637,0.017830519005656242,0.4046514630317688,0.5416951775550842,0.007201561704277992,0.4372543692588806,0.49318036437034607,0.0013078766642138362,0.4574495255947113,0.4969010353088379,0.0009719508816488087,0.47023820877075195,0.5115283727645874,0.0025417045690119267,0.40984317660331726,0.5461710691452026,-0.007885833270847797,0.44356295466423035,0.4807305634021759,-0.01553566288203001,0.4665446877479553,0.48475462198257446,-0.01410548947751522,0.47883281111717224,0.5023866891860962,-0.010291136801242828,0.4182637333869934,0.5616132616996765,-0.021611491218209267,0.44814109802246094,0.496699720621109,-0.026343846693634987,0.47030070424079895,0.5017668008804321,-0.021298633888363838,0.4832768142223358,0.5169761180877686,-0.015857761725783348,0.4296638071537018,0.5863293409347534,-0.03398407995700836,0.4495963752269745,0.5321254134178162,-0.03626281023025513,0.4650464653968811,0.5233174562454224,-0.031919144093990326,0.4767688810825348,0.5280137062072754,-0.02709188126027584
0.37785086035728455,0.6580044031143188,4.0995132621901575e-08,0.3915795087814331,0.6035578846931458,0.02246437780559063,0.4074883460998535,0.56489497423172,0.026691609993577003,0.4235767424106598,0.5479794144630432,0.024664463475346565,0.4389674663543701,0.5345386862754822,0.022099917754530907,0.4052070677280426,0.5391318202018738,0.010477926582098007,0.4376780688762665,0.49004995822906494,0.006036834791302681,0.45787233114242554,0.4943651854991913,0.006487746722996235,0.4712231457233429,0.5091833472251892,0.008372887037694454,0.40984001755714417,0.5442464351654053,-0.005673008039593697,0.4433358907699585,0.4800264239311218,-0.011498862877488136,0.466682106256485,0.48435908555984497,-0.00938332173973322,0.4798685610294342,0.5021148324012756,-0.005586177110671997,0.4178208112716675,0.5599870085716248,-0.020412597805261612,0.4478132128715515,0.49652665853500366,-0.02357964590191841,0.4703923463821411,0.5040621161460876,-0.018090741708874702,0.4836617410182953,0.5214316248893738,-0.012977230362594128,0.42908424139022827,0.583837628364563,-0.03374183550477028,0.44863036274909973,0.5308064222335815,-0.03517424315214157,0.46415475010871887,0.5234450697898865,-0.03082711435854435,0.47588878870010376,0.5295727252960205,-0.02640063501894474
0.37675654888153076,0.6584996581077576,4.1280301843471534e-08,0.39099636673927307,0.6059219837188721,0.02144227735698223,0.4072974920272827,0.5664416551589966,0.02574293687939644,0.42331963777542114,0.5487772226333618,0.023802699521183968,0.43850353360176086,0.5344142317771912,0.02144370600581169,0.40475714206695557,0.5388283729553223,0.012043147347867489,0.4370492398738861,0.48954129219055176,0.007781451568007469,0.45749714970588684,0.4953154921531677,0.007651941385120153,0.4708169102668762,0.5118092894554138,0.009021920152008533,0.4090530574321747,0.5421446561813354,-0.0035555176436901093,0.4419022798538208,0.47798630595207214,-0.008582446724176407,0.4656214118003845,0.48364773392677307,-0.007242478895932436,0.4789729118347168,0.5026353597640991,-0.0042828842997550964,0.4169505536556244,0.5562294721603394,-0.01797625422477722,0.44603511691093445,0.49192172288894653,-0.02065185271203518,0.4685438871383667,0.5026291012763977,-0.016203204169869423,0.4815930128097534,0.5227563381195068,-0.012053616344928741,0.42843958735466003,0.5784798264503479,-0.031136617064476013,0.4473840892314911,0.5268044471740723,-0.03226708248257637,0.4623045027256012,0.522617757320404,-0.028349829837679863,0.47312647104263306,0.5315321683883667,-0.02446530945599079
0.376860111951828,0.6573553681373596,4.058802005602047e-08,0.39026376605033875,0.6035322546958923,0.02137627825140953,0.4061366021633148,0.563467264175415,0.02503715641796589,0.4220828711986542,0.5458918809890747,0.0223443191498518,0.4369613230228424,0.5322773456573486,0.019037125632166862,0.4044557213783264,0.5377281904220581,0.00981349777430296,0.4376980662345886,0.49056476354599,0.004688530694693327,0.4579869508743286,0.49723848700523376,0.004164295271039009,0.4706534147262573,0.5146433711051941,0.005475260317325592,0.40872710943222046,0.5411118268966675,-0.006030882243067026,0.4430415630340576,0.47629329562187195,-0.011695008724927902,0.4664700925350189,0.48313212394714355,-0.010163064114749432,0.4787459969520569,0.5037719011306763,-0.006863487418740988,0.41681697964668274,0.5562441349029541,-0.02054310403764248,0.4471469819545746,0.49357253313064575,-0.02351256273686886,0.4691438376903534,0.507298469543457,-0.01851046457886696,0.4807070195674896,0.5291919708251953,-0.013790802098810673,0.4279160797595978,0.5797839760780334,-0.03377045318484306,0.4476240575313568,0.5280435085296631,-0.034381136298179626,0.46201738715171814,0.5270569920539856,-0.0294785276055336,0.4716460704803467,0.5398951172828674,-0.024868270382285118
0.376213014125824,0.6591781377792358,3.544413473832719e-08,0.38928651809692383,0.6075903177261353,0.018265703693032265,0.4056938886642456,0.5653036236763,0.02112112008035183,0.42224258184432983,0.5463370680809021,0.01821954920887947,0.4369153082370758,0.5326777100563049,0.014745311811566353,0.40386930108070374,0.5366275906562805,0.007507450878620148,0.4383009672164917,0.4904613196849823,0.001151501783169806,0.4589860141277313,0.4990273416042328,-0.0007076546899043024,0.4706985056400299,0.5168039202690125,-0.00018832751084119081,0.4075373709201813,0.54029780626297,-0.006772530730813742,0.44464707374572754,0.47970932722091675,-0.013392338529229164,0.46799662709236145,0.4921518862247467,-0.013396870344877243,0.4789920449256897,0.5151392817497253,-0.01097937673330307,0.41514068841934204,0.5552273988723755,-0.019931355491280556,0.44666364789009094,0.4930174648761749,-0.024044057354331017,0.46868541836738586,0.5080253481864929,-0.02061554044485092,0.4795967638492584,0.5309248566627502,-0.016644179821014404,0.4259513020515442,0.5786303281784058,-0.03194858878850937,0.44603753089904785,0.52651047706604,-0.03320067748427391,0.4603532552719116,0.5278578996658325,-0.02893649786710739,0.46922385692596436,0.5426309108734131,-0.024662453681230545
0.3754912316799164,0.6590434312820435,3.5887456562022635e-08,0.3871423006057739,0.6068903207778931,0.018078412860631943,0.4029568135738373,0.5638924241065979,0.021151289343833923,0.4187298119068146,0.5442968606948853,0.018467696383595467,0.43310949206352234,0.530831515789032,0.015222595073282719,0.40204912424087524,0.5367152690887451,0.008841975592076778,0.43558469414711,0.49119776487350464,0.0032658849377185106,0.45618337392807007,0.49949949979782104,0.0014907334698364139,0.4680759310722351,0.5172253847122192,0.0018196016317233443,0.40610969066619873,0.5395804643630981,-0.005162675399333239,0.44238293170928955,0.47977423667907715,-0.010980251245200634,0.4656136929988861,0.4909440875053406,-0.011297092773020267,0.47698843479156494,0.5130299925804138,-0.009518803097307682,0.41400113701820374,0.5535188317298889,-0.018105799332261086,0.44490930438041687,0.49202167987823486,-0.02145994082093239,0.46710872650146484,0.5060517191886902,-0.018821217119693756,0.47861233353614807,0.5282209515571594,-0.01585814356803894,0.42505308985710144,0.5760296583175659,-0.0299522802233696,0.44519907236099243,0.5249359607696533,-0.030306873843073845,0.45932087302207947,0.5267155766487122,-0.02616601437330246,0.4681559205055237,0.5417546033859253,-0.02244163677096367
0.3760789930820465,0.6571207046508789,4.2278582412791366e-08,0.3873947858810425,0.6061489582061768,0.017673740163445473,0.40347960591316223,0.5609931349754333,0.02113763801753521,0.42017215490341187,0.5405287742614746,0.019008634611964226,0.4355044662952423,0.5267714262008667,0.016376543790102005,0.401377409696579,0.5309247374534607,0.009844159707427025,0.4349914789199829,0.48925381898880005,0.005214957520365715,0.4552460014820099,0.49857354164123535,0.0037775193341076374,0.4672757387161255,0.5161060690879822,0.00405891053378582,0.40532398223876953,0.5341618657112122,-0.0037171635776758194,0.44198498129844666,0.4789692163467407,-0.008610459975898266,0.464992493391037,0.4905936121940613,-0.009198148734867573,0.4768064618110657,0.5130355954170227,-0.007893935777246952,0.413474977016449,0.5492242574691772,-0.016249995678663254,0.4451635777950287,0.4924047291278839,-0.01887873001396656,0.46723952889442444,0.5063268542289734,-0.016935085877776146,0.47865957021713257,0.5276809334754944,-0.014698400162160397,0.4245699644088745,0.5717619061470032,-0.027698939666152,0.4459540545940399,0.5237246155738831,-0.027286699041724205,0.4597111642360687,0.5255240201950073,-0.023429129272699356,0.4684026837348938,0.5398911833763123,-0.020167913287878036
0.3754056990146637,0.654392659664154,4.42771259656638e-08,0.3880678713321686,0.6056304574012756,0.01654096692800522,0.40457823872566223,0.5594397187232971,0.02073710970580578,0.42181161046028137,0.5379675030708313,0.01976860873401165,0.4376063942909241,0.523753821849823,0.018531661480665207,0.4010438919067383,0.5266758799552917,0.011159932240843773,0.43495091795921326,0.4848356246948242,0.006833047606050968,0.45549482107162476,0.4939161539077759,0.005504058673977852,0.46749529242515564,0.5105871558189392,0.005873463582247496,0.4047307074069977,0.5303529500961304,-0.0013691276544705033,0.44128480553627014,0.47789525985717773,-0.006618574261665344,0.464533269405365,0.49061664938926697,-0.007536852732300758,0.47629016637802124,0.513950526714325,-0.006164221093058586,0.4124908447265625,0.5460237264633179,-0.01314383652061224,0.4449068605899811,0.49352675676345825,-0.016811907291412354,0.46741992235183716,0.5069657564163208,-0.015406168065965176,0.4789658188819885,0.5278212428092957,-0.012988011352717876,0.42321714758872986,0.5689389705657959,-0.023840315639972687,0.4452962577342987,0.5225567817687988,-0.024699358269572258,0.4593249261379242,0.5242510437965393,-0.02162955515086651,0.4681561589241028,0.5383393168449402,-0.018496619537472725
0.3752293586730957,0.6517739295959473,3.4784768843110214e-08,0.3869357705116272,0.60163414478302,0.019948700442910194,0.40298551321029663,0.5558148622512817,0.024406220763921738,0.41996490955352783,0.5357159376144409,0.02272185869514942,0.435849130153656,0.52194744348526,0.0204122606664896,0.40059521794319153,0.5228627920150757,0.012304393574595451,0.43517833948135376,0.47862571477890015,0.00738898478448391,0.45601826906204224,0.48931586742401123,0.005895808804780245,0.46721261739730835,0.5081074237823486,0.006478854920715094,0.40492504835128784,0.5289353132247925,-0.002579041291028261,0.44238510727882385,0.4758400619029999,-0.007621603552252054,0.4655698835849762,0.48984959721565247,-0.008094387128949165,0.47577422857284546,0.5144678950309753,-0.006411717273294926,0.41269558668136597,0.5460976362228394,-0.016441917046904564,0.4458793103694916,0.49155285954475403,-0.01989755406975746,0.46809232234954834,0.506453275680542,-0.017211075872182846,0.4782078266143799,0.5290284156799316,-0.01383510697633028,0.4232718348503113,0.5703580379486084,-0.028977815061807632,0.4463154673576355,0.5231894850730896,-0.029933743178844452,0.4612143337726593,0.525539219379425,-0.025993894785642624,0.4695274829864502,0.5404443740844727,-0.02202800288796425
0.3730407655239105,0.6522627472877502,5.042075645889099e-09,0.38385236263275146,0.5961545705795288,0.021306045353412628,0.3998465836048126,0.5532112121582031,0.025574924424290657,0.41544315218925476,0.5358237624168396,0.023589299991726875,0.43094560503959656,0.5230273008346558,0.020756985992193222,0.4005603492259979,0.5224706530570984,0.009520309045910835,0.4340474605560303,0.47680842876434326,0.003662909846752882,0.45426449179649353,0.4884306788444519,0.0027550284285098314,0.465373158454895,0.5079160928726196,0.004057774785906076,0.40541407465934753,0.5306615233421326,-0.006218704394996166,0.4433175027370453,0.4804462790489197,-0.012207464314997196,0.464987576007843,0.49592024087905884,-0.011611917056143284,0.47396206855773926,0.5201801061630249,-0.008805502206087112,0.41230088472366333,0.5497890114784241,-0.020624736323952675,0.4457351267337799,0.49890443682670593,-0.024871069937944412,0.4674580991268158,0.5141045451164246,-0.020953338593244553,0.47805312275886536,0.5363845825195312,-0.016282694414258003,0.4217735528945923,0.5765324831008911,-0.0335279144346714,0.4437183737754822,0.5300922989845276,-0.03569135069847107,0.45956525206565857,0.5298841595649719,-0.03160669282078743,0.4696999192237854,0.5420886874198914,-0.02693323604762554
0.3734589219093323,0.6504567265510559,3.2270616401319785e-08,0.384605348110199,0.594279408454895,0.020050503313541412,0.40118950605392456,0.5511984825134277,0.023419847711920738,0.4182370901107788,0.5350450873374939,0.020501067861914635,0.4348195493221283,0.5243902206420898,0.0167420394718647,0.40093994140625,0.5209404826164246,0.010012560524046421,0.43417444825172424,0.47535470128059387,0.004619453568011522,0.454165518283844,0.48099109530448914,0.00364418001845479,0.46520185470581055,0.497793972492218,0.004940149839967489,0.40560445189476013,0.5298974514007568,-0.0051641324535012245,0.4424993097782135,0.4843180477619171,-0.009409157559275627,0.46356767416000366,0.49663498997688293,-0.008211536332964897,0.4725114405155182,0.5187180638313293,-0.005395703483372927,0.4133145213127136,0.5493209362030029,-0.019256029278039932,0.4462127387523651,0.5016534924507141,-0.021281886845827103,0.4675987958908081,0.5126981139183044,-0.01700788363814354,0.4779622256755829,0.5331141948699951,-0.012811627238988876,0.4236591160297394,0.5741841197013855,-0.03215157985687256,0.4460059404373169,0.5299183130264282,-0.03253510221838951,0.4612930417060852,0.5291883945465088,-0.02788720466196537,0.470506489276886,0.5412845015525818,-0.0231292974203825
0.3738994598388672,0.6485087871551514,2.313006497445258e-08,0.3854256272315979,0.5948500633239746,0.021981582045555115,0.40186697244644165,0.5511504411697388,0.027134964242577553,0.4188855290412903,0.5341066122055054,0.025768090039491653,0.434431791305542,0.5237019658088684,0.02343696542084217,0.40183165669441223,0.5187451243400574,0.014351559802889824,0.43492376804351807,0.4747747480869293,0.011325343511998653,0.4540189206600189,0.4796069860458374,0.011386020109057426,0.46412205696105957,0.4950997531414032,0.013069874607026577,0.40693655610084534,0.5283399820327759,-0.0009559724712744355,0.44548898935317993,0.49181491136550903,-0.003192602191120386,0.466097891330719,0.5076272487640381,-0.001809481531381607,0.4749571681022644,0.5302197933197021,0.0007967669516801834,0.4145423471927643,0.5479648113250732,-0.015077020972967148,0.4471614956855774,0.5057079195976257,-0.015845485031604767,0.4673248827457428,0.5187574625015259,-0.01178694050759077,0.47715064883232117,0.5399656891822815,-0.008092890493571758,0.42440474033355713,0.5716050267219543,-0.027805224061012268,0.44473716616630554,0.5287905335426331,-0.027516750618815422,0.45822444558143616,0.5295008420944214,-0.02305409125983715,0.4669249951839447,0.5418972969055176,-0.018661141395568848
0.37465205788612366,0.647121787071228,3.7257123608469556e-08,0.38609832525253296,0.5943925976753235,0.01818869821727276,0.4027197062969208,0.550991952419281,0.02235301211476326,0.4196504056453705,0.5348383784294128,0.021203501150012016,0.43505993485450745,0.5255400538444519,0.019489435479044914,0.40270891785621643,0.518314778804779,0.01074313372373581,0.4357353150844574,0.4759708046913147,0.007615371607244015,0.4545467495918274,0.4798126816749573,0.00797534640878439,0.46414506435394287,0.4946253001689911,0.009914953261613846,0.40776947140693665,0.528314471244812,-0.002154168440029025,0.4453938603401184,0.4921163022518158,-0.005010382737964392,0.46588513255119324,0.5059673190116882,-0.003908403217792511,0.4748530983924866,0.5276451706886292,-0.0012184076476842165,0.41523706912994385,0.5483006238937378,-0.013993446715176105,0.4462135136127472,0.506040096282959,-0.015509122051298618,0.46651604771614075,0.5168066620826721,-0.012331631034612656,0.4769858419895172,0.5362535119056702,-0.008918284438550472,0.4246487617492676,0.5726633071899414,-0.024574358016252518,0.44377264380455017,0.5304379463195801,-0.024888183921575546,0.45676732063293457,0.5285672545433044,-0.0211184099316597,0.4653725028038025,0.538540780544281,-0.017001066356897354
0.37332388758659363,0.6453010439872742,4.750069848569183e-08,0.385393887758255,0.5945664644241333,0.01706654392182827,0.4026241600513458,0.5517135858535767,0.021344536915421486,0.4194398820400238,0.534700870513916,0.02069731242954731,0.43473923206329346,0.5246005058288574,0.019726509228348732,0.40247905254364014,0.5180206298828125,0.011885210871696472,0.4349735677242279,0.4766518473625183,0.009321997873485088,0.45405033230781555,0.48225218057632446,0.009665549732744694,0.4644984304904938,0.4982357621192932,0.011466826312243938,0.40732741355895996,0.526651918888092,-4.5392898755380884e-05,0.4435875117778778,0.48858511447906494,-0.002160238102078438,0.4645596742630005,0.5002802014350891,-0.0013418797170743346,0.4750877618789673,0.5205495953559875,0.0009823017753660679,0.41425594687461853,0.5458974242210388,-0.011068927124142647,0.4447649121284485,0.50270015001297,-0.012043183669447899,0.4654614329338074,0.511622965335846,-0.00920935720205307,0.4771372079849243,0.5299542546272278,-0.0061999838799238205,0.4233654737472534,0.5705175399780273,-0.020958568900823593,0.4423581063747406,0.5291690230369568,-0.02075391821563244,0.456027626991272,0.5266897678375244,-0.0170043483376503,0.46570277214050293,0.5359097719192505,-0.013012927956879139
0.373592346906662,0.6419074535369873,4.36335163556123e-08,0.387760192155838,0.59348464012146,0.01659936085343361,0.40549081563949585,0.5514267086982727,0.02044641226530075,0.42198124527931213,0.5347785949707031,0.01947682537138462,0.4370921552181244,0.5243352651596069,0.018267320469021797,0.40328726172447205,0.5164016485214233,0.010172334499657154,0.43651270866394043,0.4777531027793884,0.005772984120994806,0.45617637038230896,0.48648548126220703,0.0048647234216332436,0.4667845368385315,0.5049847960472107,0.00591486319899559,0.4077967703342438,0.5257189273834229,-0.0022625622805207968,0.44434234499931335,0.485700786113739,-0.00700757559388876,0.4661562442779541,0.49800774455070496,-0.007346551399677992,0.4761221706867218,0.5211472511291504,-0.005356836598366499,0.4145391583442688,0.5453906059265137,-0.013843283988535404,0.4451088011264801,0.4997720420360565,-0.01704578474164009,0.46656039357185364,0.508610188961029,-0.014826273545622826,0.4782450497150421,0.5275959968566895,-0.011732848361134529,0.4233990013599396,0.5706834197044373,-0.0242783073335886,0.4422476291656494,0.5284231305122375,-0.026478590443730354,0.4566195011138916,0.5238045454025269,-0.023940209299325943,0.46675997972488403,0.5321168899536133,-0.020444218069314957
0.3749559223651886,0.637660026550293,3.706061946218142e-08,0.390483021736145,0.5929041504859924,0.017992965877056122,0.4083545506000519,0.5514545440673828,0.02224547043442726,0.42455872893333435,0.534290611743927,0.0214861910790205,0.4385833144187927,0.5214284658432007,0.020365847274661064,0.4045121967792511,0.5149596929550171,0.008817655965685844,0.4384840726852417,0.4775584936141968,0.004201284609735012,0.4583118259906769,0.4895472526550293,0.003446653252467513,0.46881407499313354,0.5092582702636719,0.0046426705084741116,0.40778499841690063,0.5234618782997131,-0.004583677276968956,0.44573286175727844,0.4815770983695984,-0.010312976315617561,0.4679901599884033,0.49558019638061523,-0.01081010140478611,0.47703051567077637,0.521082878112793,-0.008715327829122543,0.413934588432312,0.5424265265464783,-0.016830259934067726,0.44638118147850037,0.4947029948234558,-0.020948966965079308,0.46757927536964417,0.505844235420227,-0.018837764859199524,0.47777655720710754,0.526552677154541,-0.015554246492683887,0.42272743582725525,0.5675826072692871,-0.02768147923052311,0.44325053691864014,0.522804319858551,-0.030437396839261055,0.4578658640384674,0.520654559135437,-0.027791893109679222,0.4671999216079712,0.5325901508331299,-0.0241247471421957
0.3719038963317871,0.6345438361167908,6.797623797183405e-08,0.40165817737579346,0.6173750162124634,0.005919580347836018,0.42332297563552856,0.5760595202445984,0.009112337604165077,0.43585363030433655,0.5477849841117859,0.010549657978117466,0.4447324573993683,0.5289546251296997,0.012672631070017815,0.41059061884880066,0.5191437602043152,0.0040601696819067,0.4441170394420624,0.4872804880142212,0.001140975276939571,0.46332496404647827,0.4995613694190979,0.0005596731207333505,0.4723374545574188,0.517751157283783,0.0014149919152259827,0.4071841239929199,0.5158966779708862,-0.0007637169910594821,0.4459077715873718,0.47751766443252563,-0.005017795134335756,0.4666358232498169,0.49451085925102234,-0.005927922669798136,0.47466757893562317,0.5195119976997375,-0.004534364677965641,0.4081421196460724,0.5260128974914551,-0.00525482464581728,0.4428924024105072,0.4849854111671448,-0.009270968846976757,0.46367761492729187,0.5001286268234253,-0.00913494173437357,0.47268712520599365,0.5222971439361572,-0.007329799700528383,0.41303735971450806,0.5447224378585815,-0.00915906298905611,0.43766239285469055,0.5077961087226868,-0.012353647500276566,0.4535473585128784,0.5108984112739563,-0.011501538567245007,0.46237123012542725,0.5252309441566467,-0.00927153043448925
0.36926665902137756,0.638416588306427,5.64352014009728e-08,0.3914742171764374,0.6073359251022339,0.007874011062085629,0.4120413064956665,0.5651113986968994,0.012007773853838444,0.42509347200393677,0.5381808280944824,0.014402475208044052,0.4352070093154907,0.5213419795036316,0.01760999672114849,0.4110085666179657,0.5200181007385254,0.0069486116990447044,0.4451058804988861,0.49030089378356934,0.006153035908937454,0.4628821015357971,0.502752959728241,0.007129454053938389,0.4718264639377594,0.5200846195220947,0.008851527236402035,0.41020894050598145,0.5191817879676819,0.002018116880208254,0.44891729950904846,0.48400530219078064,0.0007317412528209388,0.46736669540405273,0.5001659989356995,0.0015939823351800442,0.47550567984580994,0.5225256681442261,0.003852378111332655,0.4122079014778137,0.5323870778083801,-0.002424482489004731,0.44455957412719727,0.4939264953136444,-0.003134622238576412,0.46223217248916626,0.5077410340309143,-0.0008444597478955984,0.4706272780895233,0.5279480218887329,0.0017267694929614663,0.4166888892650604,0.5559138059616089,-0.0062975152395665646,0.43757736682891846,0.5207716226577759,-0.006254421081393957,0.4503093659877777,0.5239567756652832,-0.003461659885942936,0.4581264853477478,0.5364965200424194,-0.000258127722190693
0.36851605772972107,0.640477180480957,6.231625349073511e-08,0.3998095691204071,0.6183730363845825,0.009026852436363697,0.4211936593055725,0.5760329365730286,0.013905730098485947,0.43214306235313416,0.5452040433883667,0.01665578968822956,0.43974098563194275,0.5251119136810303,0.019908979535102844,0.41208967566490173,0.5216226577758789,0.00805740151554346,0.446707159280777,0.49258631467819214,0.0076070004142820835,0.4647223651409149,0.5043681263923645,0.008121415041387081,0.47340184450149536,0.5218862295150757,0.009233628399670124,0.40823155641555786,0.5169095396995544,0.0025326742324978113,0.4481770992279053,0.4867687225341797,0.002592174569144845,0.4660719633102417,0.5029832720756531,0.003113120561465621,0.4739697575569153,0.5246382355690002,0.004293999634683132,0.4078940451145172,0.5275040864944458,-0.002414126181975007,0.4425380825996399,0.49400848150253296,-0.0020019938237965107,0.4598037004470825,0.5084578990936279,-0.00027924583991989493,0.46788957715034485,0.5282008051872253,0.0010232165222987533,0.4111575782299042,0.5483932495117188,-0.006734227761626244,0.4338501989841461,0.5156606435775757,-0.006863280665129423,0.44776853919029236,0.5190106630325317,-0.004890600219368935,0.4567141830921173,0.5311459898948669,-0.002679133089259267
0.3678240478038788,0.63819819688797,-8.593246114685371e-09,0.3891139626502991,0.5962653756141663,0.019795669242739677,0.4067615270614624,0.5535386800765991,0.02584441378712654,0.4192182123661041,0.5285876989364624,0.02680349536240101,0.42907917499542236,0.5115105509757996,0.027111034840345383,0.40750735998153687,0.5179683566093445,0.013136498630046844,0.44310566782951355,0.49133139848709106,0.011805107817053795,0.45954641699790955,0.5049442052841187,0.01175336167216301,0.4680052697658539,0.5231714248657227,0.012230555526912212,0.40936753153800964,0.522740364074707,-0.00015351625916082412,0.44963425397872925,0.4880604147911072,-0.0011495205108076334,0.4675642251968384,0.502675473690033,-0.0007694314699620008,0.47558164596557617,0.5239729285240173,0.00020647307974286377,0.41355302929878235,0.5406020283699036,-0.012124869972467422,0.4472227692604065,0.49756211042404175,-0.011944197118282318,0.4642888009548187,0.5092182755470276,-0.009321651421487331,0.4727395176887512,0.526573657989502,-0.007830540649592876,0.4202231764793396,0.5671889185905457,-0.02272537164390087,0.4391958713531494,0.5265355706214905,-0.022493895143270493,0.4502774477005005,0.5226377248764038,-0.01973462663590908,0.45839646458625793,0.5279821157455444,-0.0175369530916214
0.3668113052845001,0.6333498358726501,4.995115432393504e-09,0.3916868567466736,0.5993912816047668,0.017495745792984962,0.4110370874404907,0.5607870221138,0.022372810170054436,0.4244459867477417,0.5406228303909302,0.022908635437488556,0.43558815121650696,0.5273983478546143,0.02298380248248577,0.4083000421524048,0.5185021162033081,0.009695262648165226,0.44570067524909973,0.49453872442245483,0.008305934257805347,0.4606677293777466,0.5103737115859985,0.008314112201333046,0.4671599566936493,0.5303136706352234,0.008691881783306599,0.4092281460762024,0.5196921229362488,-0.0020152099896222353,0.45041942596435547,0.48386451601982117,-0.003739262232556939,0.4671238660812378,0.5022461414337158,-0.0032641985453665257,0.47373291850090027,0.5260775089263916,-0.0019984273239970207,0.41216978430747986,0.5351278185844421,-0.01232035830616951,0.44770681858062744,0.49069151282310486,-0.012552081607282162,0.4625087380409241,0.5061523914337158,-0.009931482374668121,0.4689169228076935,0.5250064730644226,-0.008482946082949638,0.41753673553466797,0.5604358315467834,-0.021292969584465027,0.4357716739177704,0.5254262089729309,-0.021988505497574806,0.44338130950927734,0.5219135880470276,-0.019995681941509247,0.44788658618927,0.5244068503379822,-0.01824273355305195
0.3655318319797516,0.632240891456604,1.4010900883931754e-08,0.3956630229949951,0.6000100374221802,0.01778637245297432,0.41675788164138794,0.564784824848175,0.021273884922266006,0.4320474863052368,0.5450718402862549,0.020157214254140854,0.444852352142334,0.5342350006103516,0.018443604931235313,0.40634116530418396,0.5148243308067322,0.008296823129057884,0.44527286291122437,0.4949047863483429,0.006584716495126486,0.4604719281196594,0.5107992887496948,0.0062790666706860065,0.4680216610431671,0.5293142199516296,0.005831744521856308,0.40695852041244507,0.5187712907791138,-0.004579827655106783,0.45030054450035095,0.48228132724761963,-0.007595508359372616,0.467030793428421,0.5032587051391602,-0.00791968870908022,0.4741894006729126,0.5274674296379089,-0.007276688702404499,0.4098719656467438,0.5369290113449097,-0.01583016663789749,0.4477560818195343,0.48949944972991943,-0.017316661775112152,0.4627798795700073,0.5071178674697876,-0.014804970473051071,0.4691615402698517,0.5254027843475342,-0.013517716899514198,0.41582655906677246,0.5642457604408264,-0.025637749582529068,0.43484997749328613,0.5284247994422913,-0.027745574712753296,0.44250988960266113,0.5205867290496826,-0.026512129232287407,0.44723498821258545,0.5161995887756348,-0.02541729249060154
0.363442599773407,0.6300635933876038,4.3799836646485346e-08,0.39116963744163513,0.594433069229126,0.01383158378303051,0.4134736657142639,0.5572434067726135,0.016170401126146317,0.4302690625190735,0.5382845997810364,0.014801688492298126,0.44332155585289,0.5272760391235352,0.01335966121405363,0.4050818681716919,0.5100852251052856,0.006050969939678907,0.44438955187797546,0.48629406094551086,0.004023842979222536,0.4603385925292969,0.5035387277603149,0.0031980446074157953,0.46715831756591797,0.522599458694458,0.0028039729222655296,0.40570390224456787,0.5139235258102417,-0.004322745371609926,0.44922682642936707,0.4798344671726227,-0.005561006721109152,0.4662318825721741,0.5011631846427917,-0.005648055113852024,0.47279733419418335,0.5241802334785461,-0.005321970675140619,0.4094582498073578,0.5324288010597229,-0.0134221026673913,0.44595733284950256,0.4917891323566437,-0.013060168363153934,0.46146124601364136,0.5106583833694458,-0.010894852690398693,0.46763989329338074,0.5305815935134888,-0.01031221728771925,0.41610345244407654,0.5606406331062317,-0.02154562808573246,0.43576863408088684,0.5308147668838501,-0.021636635065078735,0.4436289072036743,0.5324731469154358,-0.019534030929207802,0.44766077399253845,0.5378428101539612,-0.018044710159301758
0.3635006248950958,0.6258671879768372,4.257904961946224e-08,0.3870566189289093,0.5829084515571594,0.01645093411207199,0.4076748490333557,0.5467495918273926,0.019074374809861183,0.4248283803462982,0.531582772731781,0.017358629032969475,0.43851250410079956,0.5256497263908386,0.015174261294305325,0.40224555134773254,0.5042230486869812,0.006861269474029541,0.44211187958717346,0.4834502339363098,0.004867658484727144,0.4582034945487976,0.499839186668396,0.0041828639805316925,0.46622660756111145,0.5183638334274292,0.0035819532349705696,0.40568095445632935,0.510880708694458,-0.005237411241978407,0.4485304653644562,0.4771454632282257,-0.006335260346531868,0.4653189480304718,0.49550265073776245,-0.006036488804966211,0.472883939743042,0.5162175297737122,-0.005798179190605879,0.41110140085220337,0.5311731696128845,-0.015856854617595673,0.4466587007045746,0.4903751313686371,-0.015564421191811562,0.4617602229118347,0.5070272088050842,-0.013197775930166245,0.46873852610588074,0.5248016119003296,-0.012745634652674198,0.41855162382125854,0.5601291060447693,-0.025288050994277,0.43519118428230286,0.5296205282211304,-0.02545659802854061,0.44197162985801697,0.5285438299179077,-0.023365862667560577,0.44654783606529236,0.5307797193527222,-0.022109301760792732
0.36405059695243835,0.6222683787345886,6.235612914906596e-08,0.38727712631225586,0.5826559066772461,0.01194835640490055,0.40770089626312256,0.5431392788887024,0.014064419083297253,0.4228209853172302,0.5254759192466736,0.013460980728268623,0.4341682493686676,0.5196689963340759,0.01270066387951374,0.4047229290008545,0.5009784698486328,0.0016117885243147612,0.4439803957939148,0.4795956313610077,-3.1293770007323474e-05,0.45983532071113586,0.49703270196914673,-6.32070514257066e-05,0.46749913692474365,0.5144281387329102,-4.606669972417876e-05,0.4073249101638794,0.5069667100906372,-0.007163435686379671,0.44959598779678345,0.47510313987731934,-0.007269074209034443,0.4657869040966034,0.4938635230064392,-0.006111241411417723,0.4725795388221741,0.5136876702308655,-0.005327657330781221,0.41151753067970276,0.5277051329612732,-0.01452682539820671,0.44632047414779663,0.4954255521297455,-0.013061115518212318,0.46006596088409424,0.5141230821609497,-0.010861271061003208,0.4659852981567383,0.5318483114242554,-0.01084158755838871,0.41731348633766174,0.5586417317390442,-0.020983753725886345,0.4328799247741699,0.5391632318496704,-0.019631952047348022,0.4345553517341614,0.542457640171051,-0.017231909558176994,0.43384605646133423,0.5465615391731262,-0.01604134403169155
0.363707959651947,0.619421124458313,4.964002897622777e-08,0.38619619607925415,0.5733935832977295,0.017254037782549858,0.4058402180671692,0.536100447177887,0.020292125642299652,0.4226396083831787,0.5231649279594421,0.019345881417393684,0.4372003376483917,0.5202120542526245,0.017752381041646004,0.40521374344825745,0.5000081658363342,0.0032103294506669044,0.44502344727516174,0.4794401228427887,0.002038689097389579,0.4600350856781006,0.49569302797317505,0.003231554292142391,0.4680313766002655,0.512333333492279,0.003973230719566345,0.40859362483024597,0.5092913508415222,-0.009029937908053398,0.4510989487171173,0.4731450378894806,-0.009972207248210907,0.46756523847579956,0.48996230959892273,-0.008116129785776138,0.47495079040527344,0.5103572607040405,-0.006463504862040281,0.4130338132381439,0.5326708555221558,-0.019261805340647697,0.44796502590179443,0.4951785206794739,-0.01827538199722767,0.46086928248405457,0.5135725736618042,-0.01474322285503149,0.4667864143848419,0.5307096838951111,-0.013509176671504974,0.41887331008911133,0.5652532577514648,-0.028089918196201324,0.4345247745513916,0.5399148464202881,-0.027117695659399033,0.43705520033836365,0.5396590232849121,-0.02403234876692295,0.43793392181396484,0.5413116216659546,-0.022098060697317123
0.3641960918903351,0.6208374500274658,5.527196833554626e-08,0.3956443667411804,0.591779351234436,0.017708932980895042,0.4161956012248993,0.5540598034858704,0.02185530960559845,0.4319797456264496,0.5332978367805481,0.021734436973929405,0.44492948055267334,0.5237134099006653,0.02090206928551197,0.4075385332107544,0.5019079446792603,0.0055229198187589645,0.4469352066516876,0.48244500160217285,0.004772056359797716,0.46230727434158325,0.5012694597244263,0.005216789431869984,0.47220438718795776,0.5187317728996277,0.004702403210103512,0.40713346004486084,0.5068202018737793,-0.0075759910978376865,0.45241305232048035,0.4728665351867676,-0.009401526302099228,0.471343457698822,0.4885999858379364,-0.009230431169271469,0.48198360204696655,0.5078665614128113,-0.008954791352152824,0.40914738178253174,0.5275055766105652,-0.018797310069203377,0.4488232135772705,0.48210182785987854,-0.020317502319812775,0.46668148040771484,0.4954710602760315,-0.019056424498558044,0.4774019718170166,0.5108292102813721,-0.01914324052631855,0.4148098826408386,0.558673620223999,-0.028429964557290077,0.43631255626678467,0.5269763469696045,-0.030999453738331795,0.4471496343612671,0.5249219536781311,-0.030149957165122032,0.45633310079574585,0.5279927253723145,-0.0296197310090065
0.36213934421539307,0.6216598749160767,9.527100530704047e-08,0.38539260625839233,0.5720414519309998,0.017191104590892792,0.40744832158088684,0.5405822992324829,0.019204361364245415,0.42819005250930786,0.5327955484390259,0.01681702211499214,0.4461311101913452,0.5318615436553955,0.01383752841502428,0.4038691222667694,0.5045713186264038,0.0040605273097753525,0.44565266370773315,0.4781075716018677,0.0008447250002063811,0.46403607726097107,0.4881068468093872,0.00028858744190074503,0.47672683000564575,0.4997677505016327,-0.0002927224850282073,0.4076021611690521,0.5179380178451538,-0.009399868547916412,0.4506860077381134,0.4781416058540344,-0.012875333428382874,0.47139760851860046,0.4852374792098999,-0.013114777393639088,0.48425859212875366,0.49846339225769043,-0.012890337035059929,0.4127574563026428,0.543332040309906,-0.021167313680052757,0.4496181011199951,0.4915379285812378,-0.023381253704428673,0.4669972062110901,0.4957102835178375,-0.021471399813890457,0.4790383279323578,0.5036160349845886,-0.020761797204613686,0.4201618432998657,0.5771495699882507,-0.031475652009248734,0.43690359592437744,0.5389829277992249,-0.033551912754774094,0.44374045729637146,0.5294330716133118,-0.03155982494354248,0.4503379464149475,0.525859534740448,-0.029969843104481697
0.3621026873588562,0.6220853924751282,8.611126389723722e-08,0.3836193084716797,0.5749427080154419,0.016396569088101387,0.4041138291358948,0.5414279103279114,0.019998962059617043,0.42293378710746765,0.5296040177345276,0.019211575388908386,0.4401477575302124,0.5257350206375122,0.01792236976325512,0.40173882246017456,0.5081811547279358,0.008217492140829563,0.4393686056137085,0.477554589509964,0.0051626237109303474,0.4593409299850464,0.4793045222759247,0.004409260116517544,0.47389352321624756,0.48486974835395813,0.003781839506700635,0.4068912863731384,0.5189468860626221,-0.004608349874615669,0.4457172751426697,0.4761117100715637,-0.008280779235064983,0.46773868799209595,0.47681596875190735,-0.009610725566744804,0.48244214057922363,0.4855106472969055,-0.009912606328725815,0.41352200508117676,0.5416653752326965,-0.01624825783073902,0.4460134208202362,0.488930344581604,-0.019392570480704308,0.4674185514450073,0.4861355423927307,-0.019167279824614525,0.4838898181915283,0.48973149061203003,-0.019048934802412987,0.422283798456192,0.575260579586029,-0.026608899235725403,0.44054001569747925,0.5324842929840088,-0.0294970516115427,0.45355987548828125,0.5205134749412537,-0.028558943420648575,0.4660428464412689,0.5173714756965637,-0.027556097134947777
0.361758291721344,0.6194615364074707,7.8822871785178e-08,0.37813276052474976,0.567918598651886,0.012671674601733685,0.3992345333099365,0.534208357334137,0.01477778423577547,0.41970354318618774,0.5229575634002686,0.013285194523632526,0.4386086165904999,0.5193321108818054,0.011475147679448128,0.4002001881599426,0.5087727308273315,0.0050034900195896626,0.43519771099090576,0.47211509943008423,0.0011716204462572932,0.45334362983703613,0.47361379861831665,8.116603567032143e-05,0.4667017459869385,0.4808369278907776,-0.0004238602996338159,0.40628376603126526,0.5207536816596985,-0.005594251677393913,0.44128772616386414,0.47571855783462524,-0.00938416924327612,0.4615848958492279,0.4736950099468231,-0.010962379164993763,0.4758792519569397,0.47999927401542664,-0.011474644765257835,0.41352546215057373,0.5436879396438599,-0.015250114724040031,0.44311395287513733,0.48914140462875366,-0.018449315801262856,0.46294116973876953,0.4820374548435211,-0.01838782988488674,0.4785301685333252,0.48215538263320923,-0.01831391453742981,0.42209723591804504,0.5752661228179932,-0.023911820724606514,0.4405611455440521,0.5321982502937317,-0.026301827281713486,0.45319992303848267,0.519088089466095,-0.024925000965595245,0.46517831087112427,0.5140736699104309,-0.023529864847660065
0.3629396855831146,0.6162258386611938,6.737968760717195e-08,0.3761449158191681,0.5604961514472961,0.012079624459147453,0.3967987596988678,0.5260762572288513,0.014353794977068901,0.4176921248435974,0.5146142244338989,0.013233987614512444,0.43784984946250916,0.5128961205482483,0.012017961591482162,0.39605993032455444,0.5039260387420654,0.008771420456469059,0.4286390542984009,0.4707452654838562,0.006139418575912714,0.44508981704711914,0.47067928314208984,0.005094951018691063,0.4570715129375458,0.47552675008773804,0.004766174126416445,0.4047926068305969,0.5158712863922119,-0.0007647420861758292,0.4364384412765503,0.4744291603565216,-0.0032402658835053444,0.4546161890029907,0.4696621000766754,-0.0049906945787370205,0.4675202965736389,0.4719381332397461,-0.0056038773618638515,0.41412219405174255,0.5370419025421143,-0.009565411135554314,0.4408859312534332,0.4890687167644501,-0.011108260601758957,0.4585351049900055,0.47840043902397156,-0.010356143116950989,0.47222378849983215,0.47398000955581665,-0.009831489063799381,0.4242524206638336,0.5662317872047424,-0.017454566434025764,0.44211074709892273,0.52274489402771,-0.01721932366490364,0.4534999430179596,0.5092339515686035,-0.013701972551643848,0.46394258737564087,0.5033188462257385,-0.010808908380568027
0.3640211224555969,0.6121242046356201,5.490648291583966e-08,0.37535786628723145,0.5598809719085693,0.011036783456802368,0.3949923813343048,0.5234243869781494,0.014078561216592789,0.41570132970809937,0.5097084641456604,0.014464696869254112,0.43494582176208496,0.5061475038528442,0.015261494554579258,0.3933308720588684,0.5005334615707397,0.008704314939677715,0.42339327931404114,0.4662327766418457,0.008619749918580055,0.4380437731742859,0.468803733587265,0.009951651096343994,0.4476144015789032,0.4743371903896332,0.011129580438137054,0.40304481983184814,0.5100930333137512,0.0008819556096568704,0.43281131982803345,0.4704231023788452,0.0005771487485617399,0.4496045410633087,0.4661771357059479,0.00013288069749251008,0.46101969480514526,0.4673461318016052,0.00018187703972216696,0.41315364837646484,0.529065728187561,-0.006145154591649771,0.43776506185531616,0.48500722646713257,-0.0059192366898059845,0.45511943101882935,0.4731557369232178,-0.005248427856713533,0.4684881865978241,0.4666036367416382,-0.005212151445448399,0.42398524284362793,0.5561784505844116,-0.012252125889062881,0.4412051737308502,0.5158935189247131,-0.01073436625301838,0.4525013267993927,0.5023876428604126,-0.007412910461425781,0.46289417147636414,0.4954931139945984,-0.004973358940333128
0.3637397289276123,0.6094831824302673,-5.069470532248488e-08,0.37247341871261597,0.5524865388870239,0.013141294941306114,0.3894484341144562,0.5159056186676025,0.01670844666659832,0.40709131956100464,0.5051973462104797,0.017180563881993294,0.42496106028556824,0.50483238697052,0.017827320843935013,0.38987791538238525,0.4949343204498291,0.009607560932636261,0.4179958403110504,0.45763731002807617,0.010463172569870949,0.428977370262146,0.46640244126319885,0.013237318024039268,0.4339849054813385,0.47746747732162476,0.0156205203384161,0.40129396319389343,0.507093071937561,0.0011518324026837945,0.4282568097114563,0.4678260385990143,0.001448039198294282,0.4380340576171875,0.4756202697753906,0.0013378894655033946,0.4423191547393799,0.4865630567073822,0.00210062088444829,0.4132419228553772,0.5276459455490112,-0.00618593767285347,0.4358800947666168,0.48329904675483704,-0.0044449311681091785,0.4523678123950958,0.47197243571281433,-0.004386914893984795,0.46464020013809204,0.46566250920295715,-0.004988098982721567,0.4248437285423279,0.5546265840530396,-0.012219289317727089,0.43899184465408325,0.5112674832344055,-0.00928062479943037,0.44941991567611694,0.4979380667209625,-0.005766021087765694,0.45855334401130676,0.49111539125442505,-0.0034269350580871105
0.36417049169540405,0.6065939664840698,-3.568776207885094e-08,0.37039893865585327,0.5488713979721069,0.012356329709291458,0.3853091299533844,0.5134561061859131,0.015882583335042,0.40118229389190674,0.5001043677330017,0.016508622094988823,0.41566160321235657,0.5000641345977783,0.01728731580078602,0.3895323872566223,0.4896615147590637,0.008962856605648994,0.41348737478256226,0.45643168687820435,0.009988299570977688,0.4264257550239563,0.4658322334289551,0.013167894445359707,0.4325054883956909,0.4784480929374695,0.015853337943553925,0.402509868144989,0.5014033913612366,0.0008518235990777612,0.4280705451965332,0.470956414937973,0.0027255250606685877,0.43998005986213684,0.47796326875686646,0.0037913622800260782,0.44620639085769653,0.48729202151298523,0.004804393742233515,0.41483768820762634,0.521785318851471,-0.006177032832056284,0.43549853563308716,0.48633337020874023,-0.0037727539893239737,0.45094534754753113,0.4801928997039795,-0.0017674238188192248,0.46244487166404724,0.4780755043029785,-0.0010791235836222768,0.425917387008667,0.5493395328521729,-0.01216986496001482,0.4393874704837799,0.5089516043663025,-0.009387829340994358,0.4487150013446808,0.4966481029987335,-0.00478353351354599,0.4570058584213257,0.48974525928497314,-0.0013487254036590457
0.3618810772895813,0.6048453450202942,-5.38778905934123e-08,0.36747878789901733,0.548314094543457,0.012255197390913963,0.38190537691116333,0.5133998394012451,0.01639588363468647,0.39785507321357727,0.4997543394565582,0.017448093742132187,0.4111839532852173,0.49979084730148315,0.018480386584997177,0.3874197006225586,0.4887222945690155,0.011700466275215149,0.4101150333881378,0.45984721183776855,0.013363187201321125,0.42269790172576904,0.4665013253688812,0.01639653742313385,0.42920777201652527,0.4764820337295532,0.018877554684877396,0.40106189250946045,0.49943453073501587,0.0037409611977636814,0.4230530261993408,0.4726318418979645,0.006820881273597479,0.43293479084968567,0.4797652065753937,0.008401681669056416,0.4375220239162445,0.4892463684082031,0.009718994610011578,0.41386187076568604,0.5188459753990173,-0.0033259515184909105,0.4325980544090271,0.4869399964809418,-0.0005941413110122085,0.44510841369628906,0.4846440255641937,0.002517408225685358,0.4537820816040039,0.48538240790367126,0.004303340334445238,0.4250979423522949,0.545110285282135,-0.009492955170571804,0.43876662850379944,0.5053194165229797,-0.0068098390474915504,0.4487704336643219,0.4914686381816864,-0.0017516706138849258,0.4576105773448944,0.48311448097229004,0.0023537047673016787
0.36157679557800293,0.601862907409668,-7.26386559790626e-08,0.36664289236068726,0.5473832488059998,0.012914049439132214,0.38054385781288147,0.5122928619384766,0.017483193427324295,0.39667683839797974,0.49918651580810547,0.018867773935198784,0.40988361835479736,0.49968376755714417,0.020316684618592262,0.3875277042388916,0.486171156167984,0.012686255387961864,0.4106907546520233,0.46194303035736084,0.015204292722046375,0.42155200242996216,0.46967554092407227,0.01926608197391033,0.42600247263908386,0.4794999659061432,0.02257506549358368,0.4009692370891571,0.496683269739151,0.004838590044528246,0.42282363772392273,0.47314149141311646,0.008782496675848961,0.43026334047317505,0.4835425615310669,0.011719221249222755,0.43272706866264343,0.4943554103374481,0.014079627580940723,0.41348227858543396,0.515635073184967,-0.0020816719625145197,0.43269720673561096,0.4851582646369934,0.0011003547115251422,0.4429410994052887,0.4873543679714203,0.005337713751941919,0.4487547278404236,0.49224570393562317,0.008008316159248352,0.4242822825908661,0.541073203086853,-0.008068750612437725,0.4379497170448303,0.5000183582305908,-0.0056198821403086185,0.4481767416000366,0.48853734135627747,-0.0005751396529376507,0.456853985786438,0.48383957147598267,0.0037564707454293966
0.36203694343566895,0.5971211791038513,-7.525012080122906e-08,0.36677491664886475,0.5435367226600647,0.01288897730410099,0.3803192973136902,0.5094152092933655,0.017329825088381767,0.39561793208122253,0.49605628848075867,0.01841806247830391,0.4084581136703491,0.4957132935523987,0.01950499787926674,0.3881464898586273,0.4838324189186096,0.012886909767985344,0.4112982153892517,0.4623587131500244,0.014934626407921314,0.42197132110595703,0.47155559062957764,0.01855507306754589,0.4254184365272522,0.48381805419921875,0.021737756207585335,0.40115177631378174,0.49329161643981934,0.0049092755652964115,0.4227884113788605,0.47015896439552307,0.008438260294497013,0.4302198886871338,0.4816778898239136,0.011149721220135689,0.43168842792510986,0.49409055709838867,0.013505672104656696,0.41341444849967957,0.5114398002624512,-0.0022077891044318676,0.43331819772720337,0.4810212552547455,0.0005107596516609192,0.444059282541275,0.4856323301792145,0.004364266060292721,0.4493795931339264,0.4935591220855713,0.007052964996546507,0.4239705204963684,0.5365967750549316,-0.008389483205974102,0.43869778513908386,0.496359646320343,-0.0067332591861486435,0.44984620809555054,0.4870845675468445,-0.002274539088830352,0.45871153473854065,0.48545584082603455,0.0019510319689288735
0.35982969403266907,0.5948245525360107,-6.406383334933707e-08,0.3652156889438629,0.5413922667503357,0.013569141738116741,0.37947699427604675,0.5077182054519653,0.0190003402531147,0.3953399062156677,0.4957433342933655,0.02073497138917446,0.4084476828575134,0.4965973198413849,0.022267628461122513,0.38881316781044006,0.4828301966190338,0.017549585551023483,0.411517858505249,0.46515128016471863,0.020242687314748764,0.423055499792099,0.47278788685798645,0.02284976653754711,0.4284116327762604,0.4849001169204712,0.024865543469786644,0.40215274691581726,0.49287283420562744,0.00900348275899887,0.42334693670272827,0.47244104743003845,0.012638798914849758,0.4326123595237732,0.48160281777381897,0.014384481124579906,0.43634897470474243,0.494043231010437,0.015975285321474075,0.41400107741355896,0.5102372169494629,0.0010355039266869426,0.43366631865501404,0.48297354578971863,0.003619948634877801,0.4454398453235626,0.48673176765441895,0.007195152807980776,0.4522884786128998,0.4953814744949341,0.00980075728148222,0.424429714679718,0.5349332094192505,-0.006114329677075148,0.4387732446193695,0.49694395065307617,-0.004296374972909689,0.4495292901992798,0.48914438486099243,0.0004525447147898376,0.45811891555786133,0.48969942331314087,0.004860880319029093
0.3571857213973999,0.5920464396476746,-6.662884288743953e-08,0.36358463764190674,0.5384088754653931,0.01333304401487112,0.3775131404399872,0.5045199990272522,0.018525514751672745,0.3931882977485657,0.493386834859848,0.02001848630607128,0.40608513355255127,0.4951515197753906,0.021262727677822113,0.3877020478248596,0.4817335605621338,0.01611703261733055,0.41162192821502686,0.4653036296367645,0.017808478325605392,0.423252671957016,0.473797470331192,0.02001281827688217,0.4284573793411255,0.4863666892051697,0.02195069193840027,0.4008982479572296,0.4921981692314148,0.007492246571928263,0.4229971766471863,0.4731656312942505,0.010129532776772976,0.4321441352367401,0.483137309551239,0.011910267174243927,0.43512386083602905,0.4962085485458374,0.013856252655386925,0.4124857783317566,0.5102341771125793,-0.0005794265889562666,0.4329145848751068,0.48356565833091736,0.0012107621878385544,0.44435927271842957,0.4883756935596466,0.004936372395604849,0.45028865337371826,0.49720150232315063,0.008021374233067036,0.4224836230278015,0.5352858304977417,-0.007837607525289059,0.4378518760204315,0.4959632158279419,-0.007190370000898838,0.4491969645023346,0.4882947504520416,-0.002889223862439394,0.45788270235061646,0.4898419976234436,0.0016086765099316835
0.3548157215118408,0.5904608964920044,-5.4552675265995276e-08,0.35975170135498047,0.5376306772232056,0.013493992388248444,0.3718559741973877,0.5030399560928345,0.018513334915041924,0.3865772485733032,0.48921823501586914,0.019899455830454826,0.3998633921146393,0.48915329575538635,0.021093904972076416,0.38656747341156006,0.47905272245407104,0.016391968354582787,0.41095057129859924,0.4642568528652191,0.018853195011615753,0.422527551651001,0.4727158844470978,0.021614324301481247,0.4274507761001587,0.4852120876312256,0.023858055472373962,0.3999520242214203,0.4902573227882385,0.007697111926972866,0.4227469861507416,0.47150394320487976,0.011108926497399807,0.4322793185710907,0.4813823103904724,0.013515143655240536,0.43538618087768555,0.4948594272136688,0.01584221050143242,0.41135644912719727,0.5090687870979309,-0.000419911666540429,0.4322226941585541,0.48272886872291565,0.0022215142380446196,0.4442133903503418,0.48750126361846924,0.006438101641833782,0.45023152232170105,0.4967264235019684,0.00966036505997181,0.42070916295051575,0.5350226759910583,-0.007726400159299374,0.4368119537830353,0.4966179132461548,-0.006707040127366781,0.44807320833206177,0.48892050981521606,-0.0022400622256100178,0.4561997950077057,0.4902332127094269,0.0023705270141363144
0.3539492189884186,0.5877109169960022,-7.872205110004415e-09,0.3614049255847931,0.5342118144035339,0.016169417649507523,0.3760758936405182,0.5001551508903503,0.022292904555797577,0.39124590158462524,0.4905966818332672,0.024137120693922043,0.4051700830459595,0.49331268668174744,0.02562783658504486,0.3869306743144989,0.47874802350997925,0.020131070166826248,0.41241204738616943,0.4637994170188904,0.023468995466828346,0.4256890118122101,0.47122347354888916,0.026568906381726265,0.4325740933418274,0.4839804768562317,0.028980039060115814,0.3990906774997711,0.48890647292137146,0.010325897485017776,0.4239811897277832,0.4681633710861206,0.014286584220826626,0.43541496992111206,0.478552907705307,0.017191708087921143,0.4401967227458954,0.4929024875164032,0.02007904276251793,0.41003283858299255,0.5062252879142761,0.0012002581497654319,0.4322097599506378,0.47913095355033875,0.004959701094776392,0.4445912837982178,0.4860308766365051,0.010237631388008595,0.45089519023895264,0.4965672791004181,0.014178819954395294,0.4193701446056366,0.5310755372047424,-0.007024293299764395,0.4364433288574219,0.4954138994216919,-0.003928009420633316,0.4471338987350464,0.4907342791557312,0.0019820090383291245,0.45409080386161804,0.4937511384487152,0.007402552291750908
0.3529180884361267,0.5858967304229736,5.451053497473879e-10,0.36259958148002625,0.5319477915763855,0.01671554334461689,0.37741556763648987,0.49865108728408813,0.021959960460662842,0.39252790808677673,0.4914156496524811,0.022455304861068726,0.4070582389831543,0.4951695203781128,0.02223864011466503,0.38778331875801086,0.479591965675354,0.019005583599209785,0.41604122519493103,0.46610504388809204,0.020670220255851746,0.4301750361919403,0.47501060366630554,0.021937493234872818,0.4377494156360626,0.48966941237449646,0.023031046614050865,0.3987405598163605,0.48908722400665283,0.00829043798148632,0.4252333343029022,0.46846336126327515,0.011187422089278698,0.4360848069190979,0.4805182218551636,0.013105724938213825,0.44023844599723816,0.4963454306125641,0.015108415856957436,0.4090077877044678,0.5061130523681641,-0.0016924497904255986,0.43246135115623474,0.4775475263595581,0.0016459295293316245,0.44380906224250793,0.48629578948020935,0.006888494826853275,0.4487922489643097,0.49781861901283264,0.010579174384474754,0.4181002378463745,0.5311422944068909,-0.010775496251881123,0.4359104335308075,0.4947669208049774,-0.008086898364126682,0.4460391402244568,0.49226686358451843,-0.002024964662268758,0.45183447003364563,0.4970187544822693,0.0034002556931227446
0.3530765771865845,0.5859955549240112,2.7791816847866357e-08,0.36273232102394104,0.5334844589233398,0.015454399399459362,0.37773069739341736,0.5011038184165955,0.020015878602862358,0.3931378126144409,0.49300360679626465,0.020063530653715134,0.4074571132659912,0.4955194890499115,0.01947203278541565,0.38931992650032043,0.4800328016281128,0.018192511051893234,0.418721079826355,0.46812689304351807,0.018903391435742378,0.43386054039001465,0.47658154368400574,0.018985377624630928,0.44236552715301514,0.4910167157649994,0.019354267045855522,0.39954760670661926,0.49060118198394775,0.00782139040529728,0.4273545742034912,0.4690918028354645,0.00944297295063734,0.4397379755973816,0.4796646535396576,0.010189719498157501,0.444879949092865,0.49577808380126953,0.011576822027564049,0.40901342034339905,0.5088074803352356,-0.0019622347317636013,0.43316736817359924,0.4786103665828705,0.00017919215315487236,0.44586706161499023,0.4852524995803833,0.004367294255644083,0.45228058099746704,0.49645841121673584,0.00762184290215373,0.41734305024147034,0.5351813435554504,-0.010919416323304176,0.4356437027454376,0.4991212785243988,-0.008569895289838314,0.4462374448776245,0.49596893787384033,-0.0028709929902106524,0.452911376953125,0.500328540802002,0.0023006354458630085
0.3530382812023163,0.5838361978530884,5.582843698448414e-08,0.36406567692756653,0.5338999629020691,0.014609000645577908,0.37984511256217957,0.5015642046928406,0.018231172114610672,0.39596766233444214,0.49310585856437683,0.017578478902578354,0.4111926257610321,0.4942125976085663,0.016431663185358047,0.3896963596343994,0.48036429286003113,0.015359618701040745,0.42164257168769836,0.4677669107913971,0.015661219134926796,0.4368468225002289,0.47742706537246704,0.015799682587385178,0.4443458020687103,0.492021769285202,0.016371767967939377,0.39849746227264404,0.4893847107887268,0.005251531954854727,0.42995327711105347,0.4674854576587677,0.006564655341207981,0.4433704614639282,0.47944119572639465,0.007200112100690603,0.4481543004512787,0.4958817958831787,0.00852763932198286,0.40723681449890137,0.5078221559524536,-0.0041557857766747475,0.43383339047431946,0.4775645434856415,-0.002004468347877264,0.4471553564071655,0.4852065443992615,0.0016042764764279127,0.45322149991989136,0.4964420795440674,0.004264341667294502,0.4153534173965454,0.5348502993583679,-0.012715755961835384,0.4352682828903198,0.4999033808708191,-0.010348753072321415,0.4461168050765991,0.49741846323013306,-0.005034844856709242,0.45252978801727295,0.5019212961196899,-0.0002863785484805703
0.3517042100429535,0.5795116424560547,5.953612713938128e-08,0.36395499110221863,0.5299218893051147,0.014655979350209236,0.37937355041503906,0.5005261898040771,0.017264634370803833,0.3962421119213104,0.49428775906562805,0.015704724937677383,0.410940021276474,0.4978043735027313,0.013509375974535942,0.38840943574905396,0.47976359724998474,0.011895805597305298,0.42138180136680603,0.47103241086006165,0.01153112668544054,0.4360981583595276,0.48093822598457336,0.01177979726344347,0.44335466623306274,0.49459806084632874,0.012517829425632954,0.3970488905906677,0.48932573199272156,0.0014428235590457916,0.4312279522418976,0.4645504057407379,0.0015634247101843357,0.4454425275325775,0.4765070378780365,0.0031360348220914602,0.4503760039806366,0.4933163821697235,0.005631504580378532,0.40521037578582764,0.5088353753089905,-0.008055156096816063,0.434720516204834,0.4750334620475769,-0.006811030209064484,0.4491243362426758,0.48320573568344116,-0.0019329285714775324,0.45602139830589294,0.4945564270019531,0.002122411970049143,0.4122776687145233,0.5379672050476074,-0.016635091975331306,0.434307336807251,0.5027148723602295,-0.01456739753484726,0.44643521308898926,0.49930790066719055,-0.008466353639960289,0.45407336950302124,0.5015512704849243,-0.0028717147652059793
0.3510083258152008,0.579596996307373,5.234778654994443e-08,0.3620917797088623,0.5315375328063965,0.01407623291015625,0.37730664014816284,0.5011115670204163,0.016286209225654602,0.3938726782798767,0.49441444873809814,0.014584425836801529,0.4081725478172302,0.49862489104270935,0.01232694648206234,0.3862045109272003,0.48027119040489197,0.008970330469310284,0.41986557841300964,0.47269555926322937,0.008084380999207497,0.4346487820148468,0.48473334312438965,0.008676791563630104,0.4413487911224365,0.4998062252998352,0.009777320548892021,0.3952549397945404,0.4895668625831604,-0.0010139974765479565,0.43163082003593445,0.46583425998687744,-0.001374456100165844,0.4454587996006012,0.480204313993454,0.0009697212371975183,0.44982290267944336,0.4972662329673767,0.003995464649051428,0.4035402834415436,0.5092554092407227,-0.009925702586770058,0.4348103702068329,0.4770822525024414,-0.009101209230720997,0.4483001232147217,0.4885454773902893,-0.0036802710965275764,0.4536522924900055,0.501535952091217,0.0007316347910091281,0.4100879430770874,0.5379437208175659,-0.017896754667162895,0.4332447052001953,0.5051389336585999,-0.015678631141781807,0.4449741840362549,0.5043186545372009,-0.009175044484436512,0.4514392912387848,0.5080229640007019,-0.003416434396058321
0.34882956743240356,0.5778568983078003,5.763762800370387e-08,0.36159682273864746,0.5305035710334778,0.01404976099729538,0.3780023455619812,0.5006834268569946,0.016149977222085,0.3952423334121704,0.49465411901474,0.014270414598286152,0.4098888039588928,0.49785128235816956,0.011776844039559364,0.38416048884391785,0.4787554144859314,0.008417284116148949,0.41975027322769165,0.46969038248062134,0.006903394125401974,0.43453627824783325,0.48225370049476624,0.007119763642549515,0.4414121210575104,0.49783024191856384,0.008051721379160881,0.3929225206375122,0.48903292417526245,-0.0016934552695602179,0.4304629862308502,0.4638196527957916,-0.002663122257217765,0.44414788484573364,0.4796656668186188,-0.0008076253579929471,0.44873374700546265,0.49791842699050903,0.001920204726047814,0.40110212564468384,0.5095549821853638,-0.010699295438826084,0.43356502056121826,0.4761465787887573,-0.010449735447764397,0.44715118408203125,0.4897081255912781,-0.005260511767119169,0.45278698205947876,0.5038233399391174,-0.0009339848184026778,0.40756744146347046,0.5384615063667297,-0.018724774941802025,0.43130797147750854,0.5045493245124817,-0.016719816252589226,0.44325029850006104,0.5040969252586365,-0.010282939299941063,0.4501277506351471,0.5078102946281433,-0.004639126360416412
0.3479521572589874,0.5767500400543213,5.111053624773376e-08,0.3605195879936218,0.5289962291717529,0.013590614311397076,0.3769672214984894,0.49934065341949463,0.015432322397828102,0.3941808342933655,0.4926198422908783,0.013400478288531303,0.4083445072174072,0.49618804454803467,0.010810301639139652,0.3825477957725525,0.4758202135562897,0.007485856302082539,0.4187701344490051,0.46796971559524536,0.005719128530472517,0.43358567357063293,0.48127231001853943,0.005642993375658989,0.4407268464565277,0.4970459043979645,0.006287893280386925,0.39141255617141724,0.4862118363380432,-0.0024484533350914717,0.42958879470825195,0.46208593249320984,-0.003822911065071821,0.44300955533981323,0.4784300625324249,-0.002484013792127371,0.44723451137542725,0.4969038665294647,-0.00026932908804155886,0.400014728307724,0.5067874193191528,-0.01124170795083046,0.4326038062572479,0.4736015796661377,-0.011114951223134995,0.44627901911735535,0.488310307264328,-0.006629101000726223,0.4519241154193878,0.5035704374313354,-0.002960050944238901,0.4070720076560974,0.5355879664421082,-0.01907874085009098,0.43019598722457886,0.5008612871170044,-0.016867730766534805,0.4417407214641571,0.5016768574714661,-0.010707476176321507,0.44835323095321655,0.507164478302002,-0.005507597699761391
0.34829574823379517,0.5765710473060608,5.793098623030346e-08,0.3620072901248932,0.530019223690033,0.014744802378118038,0.3788708448410034,0.4977700412273407,0.017537211999297142,0.39399588108062744,0.4891950488090515,0.016446037217974663,0.40654483437538147,0.4904087781906128,0.014710171148180962,0.3846050202846527,0.4751233756542206,0.007735749240964651,0.42130666971206665,0.4649023115634918,0.006790240295231342,0.43555372953414917,0.47844234108924866,0.00746989855542779,0.4429212808609009,0.4939152002334595,0.008478322066366673,0.39165306091308594,0.48447880148887634,-0.0025656395591795444,0.43054741621017456,0.4600485861301422,-0.0039999946020543575,0.4440506398677826,0.47718730568885803,-0.002619809005409479,0.4491783380508423,0.4961659908294678,-0.00021267584816087037,0.3990960121154785,0.5048534274101257,-0.011547589674592018,0.4320516288280487,0.47230565547943115,-0.011337495408952236,0.44645220041275024,0.48615938425064087,-0.007307151798158884,0.4533616602420807,0.5001596808433533,-0.004018702078610659,0.4056214988231659,0.5334613919258118,-0.019385535269975662,0.42838478088378906,0.4990881681442261,-0.01690015383064747,0.43976619839668274,0.49862709641456604,-0.01107732206583023,0.4466329514980316,0.5026126503944397,-0.006289472803473473
0.3469509482383728,0.5756134390830994,5.750371201429516e-08,0.36232656240463257,0.5287060737609863,0.015056612901389599,0.380215585231781,0.49675360321998596,0.01755395717918873,0.39610952138900757,0.48973214626312256,0.016051840037107468,0.4094410538673401,0.49160945415496826,0.013845231384038925,0.38532498478889465,0.4757406413555145,0.006077609024941921,0.4229350984096527,0.4626922309398651,0.004233585670590401,0.4377383589744568,0.47661107778549194,0.0049636694602668285,0.445095419883728,0.49288544058799744,0.006319696549326181,0.39093339443206787,0.4856071174144745,-0.004632711876183748,0.4313664138317108,0.4585420787334442,-0.007150948978960514,0.4451517164707184,0.47675055265426636,-0.0056417714804410934,0.4497312009334564,0.49663618206977844,-0.0027658953331410885,0.39743471145629883,0.50678950548172,-0.013916687108576298,0.43177810311317444,0.47131621837615967,-0.014671621844172478,0.4463370442390442,0.4853912591934204,-0.010496243834495544,0.45267605781555176,0.5001892447471619,-0.006740882992744446,0.4034620225429535,0.5364590883255005,-0.021980712190270424,0.42706581950187683,0.49997520446777344,-0.02041175216436386,0.43833258748054504,0.4984532594680786,-0.014863352291285992,0.4447002410888672,0.502068281173706,-0.01001043152064085
0.34762632846832275,0.5759718418121338,8.587457500652818e-08,0.3672088086605072,0.5406772494316101,0.011837600730359554,0.3885191082954407,0.5095987319946289,0.014291496016085148,0.40617913007736206,0.49761560559272766,0.013788709416985512,0.4209371507167816,0.4922022521495819,0.013306782580912113,0.3904871940612793,0.47645214200019836,0.005090257618576288,0.42771458625793457,0.4617467224597931,0.003256607800722122,0.44347384572029114,0.4756249785423279,0.0030994669068604708,0.45226699113845825,0.4902833104133606,0.003736693412065506,0.3925267457962036,0.48184794187545776,-0.0033136734273284674,0.4335660934448242,0.4593559801578522,-0.0052866507321596146,0.44906288385391235,0.47755634784698486,-0.004925478249788284,0.4555507004261017,0.49669620394706726,-0.0033481374848634005,0.39639046788215637,0.5000837445259094,-0.01054869033396244,0.43165645003318787,0.4706474542617798,-0.010731213726103306,0.4472265839576721,0.48458343744277954,-0.007869559340178967,0.4551301896572113,0.499550998210907,-0.005539103876799345,0.401007741689682,0.5277490615844727,-0.01682790368795395,0.42578378319740295,0.49762293696403503,-0.014314712956547737,0.43680888414382935,0.49951836466789246,-0.009069924242794514,0.4431717097759247,0.506805419921875,-0.0048474776558578014
0.3468252122402191,0.5726772546768188,8.009497776129137e-08,0.3686213791370392,0.5413421392440796,0.012014664709568024,0.39163264632225037,0.5127159953117371,0.014545139856636524,0.41160446405410767,0.503273069858551,0.01368874590843916,0.4277668297290802,0.5010704398155212,0.012777179479598999,0.3914615511894226,0.4751141667366028,0.005799144972115755,0.4292028546333313,0.4603441655635834,0.0032147157471626997,0.4454098641872406,0.477258563041687,0.002144269645214081,0.4548858404159546,0.49286356568336487,0.0016996959457173944,0.3933303952217102,0.4828498959541321,-0.00391099788248539,0.43556052446365356,0.45982450246810913,-0.007278127130120993,0.453374445438385,0.4784754514694214,-0.008458820171654224,0.46156007051467896,0.4979384243488312,-0.008233260363340378,0.39725521206855774,0.5030147433280945,-0.01263478584587574,0.433929979801178,0.4710617959499359,-0.014996368438005447,0.45199722051620483,0.48586419224739075,-0.013798671774566174,0.4615709185600281,0.5018389225006104,-0.012530621141195297,0.4025992155075073,0.5319820642471313,-0.02042151801288128,0.42801159620285034,0.5007442831993103,-0.020828474313020706,0.4410688281059265,0.5023301243782043,-0.01764293573796749,0.4494461715221405,0.5101677775382996,-0.014884336851537228
0.34422677755355835,0.569426953792572,1.0088258051155208e-07,0.36992311477661133,0.5511415004730225,0.009236046113073826,0.3954790532588959,0.5252812504768372,0.011395754292607307,0.41617047786712646,0.5124450325965881,0.010955672711133957,0.432590514421463,0.5069775581359863,0.010842985473573208,0.39422985911369324,0.4793531894683838,0.003605346195399761,0.4330364465713501,0.4651007652282715,0.0009419576381333172,0.4498646855354309,0.48303577303886414,7.04769990989007e-05,0.4599725604057312,0.49813804030418396,-0.0002650901151355356,0.39369913935661316,0.48288556933403015,-0.004389008041471243,0.4378970265388489,0.4639652967453003,-0.008166605606675148,0.45648932456970215,0.4840749204158783,-0.00916257407516241,0.46584030985832214,0.5029429197311401,-0.008808770217001438,0.3955894708633423,0.5001805424690247,-0.01160634495317936,0.434624046087265,0.47397512197494507,-0.014545487239956856,0.4534653425216675,0.4903005361557007,-0.013442691415548325,0.46400123834609985,0.5066807866096497,-0.012218168005347252,0.3994406461715698,0.5268385410308838,-0.018101805821061134,0.42637529969215393,0.49930188059806824,-0.019273540005087852,0.44002461433410645,0.5022560358047485,-0.016708096489310265,0.4490818381309509,0.5112238526344299,-0.014356131665408611
0.34173843264579773,0.5661254525184631,1.4763489275537722e-07,0.3717707693576813,0.5616171360015869,0.0017707974184304476,0.39992856979370117,0.538038432598114,0.0028862259350717068,0.41898778080940247,0.5216996669769287,0.003429258707910776,0.4327792525291443,0.5097952485084534,0.005054577253758907,0.3959499001502991,0.48159676790237427,-0.0005841851816512644,0.4349679946899414,0.46923118829727173,-0.0031261974945664406,0.4521684944629669,0.487233966588974,-0.0043591405265033245,0.462578684091568,0.5018693208694458,-0.004707031417638063,0.39339303970336914,0.48010697960853577,-0.0032651550136506557,0.43767088651657104,0.4671079218387604,-0.005366569384932518,0.4564454257488251,0.4866045415401459,-0.006089326925575733,0.4669289290904999,0.5051471590995789,-0.006057562306523323,0.3932168483734131,0.49298885464668274,-0.005774212069809437,0.432189017534256,0.47715136408805847,-0.006947349291294813,0.4503757059574127,0.4940491020679474,-0.006479031406342983,0.46065375208854675,0.5113996863365173,-0.006214235909283161,0.3953299820423126,0.5149024128913879,-0.008280233480036259,0.4222188889980316,0.49674615263938904,-0.008310748264193535,0.43550345301628113,0.5034837126731873,-0.0064015151001513,0.4438823163509369,0.5158439874649048,-0.004764344543218613
0.3400532901287079,0.5586035251617432,1.0571059760877688e-07,0.3654250204563141,0.5373532176017761,0.00792009849101305,0.3916883170604706,0.5144032835960388,0.010161730460822582,0.4119168519973755,0.5051831603050232,0.01002464909106493,0.42759859561920166,0.5013179183006287,0.010487426072359085,0.3909241259098053,0.4714629650115967,0.0055975522845983505,0.43051624298095703,0.46458733081817627,0.0029717995785176754,0.4468626379966736,0.4830380976200104,0.0016835026908665895,0.45681607723236084,0.4979197680950165,0.001010753447189927,0.393046498298645,0.47725725173950195,-0.0014043463161215186,0.43713855743408203,0.4652371108531952,-0.003758257022127509,0.45495879650115967,0.48476943373680115,-0.004774968605488539,0.4645932912826538,0.5032715797424316,-0.005005043465644121,0.39643368124961853,0.4957466721534729,-0.008068811148405075,0.4352267384529114,0.47686251997947693,-0.009583186358213425,0.4538242518901825,0.49302878975868225,-0.009130559861660004,0.46507054567337036,0.5094648599624634,-0.008945970796048641,0.40084320306777954,0.522680401802063,-0.014297660440206528,0.4270898401737213,0.50099778175354,-0.014577390626072884,0.439809113740921,0.5050100684165955,-0.012517563067376614,0.44859516620635986,0.5142635703086853,-0.010936759412288666
0.341648131608963,0.5593283772468567,1.3965332357201987e-07,0.3673727810382843,0.5453198552131653,0.002426140010356903,0.39427483081817627,0.5221156477928162,0.0029529461171478033,0.41396015882492065,0.5084704160690308,0.002356515731662512,0.42871153354644775,0.49951183795928955,0.00271426048129797,0.39142754673957825,0.4740414619445801,0.0006687631830573082,0.4310726821422577,0.46540892124176025,-0.0029279938898980618,0.4485604763031006,0.4837793707847595,-0.004777060355991125,0.4588567018508911,0.49938830733299255,-0.005532179959118366,0.39192232489585876,0.4760782718658447,-0.0030415733344852924,0.43557631969451904,0.4647589921951294,-0.006388593465089798,0.4538974165916443,0.4860290288925171,-0.00812958087772131,0.46333515644073486,0.5061144828796387,-0.00869810301810503,0.39422306418418884,0.49116426706314087,-0.006726730149239302,0.4330426752567291,0.4734008014202118,-0.009118682704865932,0.45167267322540283,0.4914919435977936,-0.009614198468625546,0.46172481775283813,0.5100321769714355,-0.00988205336034298,0.39820513129234314,0.5137320756912231,-0.010352921672165394,0.4248846173286438,0.4943329393863678,-0.011590731330215931,0.43797287344932556,0.49956610798835754,-0.010656386613845825,0.4461815655231476,0.5098722577095032,-0.009661158546805382
0.3430401384830475,0.5615221858024597,1.2415404171406408e-07,0.36716070771217346,0.545624315738678,0.006011324469000101,0.3923867344856262,0.5211065411567688,0.007634316571056843,0.4121125638484955,0.5081371068954468,0.007230247370898724,0.4272293746471405,0.49955636262893677,0.007455595303326845,0.3896515667438507,0.47132205963134766,0.003914952743798494,0.4283910393714905,0.4611329436302185,0.0009258939535357058,0.4465462863445282,0.47813454270362854,-0.0005066749872639775,0.4573710262775421,0.49322307109832764,-0.0010572090977802873,0.3902786076068878,0.47402825951576233,-0.0020534186623990536,0.4335070550441742,0.4610718786716461,-0.005670451559126377,0.4519892930984497,0.48246949911117554,-0.007611039560288191,0.4611642360687256,0.503136157989502,-0.008039895445108414,0.3929920196533203,0.48946413397789,-0.007734471466392279,0.43136197328567505,0.4703441262245178,-0.01041702926158905,0.45046380162239075,0.48844292759895325,-0.010838830843567848,0.4608134627342224,0.5068255662918091,-0.01078074425458908,0.39763838052749634,0.5128913521766663,-0.013026025146245956,0.42469316720962524,0.49026307463645935,-0.014156676828861237,0.43836772441864014,0.4947798252105713,-0.012767522595822811,0.4470488131046295,0.5048558115959167,-0.011357491835951805
0.34363463521003723,0.5684840083122253,1.087324505988363e-07,0.36865589022636414,0.550690770149231,0.006628314033150673,0.39250266551971436,0.5235870480537415,0.007561981212347746,0.4123518764972687,0.5093492269515991,0.006099292077124119,0.4280437231063843,0.5017809271812439,0.005113011691719294,0.38698601722717285,0.4729383587837219,0.002179413801059127,0.4262322783470154,0.461890310049057,-0.001959738554432988,0.44363951683044434,0.48036009073257446,-0.004046313464641571,0.4546646475791931,0.4957663118839264,-0.005187051836401224,0.38802123069763184,0.47783389687538147,-0.005040596704930067,0.43144264817237854,0.46133002638816833,-0.010466769337654114,0.45018526911735535,0.48325324058532715,-0.013035597279667854,0.4598501920700073,0.5034399032592773,-0.01368624810129404,0.39163336157798767,0.4952113926410675,-0.011831280775368214,0.42945894598960876,0.46980559825897217,-0.015913929790258408,0.44880586862564087,0.4887430965900421,-0.01612766832113266,0.4595169425010681,0.5070968866348267,-0.015640487894415855,0.3974235951900482,0.5204170346260071,-0.018179574981331825,0.42360204458236694,0.49249064922332764,-0.020366808399558067,0.4379557967185974,0.49447396397590637,-0.01911829598248005,0.4477826654911041,0.5021302103996277,-0.017716266214847565
0.34138020873069763,0.5801518559455872,8.738783918715853e-08,0.36303946375846863,0.5511447191238403,0.008405196480453014,0.38638922572135925,0.5203279852867126,0.009628104977309704,0.4064370393753052,0.5088677406311035,0.008151799440383911,0.42196938395500183,0.5058252215385437,0.0068017467856407166,0.3837340474128723,0.4790608882904053,0.0021364809945225716,0.4220520257949829,0.4676447808742523,-0.0015826711896806955,0.43915536999702454,0.48323291540145874,-0.0032680300064384937,0.4501160979270935,0.49724215269088745,-0.004289908800274134,0.38611453771591187,0.4870225489139557,-0.00620310241356492,0.4283525049686432,0.46849608421325684,-0.01066119410097599,0.4478587508201599,0.4856790006160736,-0.012674963101744652,0.45851290225982666,0.5034463405609131,-0.01315430086106062,0.39052075147628784,0.5065765380859375,-0.01385797094553709,0.42692163586616516,0.4766486883163452,-0.017574312165379524,0.44689714908599854,0.49090319871902466,-0.018043221905827522,0.4588835835456848,0.5065170526504517,-0.017915034666657448,0.39636218547821045,0.5338441133499146,-0.020857350900769234,0.4200049638748169,0.5021477937698364,-0.023490337654948235,0.43353071808815,0.501849889755249,-0.022596560418605804,0.4435557425022125,0.5085613131523132,-0.02142781764268875
0.3391692638397217,0.5898633003234863,8.361092085351629e-08,0.3601565361022949,0.5557259321212769,0.013341432437300682,0.38059186935424805,0.5228350162506104,0.016309460625052452,0.3984082341194153,0.5109193921089172,0.01541078370064497,0.4126303493976593,0.5095266103744507,0.014169614762067795,0.3793162405490875,0.4877984821796417,0.007646503392606974,0.4168572723865509,0.4726744294166565,0.005700495559722185,0.4338591694831848,0.4860549867153168,0.005048004910349846,0.4448856711387634,0.49909788370132446,0.004547210410237312,0.3822665512561798,0.4936714172363281,-0.0031111224088817835,0.4236847758293152,0.47006601095199585,-0.0059032924473285675,0.443530797958374,0.48480507731437683,-0.0068008629605174065,0.45459461212158203,0.5019819140434265,-0.006519507151097059,0.3873753845691681,0.5122045874595642,-0.012919841334223747,0.42310386896133423,0.47752246260643005,-0.014793024398386478,0.4428667724132538,0.4892808794975281,-0.013918314129114151,0.4551267623901367,0.5026528835296631,-0.013059282675385475,0.3938775956630707,0.5404482483863831,-0.02179541252553463,0.4169023036956787,0.5052448511123657,-0.022521136328577995,0.43038231134414673,0.5030323266983032,-0.020154986530542374,0.44051241874694824,0.5082093477249146,-0.018074508756399155
0.3397325873374939,0.5998039841651917,7.685297020998405e-08,0.3604348301887512,0.5646830797195435,0.014596257358789444,0.3791258931159973,0.5310313701629639,0.017976166680455208,0.3954664468765259,0.5170484185218811,0.0171346478164196,0.40942317247390747,0.5130964517593384,0.01592280901968479,0.3774430751800537,0.4943683445453644,0.010137848556041718,0.41376692056655884,0.4770137071609497,0.008682554587721825,0.4309116005897522,0.4894079864025116,0.008199846372008324,0.44239717721939087,0.5020607709884644,0.007657044101506472,0.38067692518234253,0.49918994307518005,-0.001340807182714343,0.42151135206222534,0.4721451997756958,-0.003963997587561607,0.44118770956993103,0.48586976528167725,-0.004731546156108379,0.452556312084198,0.5023003220558167,-0.0042965770699083805,0.3860852122306824,0.5168666243553162,-0.01190122775733471,0.42108485102653503,0.4787812829017639,-0.013743923045694828,0.4410645663738251,0.4894059896469116,-0.012365946546196938,0.4537988305091858,0.5020952224731445,-0.011094406247138977,0.393196165561676,0.5451107025146484,-0.02145940624177456,0.41561609506607056,0.5074975490570068,-0.02207212895154953,0.4290516972541809,0.5046324729919434,-0.019255872815847397,0.4393799304962158,0.5092397928237915,-0.01683673821389675
0.34170854091644287,0.6047924160957336,1.184412568022708e-07,0.36593371629714966,0.5836015939712524,0.006214818451553583,0.3870561420917511,0.5486816167831421,0.00819090660661459,0.4025972783565521,0.5259431600570679,0.008196167647838593,0.4150431752204895,0.5132076740264893,0.008750751614570618,0.38022083044052124,0.4985691010951996,0.004310928285121918,0.41521909832954407,0.48017609119415283,0.0023005756083875895,0.4336640238761902,0.4911471903324127,0.001155830454081297,0.4459017515182495,0.50223708152771,0.0005813540774397552,0.37959617376327515,0.4988076388835907,-0.0015482819871976972,0.42013341188430786,0.47326433658599854,-0.004500437527894974,0.43948253989219666,0.4874061942100525,-0.005481605883687735,0.45041555166244507,0.5032780170440674,-0.005085910204797983,0.3826060891151428,0.512383222579956,-0.007032978348433971,0.41793495416641235,0.4808587431907654,-0.00923723541200161,0.4371303617954254,0.492531955242157,-0.008482380770146847,0.44843387603759766,0.5071345567703247,-0.007431636098772287,0.3887282907962799,0.5356501936912537,-0.012115723453462124,0.41329944133758545,0.5048524141311646,-0.012312876991927624,0.42651233077049255,0.5071582794189453,-0.009533216245472431,0.43542495369911194,0.5165119171142578,-0.007033126894384623
0.3429313600063324,0.605261504650116,6.706664379407812e-08,0.35622283816337585,0.5596326589584351,0.013885528780519962,0.3725827932357788,0.5251136422157288,0.016442323103547096,0.38884952664375305,0.5131063461303711,0.014914603903889656,0.4034036099910736,0.5087905526161194,0.012980282306671143,0.37429386377334595,0.4970422387123108,0.008504348807036877,0.40856748819351196,0.4753468930721283,0.006113260518759489,0.4254516363143921,0.485993891954422,0.005039571784436703,0.4366675615310669,0.49781641364097595,0.004486778285354376,0.3792339563369751,0.5034828782081604,-0.002462011529132724,0.41717132925987244,0.47081440687179565,-0.005577784962952137,0.435905396938324,0.48213133215904236,-0.006388241425156593,0.44653981924057007,0.4973438084125519,-0.005872081033885479,0.3859299421310425,0.5211942791938782,-0.012494338676333427,0.4180988073348999,0.4798119366168976,-0.014476285316050053,0.43692293763160706,0.4880162477493286,-0.012647546827793121,0.44898462295532227,0.5001731514930725,-0.010891779325902462,0.39428234100341797,0.5483404397964478,-0.021572483703494072,0.4151870310306549,0.508944034576416,-0.021752318367362022,0.4277568459510803,0.5055879950523376,-0.018091076985001564,0.4373258650302887,0.5098179578781128,-0.014912174083292484
0.3437016010284424,0.6064866781234741,6.933404961273482e-08,0.3559478521347046,0.5621424317359924,0.014134236611425877,0.3716699481010437,0.5280352830886841,0.016484800726175308,0.38756537437438965,0.5153959393501282,0.014732804149389267,0.4022306501865387,0.5108590722084045,0.012567741796374321,0.3742242753505707,0.4978604316711426,0.008211780339479446,0.4080631732940674,0.47372177243232727,0.005799127742648125,0.42508941888809204,0.4832489490509033,0.004827228840440512,0.43614381551742554,0.4943004250526428,0.004388722591102123,0.37898120284080505,0.5043679475784302,-0.003041916759684682,0.41612523794174194,0.4706464111804962,-0.005948979407548904,0.43528130650520325,0.48083800077438354,-0.006454975809901953,0.4460906684398651,0.4956416189670563,-0.0058123208582401276,0.3855671286582947,0.5219808220863342,-0.013350916095077991,0.41701754927635193,0.48047250509262085,-0.015110194683074951,0.43638598918914795,0.48750919103622437,-0.0130994264036417,0.4487763047218323,0.49909281730651855,-0.011300872080028057,0.393763929605484,0.5487985610961914,-0.022708242759108543,0.4139353334903717,0.509161114692688,-0.022687332704663277,0.4265296459197998,0.5054939985275269,-0.01886567287147045,0.43591049313545227,0.5100085735321045,-0.01561625674366951
0.3434257209300995,0.6098200082778931,8.610901147676486e-08,0.3566942512989044,0.5693880915641785,0.012290284037590027,0.3743351399898529,0.5349140763282776,0.013989826664328575,0.39132845401763916,0.5211561918258667,0.012020586989820004,0.4064742624759674,0.5146160125732422,0.009790146723389626,0.37537768483161926,0.5024905204772949,0.005820100661367178,0.40926381945610046,0.4774516820907593,0.002111834241077304,0.42774176597595215,0.48566561937332153,0.000476156739750877,0.4402453601360321,0.49608665704727173,-4.558701766654849e-05,0.3785727322101593,0.5090160965919495,-0.004625154193490744,0.4161459803581238,0.47366443276405334,-0.009314085356891155,0.43658921122550964,0.4834454655647278,-0.010609402321279049,0.44821423292160034,0.49875324964523315,-0.010040408931672573,0.38435932993888855,0.5263102650642395,-0.014215146191418171,0.4161960780620575,0.48421090841293335,-0.01746411807835102,0.4364226460456848,0.49126961827278137,-0.01631462201476097,0.44899600744247437,0.5035644173622131,-0.014607665129005909,0.3923710584640503,0.5521529912948608,-0.02291511371731758,0.4138259291648865,0.511234700679779,-0.023554664105176926,0.4270690381526947,0.5074954032897949,-0.020212387666106224,0.4365501403808594,0.512747049331665,-0.017119377851486206
0.3446751832962036,0.6126843690872192,5.88601700712843e-08,0.3568589389324188,0.5684176087379456,0.01644381508231163,0.37231385707855225,0.5330891013145447,0.01992717571556568,0.3879215121269226,0.5194767117500305,0.018743161112070084,0.4027250111103058,0.5144673585891724,0.01688038557767868,0.37421175837516785,0.5039679408073425,0.010595985688269138,0.40769869089126587,0.4775054156780243,0.008591925725340843,0.4251171350479126,0.4855988621711731,0.007905649952590466,0.43655848503112793,0.496002197265625,0.007668518926948309,0.37909606099128723,0.5101590752601624,-0.0016415808349847794,0.41565608978271484,0.4747679829597473,-0.00400904007256031,0.43510669469833374,0.48390382528305054,-0.00437601562589407,0.44641268253326416,0.49818599224090576,-0.003748937277123332,0.3856322765350342,0.5271216630935669,-0.01283103134483099,0.4166469871997833,0.4842031002044678,-0.014153699390590191,0.4363158941268921,0.4903620481491089,-0.012233231216669083,0.4490533769130707,0.5014089345932007,-0.01069459319114685,0.39394962787628174,0.552749514579773,-0.022891635075211525,0.4139893352985382,0.5128791928291321,-0.022695111110806465,0.42669904232025146,0.5086649656295776,-0.01909678615629673,0.4361294209957123,0.5124251246452332,-0.016184862703084946
0.34405234456062317,0.613433837890625,5.2952813689444156e-08,0.3554711639881134,0.5691213607788086,0.016627179458737373,0.37065571546554565,0.5344112515449524,0.02040557935833931,0.38586416840553284,0.521270751953125,0.019393315538764,0.3998861312866211,0.5155584812164307,0.01770840771496296,0.37285324931144714,0.505676805973053,0.01135505735874176,0.4057637155056,0.47805219888687134,0.009407216683030128,0.4233753979206085,0.48626869916915894,0.008815151639282703,0.434986412525177,0.49763229489326477,0.00867413729429245,0.3781304657459259,0.5104806423187256,-0.0009247256093658507,0.41409286856651306,0.4734080731868744,-0.003353690728545189,0.43354159593582153,0.4831451177597046,-0.003561354009434581,0.4448181986808777,0.4976874887943268,-0.002765880897641182,0.385153591632843,0.5261111259460449,-0.012211674824357033,0.4152176082134247,0.48182690143585205,-0.013755789957940578,0.43507638573646545,0.48919108510017395,-0.011685612611472607,0.4477676749229431,0.5015401244163513,-0.009902049787342548,0.3942135274410248,0.5509001016616821,-0.0223869439214468,0.41453075408935547,0.5099054574966431,-0.022237760946154594,0.4277344048023224,0.5067659020423889,-0.018450068309903145,0.43726083636283875,0.5118716359138489,-0.015356983989477158
0.3437498211860657,0.6119410395622253,5.2260840988083146e-08,0.3548107445240021,0.5663040280342102,0.01699567586183548,0.3700219988822937,0.5311805009841919,0.021062985062599182,0.3852212131023407,0.5178061127662659,0.020324869081377983,0.3990350365638733,0.5123486518859863,0.018884167075157166,0.37260308861732483,0.504876971244812,0.011517099104821682,0.40575098991394043,0.4778054654598236,0.009469420649111271,0.42356717586517334,0.4855436086654663,0.008840113878250122,0.4352130591869354,0.49683696031570435,0.008733424358069897,0.3783840835094452,0.5098260045051575,-0.0007708387565799057,0.41428497433662415,0.47283148765563965,-0.0033645217772573233,0.4339115023612976,0.48183947801589966,-0.0036465213634073734,0.4452837407588959,0.4962984323501587,-0.0028577276971191168,0.3855479955673218,0.5255680084228516,-0.012032547034323215,0.41575944423675537,0.4820588529109955,-0.01371116191148758,0.43597903847694397,0.4886830151081085,-0.01180256623774767,0.4491489827632904,0.5003701448440552,-0.010105541907250881,0.3945431411266327,0.5506296157836914,-0.022120265290141106,0.41502845287323,0.5106837749481201,-0.02201209031045437,0.4283623695373535,0.5065187811851501,-0.018366467207670212,0.43827110528945923,0.5101469159126282,-0.015380742028355598
0.3448876142501831,0.6118795275688171,6.139858754750094e-08,0.3551975190639496,0.565778911113739,0.01598440110683441,0.36986538767814636,0.5305054187774658,0.019085703417658806,0.38514649868011475,0.5157521367073059,0.01748458668589592,0.3993019461631775,0.5096316933631897,0.01514123473316431,0.37271425127983093,0.5043995380401611,0.008802914060652256,0.4065687656402588,0.4757113754749298,0.005712766200304031,0.42455172538757324,0.4839214086532593,0.004668415058404207,0.4361709654331207,0.49605751037597656,0.004459158983081579,0.3784599006175995,0.509894609451294,-0.0033891990315169096,0.4149090647697449,0.47180429100990295,-0.007055188063532114,0.4348870813846588,0.479827344417572,-0.0077599151991307735,0.4461982548236847,0.4948403835296631,-0.007091738283634186,0.3856551945209503,0.5263370871543884,-0.014518405310809612,0.41622257232666016,0.4816391170024872,-0.016672370955348015,0.4366127848625183,0.48770564794540405,-0.015089049935340881,0.4498695433139801,0.4992144703865051,-0.013537720777094364,0.39435121417045593,0.5515742301940918,-0.024543430656194687,0.4148862957954407,0.5103619694709778,-0.024804364889860153,0.42807599902153015,0.5061391592025757,-0.021413154900074005,0.43803319334983826,0.5103023648262024,-0.018504194915294647
0.3432523012161255,0.6102439165115356,6.701800714381534e-08,0.3537842929363251,0.5642687678337097,0.014369325712323189,0.36843162775039673,0.5287180542945862,0.017167959362268448,0.3833921551704407,0.5150188207626343,0.015547996386885643,0.39756885170936584,0.5101625919342041,0.013310200534760952,0.37242913246154785,0.5029217004776001,0.008651099167764187,0.40567535161972046,0.4750126302242279,0.0050846878439188,0.4240484833717346,0.48220857977867126,0.0034537396859377623,0.4359247088432312,0.4930819571018219,0.002822396345436573,0.37789595127105713,0.5081820487976074,-0.002766221296042204,0.4139765202999115,0.4714910089969635,-0.0067138285376131535,0.43412643671035767,0.4801289141178131,-0.007930053398013115,0.44575244188308716,0.49485599994659424,-0.007612302899360657,0.38488632440567017,0.5242601037025452,-0.013357856310904026,0.41517913341522217,0.4806893467903137,-0.015841491520404816,0.43573689460754395,0.48703598976135254,-0.014650392346084118,0.44927045702934265,0.49872082471847534,-0.013265745714306831,0.393592894077301,0.5493534803390503,-0.02303984947502613,0.41399306058883667,0.5092419385910034,-0.02377462014555931,0.42757177352905273,0.5040294528007507,-0.020934784784913063,0.4380223751068115,0.5070967674255371,-0.018373312428593636
0.3428587317466736,0.6121314167976379,6.797439056072108e-08,0.35407763719558716,0.5684731006622314,0.01506857480853796,0.36831003427505493,0.5327040553092957,0.01833396591246128,0.3816916048526764,0.518579363822937,0.016798533499240875,0.39475974440574646,0.5129181742668152,0.014565011486411095,0.3714369237422943,0.5041608810424805,0.011487523093819618,0.40396052598953247,0.4791758060455322,0.008037545718252659,0.4232499599456787,0.4858610928058624,0.005867799278348684,0.43594834208488464,0.49622833728790283,0.004760807380080223,0.3765803277492523,0.5087594985961914,-0.0006153031135909259,0.41216379404067993,0.475157767534256,-0.004209860228002071,0.4334753751754761,0.4843086898326874,-0.006028094794601202,0.4460849165916443,0.4992212653160095,-0.006382424384355545,0.38365307450294495,0.5233377814292908,-0.01209178101271391,0.4136244058609009,0.4809480905532837,-0.014614985324442387,0.4346575140953064,0.4889339208602905,-0.013924005441367626,0.4482027590274811,0.5019853115081787,-0.012969793751835823,0.3929347097873688,0.5465713143348694,-0.022679900750517845,0.41317421197891235,0.5065062046051025,-0.02344147488474846,0.4271281957626343,0.502953290939331,-0.020712856203317642,0.43729090690612793,0.5080529451370239,-0.01834026351571083
0.3420332372188568,0.6110237240791321,8.647042903930924e-08,0.3546088933944702,0.5667358636856079,0.01593097299337387,0.3700188100337982,0.5311585664749146,0.019451774656772614,0.3846527338027954,0.5174036622047424,0.018004754558205605,0.39733827114105225,0.5122207403182983,0.01577848009765148,0.37109968066215515,0.5034288763999939,0.013016938231885433,0.4048868417739868,0.4824572205543518,0.01065321546047926,0.425064355134964,0.48874223232269287,0.008657675236463547,0.43898412585258484,0.49767783284187317,0.007377119734883308,0.37614670395851135,0.5075727105140686,0.0006635338650085032,0.41186946630477905,0.4793627858161926,-0.0015026573091745377,0.43364402651786804,0.4887485206127167,-0.0031478037126362324,0.4468238055706024,0.502438485622406,-0.0038914410397410393,0.38315972685813904,0.5214172601699829,-0.010948863811790943,0.4133269786834717,0.4838026762008667,-0.012178354896605015,0.4342985451221466,0.49284034967422485,-0.011279229074716568,0.4473561942577362,0.5059252381324768,-0.01064984779804945,0.39248746633529663,0.5429902076721191,-0.021671907976269722,0.4127393662929535,0.5045236349105835,-0.02136414498090744,0.42651355266571045,0.5014525651931763,-0.018313340842723846,0.43618619441986084,0.506415605545044,-0.016046812757849693
0.34191471338272095,0.6128016114234924,1.0513906545384089e-07,0.35325875878334045,0.5692276358604431,0.012895256280899048,0.3687801957130432,0.5331276655197144,0.01535338256508112,0.38448068499565125,0.5174878239631653,0.013543475419282913,0.3980269730091095,0.5117048025131226,0.011115040630102158,0.37050795555114746,0.5060192346572876,0.010212822817265987,0.40386316180229187,0.4875088334083557,0.006488338578492403,0.4246484637260437,0.49333906173706055,0.0034130439162254333,0.4390616714954376,0.5025587677955627,0.0016244972357526422,0.3753613829612732,0.5108168125152588,-0.000677298114169389,0.4107871353626251,0.4847104549407959,-0.0043584308587014675,0.43333202600479126,0.49252089858055115,-0.006967402994632721,0.44746142625808716,0.5060545206069946,-0.008091232739388943,0.38193604350090027,0.5252240896224976,-0.011055654846131802,0.4116375148296356,0.49039506912231445,-0.01357270497828722,0.4329933524131775,0.49776965379714966,-0.013692352920770645,0.4467146694660187,0.5102297067642212,-0.013376284390687943,0.39091870188713074,0.5475475192070007,-0.020724421367049217,0.4113599359989166,0.5107318162918091,-0.020970206707715988,0.4252985715866089,0.5072025060653687,-0.018379122018814087,0.43535277247428894,0.5120395421981812,-0.016252562403678894
0.34091293811798096,0.6100489497184753,1.2853664088652295e-07,0.35222306847572327,0.5660369992256165,0.012258452363312244,0.3680602014064789,0.5305029153823853,0.01474784780293703,0.3837381601333618,0.5169565081596375,0.012961058877408504,0.39793238043785095,0.5122002363204956,0.010633672587573528,0.36958470940589905,0.504524827003479,0.010636366903781891,0.4034019410610199,0.4843931496143341,0.006639406085014343,0.4247841536998749,0.4902121424674988,0.0034251445904374123,0.4393285810947418,0.5005292296409607,0.0017897512298077345,0.3742896616458893,0.510197639465332,0.00027226138627156615,0.4089381992816925,0.48324164748191833,-0.003822366939857602,0.43177852034568787,0.4928569197654724,-0.006847041193395853,0.44588205218315125,0.5086141228675842,-0.008046287111938,0.3809851408004761,0.5250639915466309,-0.009692962281405926,0.41146954894065857,0.4906335771083832,-0.012428876012563705,0.4338286519050598,0.49886563420295715,-0.013298630714416504,0.4479519724845886,0.5123500823974609,-0.013220991007983685,0.390128493309021,0.5478341579437256,-0.018981393426656723,0.4130152463912964,0.5121461153030396,-0.019177328795194626,0.42827922105789185,0.5112676024436951,-0.016830090433359146,0.4387037456035614,0.518897533416748,-0.014690970070660114
0.340890109539032,0.6053372621536255,1.2966525275714957e-07,0.3512520492076874,0.5599602460861206,0.011304698884487152,0.366956889629364,0.5246469974517822,0.013051475398242474,0.3828814923763275,0.5110495090484619,0.010763519443571568,0.3970704972743988,0.5064194798469543,0.007989699020981789,0.36926743388175964,0.5003190636634827,0.007348170038312674,0.40329694747924805,0.4767574369907379,0.0022577366326004267,0.42432644963264465,0.4859495460987091,-0.0011284718057140708,0.4383598566055298,0.49877676367759705,-0.0027589171659201384,0.37381866574287415,0.507493793964386,-0.0027791482862085104,0.40963852405548096,0.47951561212539673,-0.008058350533246994,0.4320269227027893,0.49204471707344055,-0.011095566675066948,0.4451633393764496,0.5096005797386169,-0.012195919640362263,0.37996813654899597,0.52315354347229,-0.012451620772480965,0.4119538366794586,0.4886914789676666,-0.015996454283595085,0.43406158685684204,0.4983760118484497,-0.016511758789420128,0.4477179944515228,0.5129342675209045,-0.016138160601258278,0.38873234391212463,0.5466011166572571,-0.021516885608434677,0.41250306367874146,0.5104231834411621,-0.02256998047232628,0.42754021286964417,0.5102753043174744,-0.020351607352495193,0.43770766258239746,0.5180437564849854,-0.018195761367678642
0.3405889570713043,0.6013471484184265,1.1854154990942334e-07,0.350705087184906,0.5548882484436035,0.013449396938085556,0.366275817155838,0.520131528377533,0.016285881400108337,0.38157641887664795,0.5072141289710999,0.014692994765937328,0.39565524458885193,0.502781093120575,0.012515394017100334,0.36898311972618103,0.4969901144504547,0.010169746354222298,0.4026959240436554,0.4725587069988251,0.00609153276309371,0.42336559295654297,0.48199230432510376,0.003206138499081135,0.4371722638607025,0.4951562285423279,0.0018677457701414824,0.3739795684814453,0.5042179822921753,-0.0007760176085866988,0.41011688113212585,0.4767673909664154,-0.005338242743164301,0.4320802688598633,0.4900379776954651,-0.008207733742892742,0.444747656583786,0.5084031224250793,-0.009221075102686882,0.38007205724716187,0.519350528717041,-0.011133489198982716,0.41214168071746826,0.48553982377052307,-0.013727504760026932,0.4337087571620941,0.49593061208724976,-0.013892670162022114,0.44686633348464966,0.5112916827201843,-0.01344834454357624,0.38848674297332764,0.5418753623962402,-0.02075129561126232,0.4120538830757141,0.5059060454368591,-0.020844941958785057,0.42670220136642456,0.5067052841186523,-0.0180819071829319,0.43620941042900085,0.5155221819877625,-0.015677254647016525
0.33876699209213257,0.5982441902160645,1.0775329428724945e-07,0.34985843300819397,0.5533439517021179,0.015192178077995777,0.36575621366500854,0.5188810229301453,0.01897807978093624,0.3807845413684845,0.506172239780426,0.0179578997194767,0.394449383020401,0.5019258856773376,0.016260677948594093,0.36809098720550537,0.49508851766586304,0.012950473465025425,0.40215981006622314,0.47377344965934753,0.010237320326268673,0.42247191071510315,0.48298123478889465,0.008154388517141342,0.4360722601413727,0.49497637152671814,0.007184464018791914,0.37308967113494873,0.5011979341506958,0.0013492212165147066,0.4095665514469147,0.47551488876342773,-0.0019670738838613033,0.43151214718818665,0.48875147104263306,-0.0043876077979803085,0.444164901971817,0.5068656206130981,-0.005213615018874407,0.3794134557247162,0.5156291127204895,-0.009582863189280033,0.4115847051143646,0.4834958016872406,-0.011103618890047073,0.4330551028251648,0.4949326515197754,-0.011122758500277996,0.4459662437438965,0.5102971196174622,-0.010768314823508263,0.3880298435688019,0.5375705361366272,-0.019672278314828873,0.41172516345977783,0.5029987096786499,-0.018901735544204712,0.4266250729560852,0.5036327838897705,-0.01606854610145092,0.4363498091697693,0.5118833184242249,-0.013820209540426731
0.3371066451072693,0.5961219072341919,7.814592350996463e-08,0.34974703192710876,0.552753210067749,0.018874336034059525,0.3654606342315674,0.518883466720581,0.023368611931800842,0.3799506723880768,0.5074588060379028,0.02179788611829281,0.39294570684432983,0.5044164657592773,0.018954914063215256,0.36736544966697693,0.4930759370326996,0.015422808937728405,0.4036100208759308,0.4766303300857544,0.013657505623996258,0.42337512969970703,0.4909006357192993,0.01243820134550333,0.43617916107177734,0.5063509941101074,0.011995366774499416,0.37187057733535767,0.49753397703170776,0.0013739975402131677,0.4103119969367981,0.4746621549129486,-0.0012675904436036944,0.4310075342655182,0.49499475955963135,-0.00260547804646194,0.44057324528694153,0.5175519585609436,-0.0026137803215533495,0.3785242736339569,0.5111494660377502,-0.011728737503290176,0.4119788408279419,0.4772210717201233,-0.013228047639131546,0.4328661859035492,0.49680930376052856,-0.012143807485699654,0.442962646484375,0.5178335905075073,-0.010861147195100784,0.38766562938690186,0.5320384502410889,-0.02367258444428444,0.4131515324115753,0.4947710633277893,-0.023798517882823944,0.4287351369857788,0.5005891919136047,-0.02065485343337059,0.4369252026081085,0.5137357711791992,-0.017948130145668983
0.33841365575790405,0.5979852676391602,8.38618277043679e-08,0.3517228960990906,0.555753767490387,0.017081288620829582,0.3661710023880005,0.5213779211044312,0.020707417279481888,0.38003283739089966,0.5084951519966125,0.018511496484279633,0.3923485279083252,0.5042465329170227,0.015209680423140526,0.36719244718551636,0.4954563081264496,0.014330307021737099,0.4021064043045044,0.4777457118034363,0.011597245931625366,0.4219226837158203,0.49149420857429504,0.009793064557015896,0.4349955916404724,0.5074492692947388,0.008940920233726501,0.37141290307044983,0.4996616840362549,0.0008526945603080094,0.40910065174102783,0.4748481512069702,-0.003269862150773406,0.4303710460662842,0.49503767490386963,-0.0054468149319291115,0.4410276412963867,0.517458438873291,-0.005734805017709732,0.3780890703201294,0.5125426054000854,-0.011900526471436024,0.41027167439460754,0.4758026599884033,-0.014867150224745274,0.4311768114566803,0.4954861104488373,-0.01437876746058464,0.4420604109764099,0.5164921879768372,-0.01315402053296566,0.38715580105781555,0.5324018001556396,-0.02364211156964302,0.41067734360694885,0.4942217469215393,-0.025030381977558136,0.42568421363830566,0.497877299785614,-0.02268315479159355,0.43415558338165283,0.5093812942504883,-0.02035318687558174
0.3367859125137329,0.6012389659881592,8.04173723167878e-08,0.34910809993743896,0.5541894435882568,0.01347752008587122,0.3635343313217163,0.5216941833496094,0.01550776232033968,0.37824758887290955,0.5084694623947144,0.012644678354263306,0.39162319898605347,0.5051654577255249,0.008820594288408756,0.3658755123615265,0.4980353116989136,0.010707229375839233,0.39887845516204834,0.4795946478843689,0.006335317622870207,0.4184168577194214,0.49167266488075256,0.0031286596786230803,0.43118804693222046,0.5075389742851257,0.0016184579581022263,0.3710627853870392,0.5027021169662476,-0.000872874865308404,0.40633922815322876,0.47690126299858093,-0.005919141229242086,0.42684486508369446,0.494243323802948,-0.008994776755571365,0.43785786628723145,0.5150820016860962,-0.009699932299554348,0.37777718901634216,0.5168914198875427,-0.011872687377035618,0.40882033109664917,0.4813240170478821,-0.015288516879081726,0.4297909736633301,0.49677079916000366,-0.015031307004392147,0.4419328272342682,0.5153706073760986,-0.013724484480917454,0.38611313700675964,0.539936900138855,-0.022163351997733116,0.40964871644973755,0.5019286274909973,-0.023543735966086388,0.4256463646888733,0.5005484223365784,-0.02094961144030094,0.43651366233825684,0.5072347521781921,-0.018165256828069687
0.33754804730415344,0.6043716669082642,7.259400547354744e-08,0.34885174036026,0.5573469996452332,0.013919688761234283,0.36341097950935364,0.522132158279419,0.016958296298980713,0.3792358636856079,0.5077457427978516,0.015383194200694561,0.3934503197669983,0.50478196144104,0.01304457988590002,0.3663409650325775,0.4981275498867035,0.01225966028869152,0.39884430170059204,0.47820693254470825,0.009416019544005394,0.4175148904323578,0.4867371618747711,0.007100355811417103,0.4300428628921509,0.4971511960029602,0.005801043938845396,0.37200695276260376,0.5041313171386719,0.0010420097969472408,0.4061315655708313,0.48095831274986267,-0.0023106795269995928,0.42487332224845886,0.4944051206111908,-0.005081942770630121,0.4356084167957306,0.5107147097587585,-0.006137478165328503,0.3789023458957672,0.5195801854133606,-0.009562906809151173,0.4092515707015991,0.4899199604988098,-0.011157408356666565,0.4286192059516907,0.4995376169681549,-0.011015620082616806,0.44074469804763794,0.5123677253723145,-0.01063433475792408,0.38743627071380615,0.5434951782226562,-0.019455084577202797,0.4110453128814697,0.510975182056427,-0.01897428184747696,0.42710384726524353,0.5035943388938904,-0.01652204617857933,0.4395225942134857,0.5019075274467468,-0.014669518917798996
0.33937373757362366,0.6057255864143372,7.419420455789805e-08,0.34975308179855347,0.5587385296821594,0.013529395684599876,0.36510735750198364,0.5232662558555603,0.015906061977148056,0.38200753927230835,0.5094945430755615,0.013959534466266632,0.39734187722206116,0.5061550736427307,0.01116535346955061,0.3674304783344269,0.4997240900993347,0.008695010095834732,0.40000781416893005,0.477092444896698,0.004934228025376797,0.4186347424983978,0.48449960350990295,0.0024639395996928215,0.4313560128211975,0.493705689907074,0.0011701473267748952,0.37271755933761597,0.5068048238754272,-0.0023515450302511454,0.4075421392917633,0.4834536612033844,-0.00633415998890996,0.42503640055656433,0.4970477521419525,-0.008882326073944569,0.4344249665737152,0.5129231214523315,-0.00982911791652441,0.37942174077033997,0.5240570902824402,-0.01260185707360506,0.41089609265327454,0.49587541818618774,-0.01408117450773716,0.4295828938484192,0.5034894347190857,-0.013970015570521355,0.44103604555130005,0.5128918290138245,-0.01393074169754982,0.3875277638435364,0.548991322517395,-0.022074786946177483,0.4117931127548218,0.51883864402771,-0.021575385704636574,0.42753392457962036,0.5097072720527649,-0.019506393000483513,0.4397946000099182,0.5046750903129578,-0.018141519278287888
0.34040406346321106,0.6067078709602356,6.876781810660759e-08,0.35012975335121155,0.5600744485855103,0.013394446112215519,0.36625590920448303,0.526547908782959,0.015865594148635864,0.3834826648235321,0.5153188109397888,0.014120949432253838,0.39897632598876953,0.51175457239151,0.011900626122951508,0.3688706159591675,0.5050103068351746,0.008865290321409702,0.40110668540000916,0.4771891236305237,0.005025823600590229,0.418580561876297,0.4878426194190979,0.002904268680140376,0.4290701448917389,0.5016793608665466,0.002347084693610668,0.37479594349861145,0.5118188858032227,-0.001542382873594761,0.41037943959236145,0.48317328095436096,-0.004710649140179157,0.4272075295448303,0.4981752634048462,-0.006483052857220173,0.43518421053886414,0.5158605575561523,-0.006804546806961298,0.3820272982120514,0.5285495519638062,-0.011238019913434982,0.4151410758495331,0.4991629719734192,-0.012438894249498844,0.4332602024078369,0.5096861720085144,-0.011972572654485703,0.44320425391197205,0.5221726298332214,-0.011456381529569626,0.3906727433204651,0.5525136590003967,-0.020115261897444725,0.4170626103878021,0.524632453918457,-0.019447119906544685,0.4326486587524414,0.5197702050209045,-0.01707928441464901,0.4436075687408447,0.5186321139335632,-0.015283617191016674
0.3394709527492523,0.5994428396224976,5.820254855848361e-08,0.3498575985431671,0.5571438670158386,0.014598662964999676,0.3662048280239105,0.5235515236854553,0.0177898146212101,0.38387325406074524,0.5124650001525879,0.016780363395810127,0.4001598060131073,0.5126966834068298,0.015165172517299652,0.37019190192222595,0.5018307566642761,0.007559327874332666,0.40191516280174255,0.4760510325431824,0.003890383057296276,0.41947388648986816,0.48573997616767883,0.002775699133053422,0.42958924174308777,0.4973151981830597,0.003018696093931794,0.3764837980270386,0.5072267651557922,-0.0032919568475335836,0.4114125669002533,0.47200942039489746,-0.0063459742814302444,0.4277476966381073,0.4887952208518982,-0.005982486065477133,0.43433457612991333,0.5079003572463989,-0.004386284854263067,0.38372349739074707,0.5249161124229431,-0.013124627061188221,0.4171636402606964,0.4976501166820526,-0.015432494692504406,0.4319767355918884,0.5136830806732178,-0.01202882919460535,0.43802541494369507,0.527810275554657,-0.008678031153976917,0.3920139968395233,0.5499656796455383,-0.021920761093497276,0.4203377366065979,0.524991512298584,-0.02208174392580986,0.4364229440689087,0.5195007920265198,-0.018229911103844643,0.4472777843475342,0.5140525102615356,-0.014880821108818054
0.3383130431175232,0.5920996069908142,5.808600533896424e-08,0.34966596961021423,0.5502578616142273,0.016500122845172882,0.3659917712211609,0.5174360871315002,0.020050980150699615,0.38346463441848755,0.5072898864746094,0.01893189735710621,0.3998705744743347,0.5105155110359192,0.01684724912047386,0.3711242973804474,0.4932160973548889,0.008067506365478039,0.4045332372188568,0.468686580657959,0.003851027227938175,0.4227444529533386,0.4803769290447235,0.0025116242468357086,0.4334017336368561,0.49436745047569275,0.002766289049759507,0.3777410387992859,0.49981486797332764,-0.004022881854325533,0.41486674547195435,0.46448618173599243,-0.008214383386075497,0.4311290979385376,0.48339444398880005,-0.008350733667612076,0.4373631179332733,0.5050691366195679,-0.006740348879247904,0.38477152585983276,0.51889568567276,-0.014877019450068474,0.4201325476169586,0.4959827661514282,-0.018285207450389862,0.4341857135295868,0.51539146900177,-0.015137545764446259,0.4393051862716675,0.5309581160545349,-0.01148664765059948,0.3924308121204376,0.5451176762580872,-0.02439916878938675,0.4225938618183136,0.5216545462608337,-0.024781478568911552,0.4390327036380768,0.5172598361968994,-0.020576471462845802,0.45013362169265747,0.5117188692092896,-0.016809316352009773
0.33595791459083557,0.5798211097717285,5.419499160552732e-08,0.34886184334754944,0.5343506932258606,0.016785694286227226,0.36682918667793274,0.5043619871139526,0.02059967815876007,0.38431063294410706,0.4961800277233124,0.01979350857436657,0.39977726340293884,0.5007757544517517,0.018128160387277603,0.3727855980396271,0.48079848289489746,0.009414763189852238,0.40679141879081726,0.45769163966178894,0.005478838458657265,0.4247054159641266,0.4719754159450531,0.004565817769616842,0.43476447463035583,0.48804572224617004,0.005382018629461527,0.3791165053844452,0.4889311194419861,-0.0025540092028677464,0.41746020317077637,0.4574248492717743,-0.00668698363006115,0.43228572607040405,0.47756427526474,-0.006571756675839424,0.43754062056541443,0.49913662672042847,-0.004371860064566135,0.38567525148391724,0.5088001489639282,-0.01339472085237503,0.4215405285358429,0.4931495785713196,-0.016327252611517906,0.435613214969635,0.511976420879364,-0.013496194034814835,0.4416244328022003,0.5261485576629639,-0.009874454699456692,0.392371267080307,0.5357692241668701,-0.02286273054778576,0.42227253317832947,0.5171471238136292,-0.022214019671082497,0.438355028629303,0.5130175352096558,-0.017879314720630646,0.44961532950401306,0.5076714158058167,-0.01393545139580965
0.33663496375083923,0.570948600769043,5.425195226393953e-08,0.3501405715942383,0.5250942707061768,0.01615583710372448,0.3681671917438507,0.4960239827632904,0.01996849849820137,0.3853703737258911,0.4894053041934967,0.019364673644304276,0.40120556950569153,0.49561771750450134,0.01811714842915535,0.37493547797203064,0.4706474840641022,0.009999093599617481,0.4082687497138977,0.45176106691360474,0.006196013186126947,0.42507168650627136,0.4684012830257416,0.004917478188872337,0.43414241075515747,0.48685210943222046,0.005374422296881676,0.3814796805381775,0.4795056879520416,-0.0013427826343104243,0.41908949613571167,0.45212024450302124,-0.004440084099769592,0.4338235855102539,0.4722263813018799,-0.0040060244500637054,0.4400048851966858,0.49340513348579407,-0.001998273655772209,0.38761550188064575,0.5004588961601257,-0.011760803870856762,0.42301297187805176,0.48802968859672546,-0.013522597029805183,0.43806034326553345,0.5049848556518555,-0.010533364489674568,0.4458306133747101,0.5181729793548584,-0.0074308025650680065,0.393548846244812,0.5286773443222046,-0.02099749632179737,0.4229736328125,0.5152873992919922,-0.020118936896324158,0.4393547475337982,0.5134665369987488,-0.01598195917904377,0.45169204473495483,0.510026216506958,-0.012365350499749184
0.33788353204727173,0.5680071115493774,5.5276071719845277e-08,0.35164541006088257,0.5215316414833069,0.01759272813796997,0.3695387840270996,0.4928395748138428,0.022262834012508392,0.3859809339046478,0.48731547594070435,0.02204088494181633,0.4017525613307953,0.49460506439208984,0.02117910049855709,0.3743228018283844,0.46888819336891174,0.013019204139709473,0.40694549679756165,0.45083436369895935,0.01079585961997509,0.42344486713409424,0.46762368083000183,0.010185251012444496,0.43232855200767517,0.486775279045105,0.010797780007123947,0.3810531198978424,0.4752814769744873,0.0013163441326469183,0.4184001088142395,0.44557851552963257,-0.00021273750462569296,0.4331328868865967,0.4677566885948181,0.0004292337689548731,0.43907150626182556,0.4927452802658081,0.0023178483825176954,0.3876246511936188,0.49555960297584534,-0.009335421025753021,0.4240419566631317,0.4869840145111084,-0.009719331748783588,0.4364446997642517,0.5083340406417847,-0.006765031721442938,0.44164612889289856,0.5244230031967163,-0.003943088464438915,0.3938821256160736,0.5240429639816284,-0.018750010058283806,0.4237214922904968,0.516526997089386,-0.017314787954092026,0.4408379793167114,0.5201189517974854,-0.013421456329524517,0.45358511805534363,0.5216957926750183,-0.010091367177665234
0.33969658613204956,0.5743427276611328,4.9448409811247984e-08,0.35256314277648926,0.5269702076911926,0.019150596112012863,0.36976122856140137,0.4965119957923889,0.024363979697227478,0.3861723840236664,0.4883945882320404,0.024609016254544258,0.40230199694633484,0.49406343698501587,0.023978976532816887,0.37375617027282715,0.47170618176460266,0.01293724961578846,0.40543732047080994,0.44823184609413147,0.011522598564624786,0.4219317138195038,0.46059557795524597,0.01179009024053812,0.43139979243278503,0.4758739471435547,0.012778672389686108,0.3806965947151184,0.47889813780784607,0.00046139227924868464,0.4172475337982178,0.4449203312397003,-0.0011615640250965953,0.4333643615245819,0.4640994071960449,-0.0005592483794316649,0.441070556640625,0.48700934648513794,0.001240639016032219,0.38761022686958313,0.5002181529998779,-0.010715987533330917,0.42333781719207764,0.48848074674606323,-0.011371122673153877,0.4408748149871826,0.5066787600517273,-0.010287987999618053,0.45055341720581055,0.5211073756217957,-0.009061324410140514,0.3942461609840393,0.5292668342590332,-0.02027522586286068,0.424005389213562,0.5201326012611389,-0.017888518050312996,0.4391264319419861,0.526614248752594,-0.013936149887740612,0.4496012032032013,0.5312172770500183,-0.01102651096880436
0.3401258587837219,0.5803660154342651,7.586857009300729e-08,0.3539423942565918,0.5316940546035767,0.018128463998436928,0.3725816309452057,0.5010112524032593,0.022108789533376694,0.38825753331184387,0.49412113428115845,0.021624773740768433,0.40381669998168945,0.49651360511779785,0.02062590979039669,0.3765486180782318,0.4776919186115265,0.006782338954508305,0.40931159257888794,0.4463546872138977,0.003318504197522998,0.42634323239326477,0.4562486410140991,0.0037842360325157642,0.436237096786499,0.4717150032520294,0.005434086080640554,0.3827385902404785,0.4873676896095276,-0.0056467438116669655,0.41820767521858215,0.44368842244148254,-0.009687107056379318,0.4364745616912842,0.45774003863334656,-0.008125536143779755,0.44520899653434753,0.47958025336265564,-0.004946587141603231,0.3887873888015747,0.510747492313385,-0.016484646126627922,0.4239554703235626,0.48925018310546875,-0.01894337870180607,0.4414617717266083,0.507190465927124,-0.015243620611727238,0.45029065012931824,0.5226990580558777,-0.011263653635978699,0.39463669061660767,0.5423646569252014,-0.025771131739020348,0.4238589406013489,0.5249930024147034,-0.02433522418141365,0.43719780445098877,0.530857503414154,-0.01853984221816063,0.44518527388572693,0.537221372127533,-0.013456436805427074
0.3423037528991699,0.5875289440155029,1.0077390300011757e-07,0.3553865849971771,0.5401619076728821,0.013611176051199436,0.3739009499549866,0.509917140007019,0.014829506166279316,0.39040467143058777,0.500682532787323,0.012499134056270123,0.4059179127216339,0.5012490749359131,0.009939652867615223,0.37910372018814087,0.4889209270477295,-0.0016741694416850805,0.41348567605018616,0.45157119631767273,-0.008033815771341324,0.4316999912261963,0.4608597457408905,-0.009344886057078838,0.4429253339767456,0.4751569628715515,-0.008945614099502563,0.3851054012775421,0.4986431300640106,-0.012163106352090836,0.42087143659591675,0.45136240124702454,-0.018611975014209747,0.4403104782104492,0.4640353322029114,-0.018166350200772285,0.450413316488266,0.48272931575775146,-0.01623893529176712,0.39082127809524536,0.5203164219856262,-0.021160751581192017,0.42449259757995605,0.4916524887084961,-0.02513326145708561,0.44328704476356506,0.5077349543571472,-0.022358829155564308,0.4539574980735779,0.5224511027336121,-0.0195656456053257,0.3960570693016052,0.5509101152420044,-0.029032768681645393,0.4243154525756836,0.5365288853645325,-0.028804820030927658,0.4377327263355255,0.5427391529083252,-0.024167263880372047,0.44536182284355164,0.5491546988487244,-0.020323777571320534
0.3432074785232544,0.5896353125572205,1.091239951733769e-07,0.3570210039615631,0.5417768359184265,0.012998979538679123,0.37537986040115356,0.510606586933136,0.013920078054070473,0.39212238788604736,0.5013756155967712,0.011389588937163353,0.4075455069541931,0.5023579597473145,0.008649916388094425,0.37951070070266724,0.490432471036911,-0.0017385443206876516,0.41363224387168884,0.45513370633125305,-0.008577070198953152,0.4322231411933899,0.46251752972602844,-0.010563730262219906,0.44367295503616333,0.47481295466423035,-0.010670294985175133,0.3856354057788849,0.50210040807724,-0.012087629176676273,0.4214894473552704,0.45677655935287476,-0.018936721608042717,0.4416200518608093,0.4678635895252228,-0.019158734008669853,0.45223069190979004,0.4856220781803131,-0.017812296748161316,0.3916685879230499,0.5246738195419312,-0.02106340043246746,0.4254119098186493,0.4923674762248993,-0.02545369602739811,0.4439402222633362,0.5073801875114441,-0.02305731549859047,0.45401594042778015,0.5221132636070251,-0.020598744973540306,0.39721766114234924,0.5551717281341553,-0.02898036129772663,0.4254325032234192,0.5396614670753479,-0.02963601052761078,0.4382842481136322,0.5449060797691345,-0.02569037303328514,0.44542065262794495,0.5511505603790283,-0.02231496386229992
0.34126245975494385,0.5837257504463196,1.4661848979358183e-07,0.3543110191822052,0.5365206003189087,0.012459494173526764,0.37308987975120544,0.506698727607727,0.01302650012075901,0.39104679226875305,0.4991978406906128,0.01005102414637804,0.40666237473487854,0.5009593367576599,0.0066506024450063705,0.3784446716308594,0.48599374294281006,-0.0014387869741767645,0.41353076696395874,0.45519644021987915,-0.008382388390600681,0.433342307806015,0.46218007802963257,-0.010902166366577148,0.44574108719825745,0.4752560257911682,-0.011260218918323517,0.38459512591362,0.4982094168663025,-0.011660300195217133,0.4201117157936096,0.4538474678993225,-0.018092308193445206,0.44108277559280396,0.46299219131469727,-0.01858031377196312,0.45243754982948303,0.4807910621166229,-0.0174014363437891,0.39026227593421936,0.5210434794425964,-0.020599715411663055,0.4237591624259949,0.4880017042160034,-0.025301046669483185,0.44244688749313354,0.5022364854812622,-0.0233722273260355,0.45220547914505005,0.5178440809249878,-0.021001242101192474,0.39588630199432373,0.5518365502357483,-0.028517799451947212,0.42458730936050415,0.5368486046791077,-0.02998383156955242,0.43792855739593506,0.5439479947090149,-0.02646859735250473,0.4454115927219391,0.552702009677887,-0.02303602173924446
0.3430792987346649,0.5823913812637329,1.4689324245864555e-07,0.3561720848083496,0.5338087677955627,0.012582909315824509,0.3739887475967407,0.5028038620948792,0.01300365012139082,0.3912006914615631,0.49480894207954407,0.009943227283656597,0.406860888004303,0.49638089537620544,0.006607919465750456,0.37879684567451477,0.4827786386013031,-0.0018917208071798086,0.41317126154899597,0.4512023627758026,-0.009102324955165386,0.4325064718723297,0.45911428332328796,-0.011704597622156143,0.4444355368614197,0.47269031405448914,-0.01210272777825594,0.38462749123573303,0.495002806186676,-0.012277193367481232,0.41967156529426575,0.4501698613166809,-0.019281679764389992,0.4411246180534363,0.4602106213569641,-0.019888555631041527,0.45250600576400757,0.4793556034564972,-0.01876099966466427,0.390095591545105,0.5177655220031738,-0.021395452320575714,0.4235863983631134,0.4840146601200104,-0.026661105453968048,0.44309282302856445,0.4991360008716583,-0.02501055598258972,0.453287273645401,0.5161360502243042,-0.022790204733610153,0.3957028090953827,0.5488300323486328,-0.029454754665493965,0.42490115761756897,0.5350337028503418,-0.03175590559840202,0.4390372037887573,0.5421354174613953,-0.02890479564666748,0.4470239281654358,0.5508961081504822,-0.02590876817703247
0.34281158447265625,0.5791638493537903,1.43127167007151e-07,0.3556792736053467,0.5315118432044983,0.013463258743286133,0.3738420903682709,0.5002187490463257,0.014757468365132809,0.39134785532951355,0.49312934279441833,0.012376151978969574,0.406626433134079,0.49595171213150024,0.009537105448544025,0.3783751130104065,0.4803142845630646,-0.00031172891613096,0.412740021944046,0.4487334191799164,-0.0066440049558877945,0.43232017755508423,0.4559565484523773,-0.008816713467240334,0.4445902109146118,0.469369113445282,-0.00908848736435175,0.3849549889564514,0.49212804436683655,-0.01086040772497654,0.4195457398891449,0.4465672969818115,-0.016794977709650993,0.4407690763473511,0.4555920660495758,-0.01719674840569496,0.4520934224128723,0.47399649024009705,-0.016066962853074074,0.39086806774139404,0.5148094296455383,-0.02004927769303322,0.4238840639591217,0.4797615706920624,-0.02466588467359543,0.44277775287628174,0.49434545636177063,-0.02321450598537922,0.452340692281723,0.5110993385314941,-0.02124754525721073,0.39672380685806274,0.5459218621253967,-0.028096958994865417,0.4252648651599884,0.5320558547973633,-0.029985377565026283,0.43798577785491943,0.5406264662742615,-0.027073798701167107,0.44434288144111633,0.551232635974884,-0.024112267419695854
0.3460135757923126,0.5815940499305725,1.4859347174933646e-07,0.3579549193382263,0.532314658164978,0.012164066545665264,0.37495002150535583,0.49912554025650024,0.01237553171813488,0.39165931940078735,0.4897248148918152,0.009157448075711727,0.4074530303478241,0.49160805344581604,0.005680039059370756,0.37852373719215393,0.47983142733573914,-0.0027410455513745546,0.41258499026298523,0.4467582106590271,-0.0100870281457901,0.4319545030593872,0.45331308245658875,-0.012836496345698833,0.4442346692085266,0.46607521176338196,-0.013507119379937649,0.38443753123283386,0.49118170142173767,-0.013040581718087196,0.41911089420318604,0.4451281726360321,-0.020053138956427574,0.4400672912597656,0.4540412425994873,-0.020925266668200493,0.4514499604701996,0.4720442593097687,-0.020196253433823586,0.3904690742492676,0.5137585997581482,-0.022039106115698814,0.42396280169487,0.4781705439090729,-0.027537362650036812,0.4424852728843689,0.4934639036655426,-0.02616945654153824,0.45187681913375854,0.5109310150146484,-0.024264417588710785,0.3969026505947113,0.5448287725448608,-0.029987962916493416,0.4258478879928589,0.5309976935386658,-0.03255131468176842,0.4385030269622803,0.5398361682891846,-0.02981414832174778,0.4448229670524597,0.5505563616752625,-0.026995476335287094
0.3444497585296631,0.5802578926086426,1.190486500490806e-07,0.35715311765670776,0.5324493050575256,0.013761647045612335,0.37478649616241455,0.5004427433013916,0.015094568952918053,0.3919738233089447,0.4923972487449646,0.01263479795306921,0.4076124131679535,0.4940270781517029,0.009773115627467632,0.3782553970813751,0.48024982213974,6.943353946553543e-05,0.41144636273384094,0.4458930492401123,-0.006532744038850069,0.43014800548553467,0.45343536138534546,-0.008930424228310585,0.4417611062526703,0.4663434326648712,-0.009412703104317188,0.3848832845687866,0.4913009703159332,-0.010734926909208298,0.419547438621521,0.44550925493240356,-0.016516830772161484,0.43984949588775635,0.4564346969127655,-0.01684083417057991,0.4502895474433899,0.4749816656112671,-0.01576060988008976,0.3915647268295288,0.5137292742729187,-0.02015155740082264,0.4251718819141388,0.4790725111961365,-0.024232320487499237,0.44309869408607483,0.49488985538482666,-0.02185642719268799,0.45159584283828735,0.5114489793777466,-0.01940183900296688,0.3983360528945923,0.5445078015327454,-0.02846415527164936,0.42703524231910706,0.5292133092880249,-0.02954188920557499,0.4391839802265167,0.5374101996421814,-0.025600554421544075,0.4448736906051636,0.5471068024635315,-0.02204570733010769
0.345768004655838,0.5848944783210754,1.136545151325663e-07,0.3579184412956238,0.5345830917358398,0.013724570162594318,0.37456852197647095,0.5014955401420593,0.015265368856489658,0.3910517692565918,0.4919634163379669,0.01307976059615612,0.40625232458114624,0.4930347204208374,0.01070170383900404,0.37717610597610474,0.4817929267883301,0.0007677024696022272,0.41001251339912415,0.44842350482940674,-0.005529372952878475,0.42845672369003296,0.4565895199775696,-0.007690882310271263,0.43968382477760315,0.4699646234512329,-0.007982071489095688,0.384107768535614,0.4935198426246643,-0.009821470826864243,0.418287992477417,0.44752708077430725,-0.015953432768583298,0.4382089376449585,0.45769205689430237,-0.016322879120707512,0.44831547141075134,0.4756903350353241,-0.0150960898026824,0.3912080228328705,0.5161948204040527,-0.019059546291828156,0.4240047037601471,0.47987082600593567,-0.023236488923430443,0.441286563873291,0.4943755567073822,-0.02080213837325573,0.44944167137145996,0.5103765726089478,-0.018169179558753967,0.3984066843986511,0.5469434261322021,-0.027207979932427406,0.427080363035202,0.5305230617523193,-0.028040269389748573,0.43919721245765686,0.5378270745277405,-0.02394295111298561,0.44485384225845337,0.5473263263702393,-0.020218219608068466
0.3449474573135376,0.5874359607696533,1.2111780733903288e-07,0.35553374886512756,0.5374452471733093,0.01407065149396658,0.3717261552810669,0.503262996673584,0.015949880704283714,0.3884097933769226,0.493450790643692,0.0139824403449893,0.4035618007183075,0.49475595355033875,0.011675158515572548,0.37511134147644043,0.4832697808742523,0.001638778019696474,0.40781620144844055,0.44948193430900574,-0.004173240624368191,0.4265430271625519,0.456025093793869,-0.006228276994079351,0.43805941939353943,0.4685286581516266,-0.0065447804518043995,0.3827529549598694,0.49418118596076965,-0.009005321189761162,0.4158863127231598,0.4467379152774811,-0.014048540033400059,0.4359038770198822,0.45491960644721985,-0.014039930887520313,0.446484237909317,0.47197508811950684,-0.012811372056603432,0.3903951048851013,0.5164108872413635,-0.01832481287419796,0.423023521900177,0.478816956281662,-0.02188861556351185,0.4402773976325989,0.4923741817474365,-0.01946580410003662,0.4482975900173187,0.5079878568649292,-0.01705789752304554,0.39805981516838074,0.5469052791595459,-0.026542052626609802,0.4268774092197418,0.5307074189186096,-0.02737066149711609,0.43906402587890625,0.5381373167037964,-0.023518741130828857,0.4447506368160248,0.5474570393562317,-0.02004243992269039
0.3441627323627472,0.5902276039123535,1.0369628000717057e-07,0.3542950749397278,0.5403212308883667,0.015562791377305984,0.36942559480667114,0.5065679550170898,0.01831032894551754,0.3855740427970886,0.4965960383415222,0.0169349517673254,0.4003291130065918,0.497695654630661,0.015144598670303822,0.3729703724384308,0.4865463376045227,0.0041524264961481094,0.4039023220539093,0.45186033844947815,-0.000744870223570615,0.4224321246147156,0.45907753705978394,-0.002324155066162348,0.4335979223251343,0.47200828790664673,-0.0024345440324395895,0.38147854804992676,0.4962596893310547,-0.006992546375840902,0.4126010835170746,0.4460297226905823,-0.011299865320324898,0.4324357807636261,0.45397281646728516,-0.010847941972315311,0.44288042187690735,0.47177714109420776,-0.009336295537650585,0.38971754908561707,0.517667293548584,-0.01677708886563778,0.42073187232017517,0.476908802986145,-0.019786743447184563,0.4379623234272003,0.48822692036628723,-0.017157888039946556,0.44626614451408386,0.5022405982017517,-0.014740708284080029,0.3979501724243164,0.548031747341156,-0.025352008640766144,0.4265342354774475,0.5315285325050354,-0.025945086032152176,0.43930748105049133,0.5377617478370667,-0.022085051983594894,0.4456934332847595,0.5458869934082031,-0.018682651221752167
0.34410083293914795,0.5941640138626099,9.764141850610031e-08,0.35412776470184326,0.5441476106643677,0.014542113989591599,0.3688497543334961,0.5105713605880737,0.016785016283392906,0.38512885570526123,0.49967584013938904,0.015143536031246185,0.40015149116516113,0.500859797000885,0.01315735001116991,0.3719797134399414,0.49108612537384033,0.003519803285598755,0.4016989469528198,0.45752736926078796,-0.0014270131941884756,0.4200395345687866,0.4648613929748535,-0.00308043509721756,0.4312106966972351,0.47790437936782837,-0.003344461554661393,0.3804711401462555,0.5005155801773071,-0.00726317660883069,0.41095057129859924,0.4495779871940613,-0.01201327983289957,0.4302355945110321,0.456581175327301,-0.011902292259037495,0.440805047750473,0.47331008315086365,-0.010592466220259666,0.3891054689884186,0.5217565894126892,-0.016747821122407913,0.4194221496582031,0.47939151525497437,-0.020139571279287338,0.4362313449382782,0.4882502555847168,-0.01779712550342083,0.44488590955734253,0.4996740221977234,-0.015552065335214138,0.3977416157722473,0.5522617101669312,-0.025072133168578148,0.4260415732860565,0.5345886945724487,-0.025713684037327766,0.43910160660743713,0.5387427806854248,-0.021891843527555466,0.4463252127170563,0.5444640517234802,-0.018600359559059143
0.3457668125629425,0.6007425785064697,1.0900437530381168e-07,0.3550013303756714,0.5507650971412659,0.014711840078234673,0.36928504705429077,0.5164218544960022,0.016314098611474037,0.3855401277542114,0.5039013624191284,0.014027750119566917,0.40091848373413086,0.5035134553909302,0.011567275039851665,0.3714947998523712,0.4962933659553528,0.0017146042082458735,0.4016370475292206,0.459395170211792,-0.003984121605753899,0.42065292596817017,0.46654239296913147,-0.005646053701639175,0.4319283068180084,0.48016437888145447,-0.005717772524803877,0.3797103762626648,0.5058199167251587,-0.009528543800115585,0.4091492295265198,0.45020589232444763,-0.01544970367103815,0.4292526841163635,0.4570671617984772,-0.015152263455092907,0.4399615526199341,0.47543296217918396,-0.013449246995151043,0.38811972737312317,0.5269266366958618,-0.019390003755688667,0.4178871512413025,0.48071253299713135,-0.023624947294592857,0.43559080362319946,0.4896260201931,-0.02078871987760067,0.44448521733283997,0.5017227530479431,-0.01796414703130722,0.3969326615333557,0.5571461915969849,-0.028054751455783844,0.4256126284599304,0.536643385887146,-0.029304446652531624,0.4390166401863098,0.5399671792984009,-0.02535827085375786,0.4460669755935669,0.5452967286109924,-0.0218106210231781
0.3462422490119934,0.6079593300819397,1.0156774266079083e-07,0.35384681820869446,0.5587504506111145,0.01432870514690876,0.36722251772880554,0.5227358937263489,0.01597744971513748,0.38317596912384033,0.5084505677223206,0.013876838609576225,0.3985266387462616,0.5069048404693604,0.011459427885711193,0.36990514397621155,0.5019091367721558,0.0010481697972863913,0.39858198165893555,0.46149399876594543,-0.004372970201075077,0.4174747169017792,0.4661308825016022,-0.005704582203179598,0.42882609367370605,0.4775250554084778,-0.005651725921779871,0.37874022126197815,0.5105414986610413,-0.009875099174678326,0.4064096510410309,0.45101308822631836,-0.015652716159820557,0.4264048635959625,0.4561725854873657,-0.015127396211028099,0.43746286630630493,0.47350889444351196,-0.013197592459619045,0.387582927942276,0.5309361815452576,-0.019380198791623116,0.4160943627357483,0.48241665959358215,-0.023508643731474876,0.43388622999191284,0.49030250310897827,-0.020501164719462395,0.4431207776069641,0.5020413398742676,-0.017569683492183685,0.39685648679733276,0.5605738759040833,-0.027700211852788925,0.42391663789749146,0.5392213463783264,-0.02933477610349655,0.437760591506958,0.5411985516548157,-0.0257463026791811,0.44566866755485535,0.5450412034988403,-0.02237607166171074
0.34982651472091675,0.6163349151611328,9.830146296962994e-08,0.35643506050109863,0.5649610161781311,0.01518493052572012,0.3692155182361603,0.5276938676834106,0.016802998259663582,0.3842894732952118,0.5117542147636414,0.014552885666489601,0.399248331785202,0.507696807384491,0.012057885527610779,0.37139201164245605,0.5070769190788269,-0.0010417068842798471,0.3978220224380493,0.4598637521266937,-0.00722699286416173,0.41692158579826355,0.46308183670043945,-0.008405938744544983,0.42906248569488525,0.47362586855888367,-0.007998626679182053,0.37947940826416016,0.516061007976532,-0.012507488951086998,0.4041922986507416,0.45189300179481506,-0.019043054431676865,0.42477983236312866,0.4553493857383728,-0.017866913229227066,0.43632519245147705,0.4721600413322449,-0.01535010989755392,0.3882172107696533,0.5365248322486877,-0.022363638505339622,0.4153510332107544,0.4862341284751892,-0.026956642046570778,0.4329771399497986,0.4957972466945648,-0.022834844887256622,0.4414208233356476,0.5095161199569702,-0.018922552466392517,0.3975721299648285,0.564565896987915,-0.030993521213531494,0.42357051372528076,0.5418667197227478,-0.03311285004019737,0.43785011768341064,0.5429213643074036,-0.02939051017165184,0.4460216760635376,0.5466353893280029,-0.025684421882033348
0.35297760367393494,0.6258257627487183,8.265602247092829e-08,0.35772353410720825,0.5742887854576111,0.015433985739946365,0.3691047132015228,0.5346890687942505,0.017069924622774124,0.3833829462528229,0.5166856646537781,0.014757229946553707,0.39799460768699646,0.5110719203948975,0.012260425835847855,0.37145382165908813,0.5131478309631348,-0.001924865529872477,0.3971245586872101,0.4620226323604584,-0.008517812937498093,0.416077196598053,0.46376630663871765,-0.009284968487918377,0.4278019070625305,0.47414731979370117,-0.00816712062805891,0.3797873854637146,0.5210518836975098,-0.013633946888148785,0.40397578477859497,0.4551016390323639,-0.020510150119662285,0.42463043332099915,0.45855674147605896,-0.018569443374872208,0.4349749982357025,0.4770735502243042,-0.014976934529840946,0.3888700604438782,0.5410463213920593,-0.023668110370635986,0.41509029269218445,0.49080413579940796,-0.02848895825445652,0.43234968185424805,0.5009031295776367,-0.02329413592815399,0.4392175078392029,0.5165730714797974,-0.018058249726891518,0.3988891839981079,0.5691966414451599,-0.03241482749581337,0.42441365122795105,0.5416885018348694,-0.03432435542345047,0.43744638562202454,0.5429467558860779,-0.029473265632987022,0.4432085156440735,0.5491920113563538,-0.024477142840623856
0.35238516330718994,0.6341797113418579,5.885345899514505e-08,0.3566521406173706,0.5840705037117004,0.014061156660318375,0.3680444061756134,0.5438247919082642,0.016071775928139687,0.3824661374092102,0.5261012315750122,0.014258523471653461,0.3965618908405304,0.5213890671730042,0.012079535983502865,0.3705638349056244,0.5197119116783142,0.0009160113986581564,0.39667508006095886,0.47092849016189575,-0.005363896489143372,0.4159204661846161,0.4738851487636566,-0.007191746030002832,0.4268682599067688,0.4854124188423157,-0.007050610613077879,0.3793831765651703,0.5256516337394714,-0.009971385821700096,0.4049229621887207,0.46039724349975586,-0.015921175479888916,0.42500147223472595,0.46690723299980164,-0.01572822593152523,0.4341679513454437,0.4856523871421814,-0.013807627372443676,0.3892699182033539,0.5440915822982788,-0.019463714212179184,0.41418781876564026,0.49337244033813477,-0.023923026397824287,0.4312787353992462,0.5039157867431641,-0.02101227641105652,0.43787434697151184,0.5191652178764343,-0.017766814678907394,0.400126188993454,0.5711463093757629,-0.027765236794948578,0.4242556393146515,0.5418074727058411,-0.02944228984415531,0.43800464272499084,0.5411353707313538,-0.025780905038118362,0.44481876492500305,0.5453073382377625,-0.02218530885875225
0.3534875214099884,0.6407553553581238,4.792100938288968e-08,0.35892778635025024,0.5898961424827576,0.01396904606372118,0.37052860856056213,0.5495514869689941,0.015752026811242104,0.3854462802410126,0.5310953259468079,0.013287986628711224,0.3999979496002197,0.52615886926651,0.010402968153357506,0.3709830343723297,0.5252526998519897,0.002794538391754031,0.3958607316017151,0.475420206785202,-0.003711805446073413,0.41487911343574524,0.4760316014289856,-0.006127775646746159,0.426072359085083,0.4849075973033905,-0.006334478035569191,0.37939536571502686,0.5303818583488464,-0.008491810411214828,0.40466806292533875,0.465054452419281,-0.01407842431217432,0.4237317442893982,0.47084033489227295,-0.014241037890315056,0.43279752135276794,0.48801887035369873,-0.012632629834115505,0.3898346424102783,0.5476529002189636,-0.018577231094241142,0.41412457823753357,0.49775582551956177,-0.02275446429848671,0.4300505816936493,0.5091133713722229,-0.01965927891433239,0.4365600347518921,0.5240932106971741,-0.016179118305444717,0.40174034237861633,0.5726735591888428,-0.02763892523944378,0.42471203207969666,0.5382607579231262,-0.029009057208895683,0.43950802087783813,0.5344577431678772,-0.02505819872021675,0.44855284690856934,0.5353043675422668,-0.021238218992948532
0.35407525300979614,0.6457720398902893,6.212664516169752e-08,0.359619677066803,0.5972151160240173,0.014431844465434551,0.37016603350639343,0.5572713613510132,0.016520453616976738,0.3848371207714081,0.5367348790168762,0.014132854528725147,0.40029287338256836,0.5290192365646362,0.011165347881615162,0.3689008951187134,0.5273898243904114,0.004747833590954542,0.3939197361469269,0.47861558198928833,-0.0011386453406885266,0.4135894477367401,0.4761814773082733,-0.0034212390892207623,0.4274503290653229,0.48130717873573303,-0.003706596326082945,0.3764266073703766,0.5314015746116638,-0.006935663986951113,0.40224704146385193,0.4676847755908966,-0.011931954883038998,0.4220205247402191,0.4712810516357422,-0.011876635253429413,0.4338877201080322,0.4867905378341675,-0.010181977413594723,0.38686612248420715,0.5477150082588196,-0.01755223050713539,0.41252729296684265,0.4974748194217682,-0.021212343126535416,0.43018969893455505,0.5068393349647522,-0.017551133409142494,0.4394097626209259,0.5202218890190125,-0.013684100471436977,0.3993781805038452,0.5714015364646912,-0.027223428711295128,0.4223112165927887,0.5297771692276001,-0.028086451813578606,0.43805545568466187,0.5219933986663818,-0.023536689579486847,0.44930726289749146,0.5185840725898743,-0.01928580179810524
0.3535827100276947,0.6457222104072571,6.152071563292338e-08,0.35725829005241394,0.595234751701355,0.015901317819952965,0.3671000301837921,0.5542608499526978,0.019040541723370552,0.38176876306533813,0.5335028171539307,0.017499178647994995,0.3974699079990387,0.526222825050354,0.01530214212834835,0.3674056828022003,0.5267152190208435,0.007428353652358055,0.39383700489997864,0.47691258788108826,0.002492201514542103,0.41346532106399536,0.47504571080207825,0.000821844965685159,0.427087664604187,0.48183488845825195,0.0009602412465028465,0.37599870562553406,0.529274582862854,-0.0043795290403068066,0.40366867184638977,0.4680754542350769,-0.008468902669847012,0.42345499992370605,0.472144216299057,-0.00827268697321415,0.4353635609149933,0.48802563548088074,-0.006416664458811283,0.3871952295303345,0.5436218976974487,-0.01509260106831789,0.41433852910995483,0.49455785751342773,-0.017228465527296066,0.4330795109272003,0.4999537765979767,-0.013443361036479473,0.4441271126270294,0.5098675489425659,-0.009735476225614548,0.39997562766075134,0.5653202533721924,-0.024808244779706,0.4219762980937958,0.5237694978713989,-0.02462897077202797,0.43736469745635986,0.5134583115577698,-0.020145568996667862,0.4491574168205261,0.5076053738594055,-0.015977535396814346
0.3561341166496277,0.6455568671226501,5.2713740927856634e-08,0.35896310210227966,0.5936532616615295,0.016318725422024727,0.36766791343688965,0.5522977113723755,0.019731298089027405,0.38180798292160034,0.5303020477294922,0.018521923571825027,0.39743560552597046,0.521732747554779,0.016764311119914055,0.3662041425704956,0.5256370902061462,0.009124179370701313,0.3930819034576416,0.47870635986328125,0.005499962717294693,0.4125523865222931,0.4769652783870697,0.0043316613882780075,0.4254339039325714,0.48241832852363586,0.004502462223172188,0.37483909726142883,0.528205931186676,-0.002528185024857521,0.40384677052497864,0.4696267247200012,-0.005832087714225054,0.42347466945648193,0.4748598337173462,-0.005715253297239542,0.43488699197769165,0.48977112770080566,-0.004171992652118206,0.3863407373428345,0.5418891906738281,-0.013039094395935535,0.4131549298763275,0.4919869303703308,-0.01407692488282919,0.43196552991867065,0.49723249673843384,-0.01042390801012516,0.44334524869918823,0.5066037774085999,-0.007326451130211353,0.39941856265068054,0.562641441822052,-0.02253834530711174,0.42008429765701294,0.5203386545181274,-0.021071596071124077,0.4344719350337982,0.5087607502937317,-0.016456574201583862,0.4457993507385254,0.5017985105514526,-0.012730221264064312
0.35523879528045654,0.6446070671081543,3.131624026764257e-08,0.3566993474960327,0.591191828250885,0.01819836162030697,0.3649630844593048,0.5503181219100952,0.02270977757871151,0.37814468145370483,0.5282917022705078,0.022292664274573326,0.39306771755218506,0.519871175289154,0.020845364779233932,0.3649885952472687,0.5256176590919495,0.01127279456704855,0.391377329826355,0.4818514585494995,0.009409092366695404,0.4098491072654724,0.4782037138938904,0.00944487564265728,0.422468900680542,0.480177640914917,0.010021500289440155,0.37354323267936707,0.5272110104560852,-0.001186827546916902,0.4021878242492676,0.4711175858974457,-0.003065794473513961,0.4208371341228485,0.47612643241882324,-0.0022571650333702564,0.43189865350723267,0.4897012710571289,-0.0004905239911749959,0.3850404620170593,0.5404161214828491,-0.012317191809415817,0.4120042622089386,0.49196502566337585,-0.013061540201306343,0.4297780394554138,0.49747082591056824,-0.009599982760846615,0.4405299723148346,0.5060686469078064,-0.0067317914217710495,0.3979458510875702,0.560971200466156,-0.022152764722704887,0.41800206899642944,0.5185002088546753,-0.021657288074493408,0.4320617914199829,0.5047078132629395,-0.017947295680642128,0.44339513778686523,0.4946589469909668,-0.014836279675364494
0.35504868626594543,0.6436511278152466,1.9109368309955244e-08,0.35588639974594116,0.5897853970527649,0.017193106934428215,0.36374929547309875,0.5474125146865845,0.02134663611650467,0.37621787190437317,0.5243166089057922,0.02046792022883892,0.39044734835624695,0.5146543979644775,0.018754230812191963,0.3642999529838562,0.5226095914840698,0.012876752763986588,0.3918498158454895,0.4813957214355469,0.010990757495164871,0.40925246477127075,0.48237696290016174,0.010309668257832527,0.4212628901004791,0.4858208894729614,0.010119399055838585,0.372057169675827,0.5254091024398804,0.0005599050782620907,0.40251609683036804,0.47906947135925293,-0.0015821160050109029,0.41954222321510315,0.4868926703929901,-0.0019909734837710857,0.43007269501686096,0.49930769205093384,-0.0013791576493531466,0.3826873004436493,0.5376572608947754,-0.010765574872493744,0.4099343717098236,0.4916188716888428,-0.010915877297520638,0.4271193742752075,0.4936428964138031,-0.00862552784383297,0.43874651193618774,0.4991147816181183,-0.007078990805894136,0.39588236808776855,0.5573801398277283,-0.021051237359642982,0.4156704545021057,0.5152586698532104,-0.019201066344976425,0.42928576469421387,0.5007236003875732,-0.015513284131884575,0.4407437741756439,0.491029292345047,-0.012969136238098145
0.3554746210575104,0.6398359537124634,1.9774826220952946e-09,0.35653698444366455,0.5885286927223206,0.020278265699744225,0.36387938261032104,0.5473721027374268,0.025437582284212112,0.3767053186893463,0.5245422720909119,0.025024255737662315,0.391035258769989,0.514361560344696,0.023331325501203537,0.36489397287368774,0.5198932886123657,0.013689352199435234,0.3926181197166443,0.4784129559993744,0.013523361645638943,0.4095529317855835,0.4803205728530884,0.014651576988399029,0.42041435837745667,0.48423296213150024,0.01557837799191475,0.37198305130004883,0.5223731398582458,-0.00015925012121442705,0.4031148850917816,0.4782615602016449,-0.0007736749248579144,0.4202626943588257,0.48933637142181396,0.00012303974654059857,0.42882034182548523,0.5037732720375061,0.0013829569797962904,0.3821292519569397,0.5349199175834656,-0.01259592454880476,0.4086868464946747,0.48661288619041443,-0.012206893414258957,0.4264809787273407,0.49210265278816223,-0.009161427617073059,0.4369261562824249,0.5010542869567871,-0.007254738360643387,0.39442673325538635,0.5543195009231567,-0.02362002059817314,0.41272521018981934,0.5085961818695068,-0.022960174828767776,0.4266338050365448,0.492009699344635,-0.019986342638731003,0.4376733899116516,0.4816659986972809,-0.01781049743294716
0.3564741909503937,0.6363989114761353,-5.165901129089434e-08,0.36042922735214233,0.5836228132247925,0.02268202230334282,0.36916887760162354,0.5437117218971252,0.028897451236844063,0.3814692497253418,0.5220066905021667,0.028759676963090897,0.3957097828388214,0.5115234851837158,0.027044164016842842,0.36727985739707947,0.5150794982910156,0.017131391912698746,0.39456963539123535,0.47858884930610657,0.017834847792983055,0.4115186929702759,0.4831368625164032,0.019080499187111855,0.4233306050300598,0.488073468208313,0.01978238858282566,0.373076468706131,0.5183087587356567,0.001659851404838264,0.40521082282066345,0.48138195276260376,-0.00027823535492643714,0.42263317108154297,0.5010731220245361,-0.0009975521825253963,0.4306930899620056,0.5220991373062134,-0.0005666971555911005,0.3818572461605072,0.5305312275886536,-0.012176948599517345,0.40923646092414856,0.4876577854156494,-0.01231415569782257,0.42858362197875977,0.5026059746742249,-0.010264655575156212,0.43935486674308777,0.519439697265625,-0.008955225348472595,0.3930579125881195,0.5482872724533081,-0.02446925826370716,0.40984705090522766,0.5017778873443604,-0.023881755769252777,0.4242246747016907,0.4869954586029053,-0.021554425358772278,0.43553128838539124,0.4800797998905182,-0.02015826478600502
0.35633277893066406,0.6269956827163696,-8.089251934961794e-09,0.36169669032096863,0.5753662586212158,0.02180963195860386,0.37145310640335083,0.5375761985778809,0.027487847954034805,0.38351476192474365,0.5184507369995117,0.02681594155728817,0.39637747406959534,0.5096281170845032,0.024496788159012794,0.3705231249332428,0.5091948509216309,0.01730402745306492,0.39824026823043823,0.47746071219444275,0.017360199242830276,0.415890634059906,0.48037222027778625,0.017810264602303505,0.42854589223861694,0.48548898100852966,0.017888884991407394,0.37587031722068787,0.5126598477363586,0.0016690444899722934,0.4065400958061218,0.4761144816875458,-0.0009884011233225465,0.42528286576271057,0.4924982786178589,-0.0022678771056234837,0.4349198341369629,0.5128630995750427,-0.002086656866595149,0.38429349660873413,0.5252234935760498,-0.012564451433718204,0.40984201431274414,0.4828183650970459,-0.013858200050890446,0.43019652366638184,0.49529677629470825,-0.01236860454082489,0.4421146512031555,0.5106639266014099,-0.011141849681735039,0.3950961232185364,0.5436439514160156,-0.025355853140354156,0.4114660620689392,0.4996786117553711,-0.025962235406041145,0.425837904214859,0.48619499802589417,-0.02418087050318718,0.43701598048210144,0.4798053801059723,-0.022960709407925606
0.3521505892276764,0.6163879036903381,2.7311772843319204e-09,0.3566839098930359,0.5666628479957581,0.019502898678183556,0.3683663010597229,0.5296706557273865,0.024786988273262978,0.38146987557411194,0.5126203298568726,0.024319877848029137,0.39462223649024963,0.5053133964538574,0.0225826483219862,0.3710133731365204,0.5023430585861206,0.01735025644302368,0.39890119433403015,0.47247031331062317,0.01705586351454258,0.41552305221557617,0.47881433367729187,0.017107952386140823,0.42608702182769775,0.4910570979118347,0.017628327012062073,0.37819918990135193,0.5061267018318176,0.0037543033249676228,0.40850841999053955,0.4680480360984802,0.0028353817760944366,0.4255713224411011,0.4805543124675751,0.002294691978022456,0.43338215351104736,0.501133918762207,0.002956375712528825,0.387352854013443,0.5189869403839111,-0.008755931630730629,0.4142930805683136,0.47682836651802063,-0.00848457682877779,0.4321519732475281,0.4874817430973053,-0.006650781724601984,0.4408412575721741,0.5040133595466614,-0.005057667847722769,0.3979884088039398,0.5386793613433838,-0.02004156820476055,0.4168776273727417,0.496473491191864,-0.019193224608898163,0.43128350377082825,0.4904446303844452,-0.016342991963028908,0.44076916575431824,0.49359312653541565,-0.013922641985118389
0.34944161772727966,0.603805422782898,3.4951604277466686e-08,0.3549087345600128,0.555164098739624,0.016605190932750702,0.36801186203956604,0.5194758772850037,0.02068851701915264,0.38213789463043213,0.5040287375450134,0.019680850207805634,0.39576953649520874,0.49665623903274536,0.017919765785336494,0.371141642332077,0.49649736285209656,0.013116766698658466,0.39989086985588074,0.46384209394454956,0.010869672521948814,0.4172188937664032,0.47053343057632446,0.009813044220209122,0.4276599884033203,0.48351049423217773,0.009853996336460114,0.3782820403575897,0.49924615025520325,0.0013573439791798592,0.4092681109905243,0.4583471715450287,-0.00045895305811427534,0.42742517590522766,0.46860748529434204,-0.0009639561758376658,0.43573111295700073,0.4873489439487457,-0.0004228112811688334,0.3869050145149231,0.5118760466575623,-0.009483328089118004,0.41478896141052246,0.46636834740638733,-0.009962528944015503,0.43328937888145447,0.47604766488075256,-0.00791013240814209,0.4424477219581604,0.49243807792663574,-0.006097848992794752,0.3973788321018219,0.5323810577392578,-0.019302094355225563,0.4189854562282562,0.49033603072166443,-0.018307305872440338,0.43282386660575867,0.4884210228919983,-0.014546831138432026,0.4410812258720398,0.49532827734947205,-0.011396490037441254
0.3457685708999634,0.5954016447067261,4.997245284243945e-08,0.35485684871673584,0.5447278618812561,0.017488857731223106,0.36733385920524597,0.5110618472099304,0.021843183785676956,0.3815820813179016,0.49824264645576477,0.020710056647658348,0.3952265977859497,0.49213260412216187,0.018818745389580727,0.36868950724601746,0.48930516839027405,0.01611315831542015,0.3973750174045563,0.4593382477760315,0.013968771323561668,0.4151192605495453,0.46505510807037354,0.012944387272000313,0.4259437024593353,0.47795581817626953,0.01298809889703989,0.37635189294815063,0.4920789897441864,0.003956380300223827,0.40643978118896484,0.4509925842285156,0.002585661131888628,0.42425933480262756,0.45959532260894775,0.002814696403220296,0.43354201316833496,0.4758652150630951,0.003972357138991356,0.3853909969329834,0.5050286650657654,-0.007499546278268099,0.4116341769695282,0.4586401581764221,-0.007843961007893085,0.4299231767654419,0.46690505743026733,-0.004707305226475,0.44041508436203003,0.48092886805534363,-0.0020598454866558313,0.3962593078613281,0.527538537979126,-0.017981620505452156,0.4174579679965973,0.488101601600647,-0.01723455637693405,0.43110403418540955,0.4851313829421997,-0.012965473346412182,0.44036760926246643,0.4894229471683502,-0.009245338849723339
0.34591948986053467,0.5932804346084595,2.887373362625567e-08,0.3532254993915558,0.5437009930610657,0.016786230728030205,0.3644998371601105,0.5091676712036133,0.02005976065993309,0.37839457392692566,0.4944585859775543,0.01798647828400135,0.3924325704574585,0.4878995418548584,0.015136344358325005,0.36532098054885864,0.4888511896133423,0.011563132517039776,0.3938990533351898,0.4546593427658081,0.007534482516348362,0.4106745719909668,0.4632145166397095,0.006280013360083103,0.4196765124797821,0.4782746434211731,0.006582723930478096,0.37287989258766174,0.49217888712882996,-0.0006976170116104186,0.4038965404033661,0.4472093880176544,-0.004247437696903944,0.4222051799297333,0.4587245583534241,-0.003905761521309614,0.43061187863349915,0.4773552715778351,-0.0022826860658824444,0.38183969259262085,0.5055164098739624,-0.012209558859467506,0.4089767038822174,0.45449861884117126,-0.014400478452444077,0.42797744274139404,0.465218186378479,-0.011397544294595718,0.43830087780952454,0.4809745252132416,-0.008540804497897625,0.39216530323028564,0.5272320508956909,-0.022655565291643143,0.414762020111084,0.4866466820240021,-0.023709053173661232,0.4291977882385254,0.4848467707633972,-0.020216479897499084,0.43817150592803955,0.49048537015914917,-0.0168541818857193
0.3465561270713806,0.6021367907524109,-1.5122731511496568e-08,0.35323455929756165,0.5536566376686096,0.016162391752004623,0.3648267686367035,0.5181900858879089,0.01979292742908001,0.37852588295936584,0.5027485489845276,0.018784457817673683,0.3917003571987152,0.4961654543876648,0.017342986539006233,0.363943487405777,0.4976736009120941,0.009004699066281319,0.3910067081451416,0.46284905076026917,0.006532676517963409,0.40621352195739746,0.4731954038143158,0.00726357800886035,0.4136218726634979,0.4885343313217163,0.008959379978477955,0.3721604645252228,0.5015697479248047,-0.002216026419773698,0.4017678499221802,0.4540722370147705,-0.005620084702968597,0.4197941720485687,0.464720219373703,-0.004644488915801048,0.428164005279541,0.4817860722541809,-0.0023418182972818613,0.38150694966316223,0.5139856338500977,-0.012292025610804558,0.40710994601249695,0.46181127429008484,-0.014417733065783978,0.42586830258369446,0.4719056785106659,-0.011647172272205353,0.43573886156082153,0.48715853691101074,-0.008733881637454033,0.3922024369239807,0.5345945954322815,-0.02109384536743164,0.4134591221809387,0.4912593364715576,-0.021294349804520607,0.427608847618103,0.49109575152397156,-0.017235344275832176,0.4358281195163727,0.49952852725982666,-0.013453208841383457
0.345194935798645,0.613585889339447,6.578178446403626e-09,0.35177332162857056,0.5653579235076904,0.014069902710616589,0.3651023507118225,0.5287179946899414,0.016593029722571373,0.3788043260574341,0.5138676166534424,0.014705466106534004,0.3914538323879242,0.5071831941604614,0.012331230565905571,0.3674948215484619,0.505852222442627,0.007787482347339392,0.39602139592170715,0.4738105237483978,0.003521665930747986,0.41335809230804443,0.48258042335510254,0.002401971025392413,0.42261701822280884,0.49949148297309875,0.0031197385396808386,0.3744431436061859,0.5101504921913147,-0.002881871070712805,0.40542617440223694,0.46736159920692444,-0.006672747433185577,0.42373374104499817,0.4788840413093567,-0.006328205112367868,0.4316481649875641,0.4968460202217102,-0.0043558417819440365,0.3830651044845581,0.5235991477966309,-0.012715797871351242,0.40967974066734314,0.47606033086776733,-0.015220310539007187,0.4282841086387634,0.48596957325935364,-0.012577380985021591,0.4370571970939636,0.5016850829124451,-0.009501330554485321,0.3934459984302521,0.5458749532699585,-0.02154814824461937,0.4153551161289215,0.5049946904182434,-0.0220000222325325,0.42942866683006287,0.5061155557632446,-0.017774077132344246,0.436536580324173,0.5166418552398682,-0.013575457036495209
0.3444959819316864,0.6256526112556458,-4.791023133776662e-09,0.3515709638595581,0.5747061371803284,0.016567140817642212,0.3655531108379364,0.5404103994369507,0.020868374034762383,0.3794693350791931,0.5271170735359192,0.020483363419771194,0.39248234033584595,0.5225707292556763,0.01950390636920929,0.3673335015773773,0.5190421938896179,0.011912125162780285,0.39382269978523254,0.48846492171287537,0.009341185912489891,0.4107353389263153,0.49566730856895447,0.008792229928076267,0.4212709665298462,0.5095589756965637,0.00930849276483059,0.37528544664382935,0.5231508016586304,0.00039537291740998626,0.4036737084388733,0.4810417890548706,-0.002360869897529483,0.4219069480895996,0.4881461560726166,-0.0024613398127257824,0.4323936998844147,0.5021350383758545,-0.0014007852878421545,0.3837869465351105,0.5362141728401184,-0.010211480781435966,0.4095964729785919,0.48887258768081665,-0.012387314811348915,0.4292002320289612,0.4948340356349945,-0.011038239113986492,0.44176968932151794,0.5069556832313538,-0.009376395493745804,0.3941097557544708,0.5585492253303528,-0.01956080086529255,0.41545048356056213,0.5184904336929321,-0.020316243171691895,0.43034833669662476,0.51609867811203,-0.017286907881498337,0.440407395362854,0.5216856598854065,-0.014362207613885403
0.3437955677509308,0.627842366695404,2.5777476153621137e-08,0.3492189943790436,0.5792453289031982,0.013303648680448532,0.3637559115886688,0.5446441769599915,0.01616549864411354,0.37818434834480286,0.5305724740028381,0.014866978861391544,0.3920428156852722,0.526135265827179,0.013141438364982605,0.3673582375049591,0.5207810401916504,0.009945062920451164,0.39520063996315,0.49108582735061646,0.006017195526510477,0.41211044788360596,0.496744841337204,0.0037800734862685204,0.42255663871765137,0.5096782445907593,0.0030930698849260807,0.3755936324596405,0.5257830023765564,-0.00024421923444606364,0.4045880138874054,0.4868450164794922,-0.0035772754345089197,0.4222399592399597,0.49355846643447876,-0.004884416703134775,0.43216851353645325,0.5075918436050415,-0.004889452829957008,0.3844790458679199,0.5398394465446472,-0.009901643730700016,0.4114774763584137,0.49509143829345703,-0.012769200839102268,0.4311976134777069,0.4995576739311218,-0.012462521903216839,0.44397956132888794,0.5102851986885071,-0.011592064052820206,0.39455175399780273,0.5629692673683167,-0.018589239567518234,0.41706669330596924,0.5254667401313782,-0.019642217084765434,0.4316977858543396,0.5218974947929382,-0.017141077667474747,0.44172072410583496,0.5251917243003845,-0.014752727001905441
0.34351569414138794,0.6230024695396423,6.087746839966712e-08,0.34978845715522766,0.5730375647544861,0.013796434737741947,0.3641999363899231,0.5390642881393433,0.01692357286810875,0.3792256712913513,0.5270788073539734,0.01590420864522457,0.39361196756362915,0.5243103504180908,0.014276839792728424,0.36761316657066345,0.5175737142562866,0.010031532496213913,0.3964320123195648,0.4890534579753876,0.006512945052236319,0.4141148626804352,0.49305662512779236,0.004721746314316988,0.4254189431667328,0.5038579106330872,0.00427795248106122,0.37633535265922546,0.5234894156455994,-0.00024044973542913795,0.4059877097606659,0.4845096170902252,-0.0034776264801621437,0.4249403178691864,0.48946309089660645,-0.00447454210370779,0.435764878988266,0.5031309127807617,-0.004164920188486576,0.38505977392196655,0.5390373468399048,-0.00986190140247345,0.41304510831832886,0.4943377673625946,-0.012679950334131718,0.4331471025943756,0.49841806292533875,-0.011856966651976109,0.44598665833473206,0.5085132718086243,-0.010457289405167103,0.39466366171836853,0.5640837550163269,-0.01843472570180893,0.4180453419685364,0.5259714722633362,-0.019481796771287918,0.43235406279563904,0.5217389464378357,-0.016597455367445946,0.44204825162887573,0.523914635181427,-0.013742300681769848
0.3442700505256653,0.6200485229492188,6.831648846628013e-08,0.35052600502967834,0.5703354477882385,0.012716807425022125,0.36498773097991943,0.5367317795753479,0.015359841287136078,0.38040363788604736,0.5244160890579224,0.014058582484722137,0.3947243094444275,0.52121901512146,0.012204751372337341,0.36863216757774353,0.5151011943817139,0.008984346874058247,0.3975955545902252,0.48698338866233826,0.00502015370875597,0.41553887724876404,0.49020063877105713,0.0027856568340212107,0.42710140347480774,0.49965062737464905,0.002025402383878827,0.3771548867225647,0.5211204886436462,-0.0008385444525629282,0.4066709280014038,0.48301905393600464,-0.004341857973486185,0.4256097972393036,0.4874925911426544,-0.005660217255353928,0.43671590089797974,0.5001472234725952,-0.005646394565701485,0.3857325613498688,0.5365691184997559,-0.010113093070685863,0.413473904132843,0.49315589666366577,-0.013280324637889862,0.43358084559440613,0.496270090341568,-0.012914864346385002,0.446774423122406,0.5052638649940491,-0.01184208132326603,0.39528191089630127,0.5613739490509033,-0.01843027025461197,0.4188438057899475,0.5244780778884888,-0.01985524781048298,0.4332803189754486,0.5197393298149109,-0.017422545701265335,0.44343817234039307,0.520901620388031,-0.01490852702409029
0.3438795804977417,0.6195113658905029,8.54247232950911e-08,0.34987422823905945,0.571040689945221,0.01167217642068863,0.3647533357143402,0.536325991153717,0.014020895585417747,0.38019615411758423,0.5229184627532959,0.012659186497330666,0.3944767415523529,0.5194717645645142,0.010784986428916454,0.36901500821113586,0.5133118629455566,0.007943419739603996,0.3986847698688507,0.48667111992836,0.003596374299377203,0.4176553189754486,0.48874226212501526,0.0010742276208475232,0.43021050095558167,0.49686846137046814,0.00011495712533360347,0.3769513964653015,0.5196397304534912,-0.001498803379945457,0.40712231397628784,0.48313596844673157,-0.005412560887634754,0.42648977041244507,0.48722895979881287,-0.007000524550676346,0.43823564052581787,0.49876683950424194,-0.007192522287368774,0.3852215111255646,0.5351278781890869,-0.010485989041626453,0.4137301743030548,0.4932991564273834,-0.014123508706688881,0.43445804715156555,0.4958398938179016,-0.014229832217097282,0.4482405483722687,0.504043459892273,-0.013416529633104801,0.3946119546890259,0.5596012473106384,-0.01861613802611828,0.4190629720687866,0.5233855843544006,-0.020386742427945137,0.4343397915363312,0.5186299681663513,-0.018434757366776466,0.4451763927936554,0.519772469997406,-0.016296595335006714
0.3441230058670044,0.6208268404006958,8.047118882359428e-08,0.34966760873794556,0.5732755064964294,0.011452031321823597,0.3648577034473419,0.5369060635566711,0.013906721957027912,0.3804562985897064,0.5225281715393066,0.012660088017582893,0.3949757516384125,0.5183060169219971,0.01104147918522358,0.36927834153175354,0.5134153962135315,0.008548826910555363,0.39922988414764404,0.4870593547821045,0.004433595575392246,0.4180084764957428,0.4905652105808258,0.0019310617353767157,0.43014055490493774,0.4998933672904968,0.0009780612308532,0.37723425030708313,0.5196816921234131,-0.0006834637024439871,0.40851837396621704,0.48476797342300415,-0.004252953454852104,0.4276992380619049,0.49045637249946594,-0.005917504895478487,0.43900880217552185,0.5026975274085999,-0.006205237004905939,0.38568708300590515,0.5350270867347717,-0.009501810185611248,0.4150543510913849,0.495391845703125,-0.012559602968394756,0.43548959493637085,0.49946829676628113,-0.012746616266667843,0.4486120343208313,0.5087110996246338,-0.012146985158324242,0.3951249420642853,0.5589449405670166,-0.01752660609781742,0.41982388496398926,0.5242099165916443,-0.018426869064569473,0.43478888273239136,0.5210769772529602,-0.01616332121193409,0.4449158310890198,0.5238623023033142,-0.013983090408146381
0.3431512117385864,0.622012734413147,7.466506701803155e-08,0.34853002429008484,0.5740871429443359,0.011383282952010632,0.36299678683280945,0.5375733971595764,0.01379308756440878,0.37843430042266846,0.5228137373924255,0.012425168417394161,0.3930819034576416,0.5189082622528076,0.01062094233930111,0.36782869696617126,0.5140473246574402,0.009392534382641315,0.3974372446537018,0.48813197016716003,0.005475880112498999,0.4161185026168823,0.49175310134887695,0.00285862828604877,0.42804238200187683,0.5010958313941956,0.0016991903539747,0.3759392499923706,0.5200807452201843,8.682184125063941e-05,0.4069783091545105,0.4855930209159851,-0.003259956371039152,0.4257057309150696,0.4919853210449219,-0.005246419925242662,0.43672579526901245,0.5047861933708191,-0.005910731852054596,0.3845997154712677,0.535197913646698,-0.008877148851752281,0.4142172634601593,0.49585971236228943,-0.01178357470780611,0.43458256125450134,0.5002455711364746,-0.012307555414736271,0.44798165559768677,0.5093482136726379,-0.01213759370148182,0.39428913593292236,0.5592741966247559,-0.01706572063267231,0.41930171847343445,0.5255689024925232,-0.018063684925436974,0.43455174565315247,0.5219840407371521,-0.0161883682012558,0.44527262449264526,0.5234432220458984,-0.014426270499825478
0.34319812059402466,0.6215831637382507,8.251942062997841e-08,0.34770748019218445,0.5736875534057617,0.012569230981171131,0.3615451753139496,0.5372180342674255,0.015682999044656754,0.37646806240081787,0.5230281949043274,0.01489140186458826,0.3909441828727722,0.5197498798370361,0.013576626777648926,0.3667696714401245,0.5130881071090698,0.010289434343576431,0.39688676595687866,0.4878924787044525,0.006801558658480644,0.4158356785774231,0.4913998544216156,0.004539831541478634,0.4279823303222656,0.5004692077636719,0.0036451206542551517,0.3752320408821106,0.5187190771102905,0.0006832284270785749,0.4069819450378418,0.48448458313941956,-0.002253938466310501,0.42650723457336426,0.49058109521865845,-0.0037595275789499283,0.4380263090133667,0.5034222602844238,-0.004078829661011696,0.38388824462890625,0.5338407754898071,-0.008477583527565002,0.4138113260269165,0.4942716062068939,-0.011148303747177124,0.43431419134140015,0.49925947189331055,-0.011287093162536621,0.44743773341178894,0.5091419219970703,-0.010801472701132298,0.3936156630516052,0.5581737160682678,-0.01674252189695835,0.4185294508934021,0.5235841274261475,-0.0175565667450428,0.43333807587623596,0.5209047794342041,-0.015331048518419266,0.44324591755867004,0.5235947370529175,-0.013264808803796768
0.34304073452949524,0.6202348470687866,9.124525490733504e-08,0.34863850474357605,0.571357250213623,0.012701491825282574,0.3631579577922821,0.5356209874153137,0.015419963747262955,0.3787004053592682,0.5215614438056946,0.014185587875545025,0.39339399337768555,0.5181545615196228,0.012419506907463074,0.36657869815826416,0.5121098756790161,0.009567704051733017,0.3975258469581604,0.4875591993331909,0.005753569304943085,0.41669145226478577,0.49105703830718994,0.0033070817589759827,0.4291306436061859,0.49997931718826294,0.0023008298594504595,0.37456560134887695,0.5180549621582031,-0.00028996006585657597,0.4070582687854767,0.48380786180496216,-0.003426327370107174,0.42678356170654297,0.48891809582710266,-0.004990460816770792,0.4386694133281708,0.5007413029670715,-0.005421077832579613,0.3831726014614105,0.5334164500236511,-0.009637972339987755,0.41379785537719727,0.4941542148590088,-0.012367592193186283,0.4344773292541504,0.49792733788490295,-0.01248603593558073,0.4477580487728119,0.5063861012458801,-0.01203920878469944,0.39307650923728943,0.5575541853904724,-0.018082963302731514,0.41846585273742676,0.522963285446167,-0.01887051947414875,0.4335689842700958,0.5194517970085144,-0.016580961644649506,0.44403260946273804,0.5209245681762695,-0.014509256929159164
0.34277188777923584,0.617319643497467,1.160687759238499e-07,0.34898102283477783,0.5674431324005127,0.011669641360640526,0.3635571002960205,0.531548023223877,0.013717581517994404,0.3793462812900543,0.5168750882148743,0.011980465613305569,0.39408499002456665,0.512588381767273,0.009730870835483074,0.36706429719924927,0.5078479647636414,0.008754613809287548,0.3989378809928894,0.4852933883666992,0.004673774354159832,0.41884177923202515,0.48798057436943054,0.0019054616568610072,0.43228840827941895,0.49593594670295715,0.0006179683841764927,0.37487468123435974,0.5143321752548218,-0.0009023199672810733,0.40796661376953125,0.4820221960544586,-0.004359804093837738,0.4283100962638855,0.4862189292907715,-0.006177500355988741,0.4410105347633362,0.4969159960746765,-0.006756211631000042,0.3834204375743866,0.5301659107208252,-0.010126149281859398,0.41400715708732605,0.4925040602684021,-0.0129280686378479,0.4349129796028137,0.4949725270271301,-0.012987803667783737,0.44853195548057556,0.5019029974937439,-0.0124801155179739,0.3933766186237335,0.5546810030937195,-0.018582353368401527,0.4181400537490845,0.5188641548156738,-0.01933305710554123,0.43314874172210693,0.5143616795539856,-0.0168723464012146,0.4437602758407593,0.5151848196983337,-0.014635860919952393
0.34217196702957153,0.6129633784294128,1.167783807431988e-07,0.34850648045539856,0.5627559423446655,0.012568051926791668,0.3631846606731415,0.5282560586929321,0.01493887323886156,0.37898924946784973,0.5144550800323486,0.013324299827218056,0.393672913312912,0.5111238360404968,0.011124493554234505,0.36725834012031555,0.5043658018112183,0.010149115696549416,0.39869600534439087,0.4822114408016205,0.006606202572584152,0.4185480773448944,0.48331210017204285,0.0041219391860067844,0.4320310354232788,0.489722341299057,0.0029891289304941893,0.3755992352962494,0.5104708671569824,5.7237975852331147e-05,0.4085402488708496,0.47848090529441833,-0.0029028072021901608,0.4290863275527954,0.4817700982093811,-0.0043359012342989445,0.4419577419757843,0.491423100233078,-0.004607792012393475,0.38425570726394653,0.5258751511573792,-0.009547438472509384,0.41437429189682007,0.4878791272640228,-0.011884602718055248,0.4348605275154114,0.4896407723426819,-0.011291181668639183,0.44815242290496826,0.4959331452846527,-0.010308139957487583,0.39404433965682983,0.5499677062034607,-0.01835971139371395,0.41816580295562744,0.5129835605621338,-0.018740518018603325,0.4329281449317932,0.508380115032196,-0.01563972607254982,0.4432254433631897,0.5094934105873108,-0.012854053638875484
0.34154149889945984,0.6100926399230957,9.788798394083642e-08,0.34856846928596497,0.5601752996444702,0.014112470671534538,0.3635827600955963,0.5254212021827698,0.017565418034791946,0.3795735239982605,0.5116701722145081,0.01678103394806385,0.3942015469074249,0.5089641213417053,0.015390448272228241,0.3668842911720276,0.5017139315605164,0.012792903929948807,0.39822399616241455,0.48128896951675415,0.010396184399724007,0.41780540347099304,0.48356693983078003,0.008374477736651897,0.43090173602104187,0.4908580780029297,0.007406938821077347,0.375502347946167,0.5073740482330322,0.002393176546320319,0.409036248922348,0.47756463289260864,0.001026731450110674,0.42927286028862,0.4820619225502014,8.45485192257911e-05,0.441904217004776,0.4920806288719177,-0.00014885360724292696,0.38454583287239075,0.5223888754844666,-0.0074608963914215565,0.4152551591396332,0.48655372858047485,-0.008282072842121124,0.43541476130485535,0.4899134039878845,-0.007498886436223984,0.4483813941478729,0.49771884083747864,-0.006808610633015633,0.3948618471622467,0.5461854934692383,-0.016453195363283157,0.41944974660873413,0.5117210745811462,-0.015773342922329903,0.43410059809684753,0.5087108016014099,-0.012515883892774582,0.4442140460014343,0.5111799836158752,-0.009897074662148952
0.3424241542816162,0.6095173358917236,9.117356114529684e-08,0.34994709491729736,0.5601242184638977,0.015185404568910599,0.3648355007171631,0.5245596766471863,0.0191927719861269,0.38038331270217896,0.5107719898223877,0.018704865127801895,0.395257830619812,0.5084289312362671,0.017568830400705338,0.3674434423446655,0.5006381273269653,0.014208255335688591,0.39879152178764343,0.4814571440219879,0.01250244490802288,0.4179747998714447,0.4862002432346344,0.010808697901666164,0.4308464527130127,0.49529439210891724,0.00993908941745758,0.3757786452770233,0.506477415561676,0.0034067565575242043,0.4097186326980591,0.4794164299964905,0.0029481062665581703,0.4296318590641022,0.4857569634914398,0.0021422775462269783,0.442059189081192,0.49688342213630676,0.001706038019619882,0.3847239017486572,0.5214548110961914,-0.006822849158197641,0.4163742959499359,0.48906755447387695,-0.006905884947627783,0.4366763234138489,0.4943278729915619,-0.00653682230040431,0.44958388805389404,0.5035756826400757,-0.006460339296609163,0.3952069878578186,0.5448262691497803,-0.016102056950330734,0.42118099331855774,0.5145081877708435,-0.014890979044139385,0.436381459236145,0.5142009854316711,-0.011853283271193504,0.44660690426826477,0.5186711549758911,-0.009664530865848064
0.34302040934562683,0.6093231439590454,8.876320123363257e-08,0.3500252366065979,0.559486448764801,0.015452221967279911,0.36459076404571533,0.5229528546333313,0.019813574850559235,0.3796709179878235,0.5088374614715576,0.019742973148822784,0.3941008448600769,0.5063342452049255,0.019036918878555298,0.367340087890625,0.49884551763534546,0.014572090469300747,0.39910888671875,0.48173633217811584,0.01352945901453495,0.4176185727119446,0.48921453952789307,0.012320461682975292,0.4293949007987976,0.5008166432380676,0.01174666453152895,0.37588921189308167,0.5046979784965515,0.0039010420441627502,0.4104708433151245,0.4805474579334259,0.0041374461725354195,0.4297906160354614,0.4891180396080017,0.0036386700812727213,0.4413021206855774,0.5020293593406677,0.003314108354970813,0.38475146889686584,0.5200484395027161,-0.0061351764015853405,0.4177347421646118,0.49014297127723694,-0.005842387676239014,0.43742239475250244,0.4978286325931549,-0.005438284948468208,0.4492923617362976,0.5086240172386169,-0.005395814310759306,0.39494752883911133,0.5441486835479736,-0.015130792744457722,0.4221212565898895,0.5164172649383545,-0.013700713403522968,0.4370487630367279,0.518395721912384,-0.010495619848370552,0.4464689791202545,0.5244747400283813,-0.00818619690835476
0.3423139452934265,0.6093493103981018,8.733360346013797e-08,0.3491019606590271,0.5611335635185242,0.01515218522399664,0.3633650243282318,0.5234651565551758,0.019383655861020088,0.37787145376205444,0.5087162256240845,0.019347863271832466,0.391780823469162,0.505937933921814,0.0186320710927248,0.3668992221355438,0.49726036190986633,0.013176368549466133,0.4000975787639618,0.4823687672615051,0.012044043280184269,0.4186365008354187,0.4919072091579437,0.010839175432920456,0.43015000224113464,0.5047642588615417,0.010262454859912395,0.375771701335907,0.503108561038971,0.0026714573614299297,0.4117901921272278,0.4818488657474518,0.00324865966103971,0.4308955669403076,0.4924702048301697,0.00296794599853456,0.4419281482696533,0.506855309009552,0.0026280090678483248,0.384800523519516,0.5190991163253784,-0.007114973850548267,0.4187396466732025,0.4910004734992981,-0.006487664300948381,0.4384526312351227,0.5005017518997192,-0.005969676189124584,0.45020580291748047,0.5123445391654968,-0.0060212016105651855,0.39484140276908875,0.5439538359642029,-0.01586214080452919,0.42259731888771057,0.5174034237861633,-0.014154070056974888,0.43757641315460205,0.5211873650550842,-0.010752805508673191,0.44675350189208984,0.5283939242362976,-0.008398524485528469
0.3417339324951172,0.6076265573501587,8.880152080337211e-08,0.35013002157211304,0.5585716962814331,0.015130010433495045,0.3652764558792114,0.5224565863609314,0.018969297409057617,0.38108494877815247,0.5098046660423279,0.018422793596982956,0.3964213728904724,0.5094765424728394,0.017285732552409172,0.3664141595363617,0.49564167857170105,0.013252943754196167,0.40005040168762207,0.4819730520248413,0.01187301054596901,0.41864490509033203,0.4927031397819519,0.0104697085916996,0.42998212575912476,0.506574809551239,0.009757052175700665,0.37551531195640564,0.5013259649276733,0.0025219786912202835,0.41229426860809326,0.4812224507331848,0.0028754640370607376,0.43115535378456116,0.49356552958488464,0.002286791568621993,0.4414394199848175,0.5091121196746826,0.00174310605507344,0.38470157980918884,0.5174760818481445,-0.007474773563444614,0.41932377219200134,0.48975422978401184,-0.006959327030926943,0.43887150287628174,0.5010354518890381,-0.006332913879305124,0.4501020610332489,0.5142868161201477,-0.006295375060290098,0.3948799967765808,0.5430468916893005,-0.016446443274617195,0.4229835271835327,0.5170138478279114,-0.01470672246068716,0.4380458891391754,0.5218091011047363,-0.011057127267122269,0.4471295475959778,0.5298043489456177,-0.008519679307937622
0.3406261205673218,0.607537031173706,1.0712783904409662e-07,0.348935604095459,0.5582139492034912,0.014529276639223099,0.36354848742485046,0.5220311880111694,0.01782318390905857,0.3795939087867737,0.5089224576950073,0.01681508682668209,0.3953722417354584,0.5090911984443665,0.015217404812574387,0.3655328154563904,0.4932152032852173,0.012331902980804443,0.40059924125671387,0.4823058247566223,0.010599249973893166,0.4199228584766388,0.49355512857437134,0.008735861629247665,0.43210169672966003,0.5072686076164246,0.007651856634765863,0.37444213032722473,0.4992750287055969,0.0017461695242673159,0.41237008571624756,0.4820452928543091,0.002011143835261464,0.4313375651836395,0.49480748176574707,0.0012271173764020205,0.4422515630722046,0.5100116729736328,0.00044417960452847183,0.3836866021156311,0.5161544680595398,-0.008117319084703922,0.41906386613845825,0.491184264421463,-0.00750539219006896,0.438520610332489,0.5024610757827759,-0.006815243512392044,0.45018821954727173,0.5150286555290222,-0.006803450174629688,0.3941991329193115,0.5426692366600037,-0.01703953556716442,0.4230380654335022,0.5180630683898926,-0.014937836676836014,0.4382461905479431,0.5225216150283813,-0.01103057898581028,0.4478672444820404,0.5295577645301819,-0.008354193530976772
0.3405870497226715,0.6046050190925598,9.332814698836955e-08,0.3497724235057831,0.5564573407173157,0.016235046088695526,0.3648782968521118,0.5208538174629211,0.020529743283987045,0.38062530755996704,0.5090885162353516,0.0202204417437315,0.39594051241874695,0.510051429271698,0.019159039482474327,0.36677461862564087,0.49169743061065674,0.013978855684399605,0.4012433588504791,0.48176151514053345,0.013261686079204082,0.4198616147041321,0.49365344643592834,0.012066400609910488,0.43114200234413147,0.5075643658638,0.01133255660533905,0.37544476985931396,0.49713534116744995,0.002867903094738722,0.41343629360198975,0.4814630448818207,0.004188729450106621,0.4320036768913269,0.49504297971725464,0.0038316373247653246,0.4421890079975128,0.5104091763496399,0.0031639747321605682,0.38435736298561096,0.5140971541404724,-0.007337310817092657,0.4200761318206787,0.49030062556266785,-0.005945415236055851,0.4392029345035553,0.5026655793190002,-0.005114303901791573,0.4500885605812073,0.5159679055213928,-0.005176041275262833,0.394464910030365,0.5407931208610535,-0.01643257401883602,0.42345085740089417,0.5176557302474976,-0.013758447952568531,0.4382612407207489,0.5232660174369812,-0.009591246023774147,0.4472963213920593,0.5313929319381714,-0.006859506946057081
0.34002670645713806,0.6007002592086792,9.074995688251875e-08,0.34897342324256897,0.5522364377975464,0.016416825354099274,0.36421942710876465,0.5171446800231934,0.020873043686151505,0.38016536831855774,0.5060838460922241,0.020679377019405365,0.3957938551902771,0.5084236264228821,0.019713398069143295,0.36662203073501587,0.4896857440471649,0.014574176631867886,0.4000958800315857,0.47965559363365173,0.014112945646047592,0.41821300983428955,0.4918549358844757,0.01316765509545803,0.4290180504322052,0.5060614943504333,0.012595601379871368,0.3758537769317627,0.49540358781814575,0.003558318829163909,0.41309523582458496,0.47986340522766113,0.005163942463696003,0.4310201108455658,0.49387383460998535,0.005013269372284412,0.44102713465690613,0.5089214444160461,0.004441506695002317,0.3848741948604584,0.5121679306030273,-0.006548715755343437,0.420297235250473,0.48887622356414795,-0.0051026977598667145,0.4389209747314453,0.5019112229347229,-0.0039945547468960285,0.4497333765029907,0.5155581831932068,-0.0038789373356848955,0.3947244882583618,0.5386929512023926,-0.015528404153883457,0.4238847494125366,0.5172157287597656,-0.012810963205993176,0.43861231207847595,0.5235673189163208,-0.00844406709074974,0.44768065214157104,0.5316088795661926,-0.00557544082403183
0.33952271938323975,0.5968899130821228,8.014466601480308e-08,0.3492737114429474,0.5497748851776123,0.016624977812170982,0.36503520607948303,0.5154238343238831,0.021382395178079605,0.3807908296585083,0.5050862431526184,0.021384870633482933,0.3961936831474304,0.5074824094772339,0.020690957084298134,0.36725515127182007,0.48813286423683167,0.016225364059209824,0.3996970057487488,0.47944000363349915,0.016091499477624893,0.4171960949897766,0.4919719696044922,0.01516558788716793,0.42742809653282166,0.5063883066177368,0.014583186246454716,0.3763161599636078,0.49329957365989685,0.0052412101067602634,0.41312453150749207,0.4794589579105377,0.007261092774569988,0.4306832551956177,0.49435868859291077,0.007160846143960953,0.44049057364463806,0.509634256362915,0.006558167282491922,0.38524922728538513,0.5096478462219238,-0.004951933398842812,0.4205998182296753,0.48792508244514465,-0.003286231542006135,0.43901652097702026,0.5020208954811096,-0.002280572894960642,0.44966214895248413,0.5161782503128052,-0.002323917346075177,0.3951148986816406,0.5357424020767212,-0.014034498482942581,0.423951655626297,0.5170257687568665,-0.011199030093848705,0.43853482604026794,0.5242089033126831,-0.007017337717115879,0.44741231203079224,0.5327128767967224,-0.004398470278829336
0.34057503938674927,0.5951404571533203,8.340819590557658e-08,0.350080668926239,0.5487805008888245,0.015572273172438145,0.36535248160362244,0.5146629214286804,0.019730806350708008,0.3807791769504547,0.5039234757423401,0.0193435400724411,0.39596763253211975,0.5066574215888977,0.018389170989394188,0.36699095368385315,0.4872133731842041,0.01530111487954855,0.39866235852241516,0.4792664647102356,0.014474622905254364,0.41556358337402344,0.49250340461730957,0.013104389421641827,0.4253166913986206,0.5072795748710632,0.012324261479079723,0.37578096985816956,0.4922160804271698,0.004807745106518269,0.4121336042881012,0.47939956188201904,0.006127994041889906,0.42938029766082764,0.4946393668651581,0.005794478114694357,0.4393034875392914,0.5096616744995117,0.005106381140649319,0.3844777047634125,0.5081346035003662,-0.005040768068283796,0.4195859432220459,0.4865650236606598,-0.004266309551894665,0.43829384446144104,0.500900387763977,-0.0035396649036556482,0.4495820105075836,0.5151568651199341,-0.003587363986298442,0.3941434621810913,0.5340145826339722,-0.013822253793478012,0.4233260750770569,0.5166333317756653,-0.011663996614515781,0.43809396028518677,0.523780107498169,-0.007821363396942616,0.44744181632995605,0.5317487120628357,-0.005376576911658049
0.34181851148605347,0.5941159725189209,8.576316901098835e-08,0.35022976994514465,0.5477132201194763,0.015382147394120693,0.3648248314857483,0.5135267376899719,0.01900441199541092,0.3807874321937561,0.5026260614395142,0.018305672332644463,0.39630287885665894,0.5059713125228882,0.016996843740344048,0.3664102852344513,0.4860844314098358,0.012354736216366291,0.3991362154483795,0.4780175983905792,0.011513106524944305,0.41558152437210083,0.49275505542755127,0.010620806366205215,0.4248177409172058,0.5085203051567078,0.010102665983140469,0.3753109872341156,0.49163171648979187,0.0019544123206287622,0.4123707413673401,0.4791601002216339,0.0030585844069719315,0.4294824004173279,0.4946153163909912,0.0030524858739227057,0.43911272287368774,0.5100027322769165,0.0025134740862995386,0.38411885499954224,0.508193850517273,-0.007555196061730385,0.419339656829834,0.4856245815753937,-0.007070872467011213,0.43816202878952026,0.4995037317276001,-0.006264357827603817,0.4493952989578247,0.5136476159095764,-0.006296277511864901,0.39394575357437134,0.5342445373535156,-0.015885408967733383,0.4232017993927002,0.5154188871383667,-0.014084143564105034,0.4378378987312317,0.5226597189903259,-0.010241232812404633,0.44705289602279663,0.530980110168457,-0.007762401830404997
0.340204119682312,0.5944336652755737,8.741953649860079e-08,0.3481885492801666,0.5482951402664185,0.015259248204529285,0.36289626359939575,0.5137215852737427,0.019029689952731133,0.37869691848754883,0.5025848150253296,0.018383832648396492,0.3942672610282898,0.5046663284301758,0.017208710312843323,0.36549875140190125,0.4858512282371521,0.014167889021337032,0.39753299951553345,0.47931230068206787,0.013582238927483559,0.41452884674072266,0.49377864599227905,0.012462710030376911,0.42423948645591736,0.5093445181846619,0.011711145751178265,0.37485271692276,0.4908716082572937,0.003681813133880496,0.41150611639022827,0.4796275496482849,0.005086055025458336,0.42921823263168335,0.49505794048309326,0.0047196983359754086,0.4393763542175293,0.5110856294631958,0.003938703332096338,0.38425102829933167,0.5071365833282471,-0.006070305593311787,0.4190593361854553,0.4862518012523651,-0.005134932231158018,0.4378369450569153,0.4998050928115845,-0.004562826827168465,0.4493263363838196,0.5136663913726807,-0.004830281715840101,0.39471057057380676,0.5337268114089966,-0.014769992791116238,0.4234956204891205,0.5175164341926575,-0.012469498440623283,0.43820226192474365,0.5250115990638733,-0.008651533164083958,0.4476648271083832,0.5339001417160034,-0.006280090659856796
0.33962082862854004,0.5953381657600403,3.2975947306113085e-08,0.3472500145435333,0.5481761693954468,0.01737571321427822,0.36256474256515503,0.5151394605636597,0.022047625854611397,0.3778463900089264,0.5052772164344788,0.021985085681080818,0.39247557520866394,0.5076152682304382,0.02158207632601261,0.36359161138534546,0.48825013637542725,0.016942758113145828,0.3934957981109619,0.4788728356361389,0.018272295594215393,0.4067397713661194,0.49537670612335205,0.018980925902724266,0.4124510586261749,0.5122402906417847,0.019353877753019333,0.37370362877845764,0.4922984540462494,0.0057003190740942955,0.4079388976097107,0.4781531095504761,0.00916221458464861,0.4228096902370453,0.4931364953517914,0.010157261975109577,0.43075650930404663,0.5075952410697937,0.009834833443164825,0.3838956952095032,0.5080777406692505,-0.004738984629511833,0.4180375933647156,0.48351967334747314,-0.002784725511446595,0.4360881447792053,0.495352566242218,-0.00195687054656446,0.44726991653442383,0.5073399543762207,-0.0026094510685652494,0.39517879486083984,0.5342940092086792,-0.013860901817679405,0.42405930161476135,0.5197073221206665,-0.011236678808927536,0.43882396817207336,0.5273314118385315,-0.007465067785233259,0.4483264684677124,0.5350323915481567,-0.005539989098906517
0.33812427520751953,0.5954325795173645,1.106711877696398e-07,0.3471876084804535,0.5484045147895813,0.013474861159920692,0.36321350932121277,0.5144534707069397,0.016202935948967934,0.3803997039794922,0.5037620663642883,0.014903763309121132,0.3959231376647949,0.5063249468803406,0.01337641105055809,0.36386922001838684,0.4901525378227234,0.011903361417353153,0.39615845680236816,0.47962820529937744,0.010052597150206566,0.4135303795337677,0.4932936131954193,0.008030571043491364,0.4243869483470917,0.5080716013908386,0.006651994772255421,0.3733706772327423,0.49560827016830444,0.002125430153682828,0.40829575061798096,0.47522836923599243,0.002322543878108263,0.4255127012729645,0.4871097505092621,0.0015309578739106655,0.4361623227596283,0.5005830526351929,0.0006780303665436804,0.38264673948287964,0.5120565295219421,-0.007085292134433985,0.4156896770000458,0.484580934047699,-0.007177941966801882,0.43475982546806335,0.4926548898220062,-0.007270884700119495,0.4480201303958893,0.5019760131835938,-0.00796873215585947,0.39276814460754395,0.5396937131881714,-0.015384073369204998,0.421468049287796,0.5287972688674927,-0.014261281117796898,0.43718183040618896,0.5345989465713501,-0.01169474609196186,0.4486340284347534,0.540095865726471,-0.010187549516558647
0.33961522579193115,0.5904397964477539,1.1443113834275209e-07,0.3483990430831909,0.5436354875564575,0.016672194004058838,0.3641108572483063,0.5143438577651978,0.02005893364548683,0.38139957189559937,0.5045366883277893,0.019217226654291153,0.3974277973175049,0.5061220526695251,0.01768331602215767,0.3648384213447571,0.4924083352088928,0.009182130917906761,0.39710432291030884,0.4722813665866852,0.008128168061375618,0.4136977791786194,0.4841517508029938,0.008343709632754326,0.42399996519088745,0.49867427349090576,0.008546251803636551,0.37457841634750366,0.4984784722328186,-0.0020178710110485554,0.40812841057777405,0.46195244789123535,-0.0026222888845950365,0.4262857437133789,0.47279268503189087,-0.0017386953113600612,0.43722110986709595,0.4895450472831726,-0.0009639458730816841,0.38323861360549927,0.5168741345405579,-0.011941374279558659,0.4169429838657379,0.48242053389549255,-0.012691217474639416,0.43631884455680847,0.4913462996482849,-0.01209450513124466,0.44849738478660583,0.5022732019424438,-0.012321574613451958,0.3918582797050476,0.5451349020004272,-0.02045336365699768,0.42093533277511597,0.5360814929008484,-0.02064446173608303,0.43634894490242004,0.5427255034446716,-0.01886315457522869,0.44704484939575195,0.5479686260223389,-0.017857953906059265
0.3408033847808838,0.5947524309158325,1.1364027585614167e-07,0.3492198884487152,0.5466007590293884,0.014900343492627144,0.36536556482315063,0.5144122242927551,0.017282914370298386,0.3820631504058838,0.5035955309867859,0.015617686323821545,0.39829719066619873,0.5038408637046814,0.013547951355576515,0.36529526114463806,0.4931789040565491,0.007228882052004337,0.3952178955078125,0.4630255699157715,0.00454316521063447,0.4119786322116852,0.46996816992759705,0.00399649515748024,0.42196592688560486,0.48153701424598694,0.004163218196481466,0.37383824586868286,0.4996569752693176,-0.0036815181374549866,0.4062340259552002,0.4567040503025055,-0.005557602737098932,0.42511919140815735,0.4647589325904846,-0.005130481440573931,0.4360477924346924,0.48124778270721436,-0.004290019161999226,0.3825269341468811,0.518233060836792,-0.013576808385550976,0.4168888330459595,0.4820016026496887,-0.015245391987264156,0.43643808364868164,0.48994138836860657,-0.01465021725744009,0.44857946038246155,0.5009779930114746,-0.014471533708274364,0.391862154006958,0.5464965105056763,-0.022281313315033913,0.42147788405418396,0.5372874140739441,-0.02301609516143799,0.43689969182014465,0.5435100197792053,-0.021227680146694183,0.4473956525325775,0.5488893985748291,-0.019889114424586296
0.34072667360305786,0.5951105356216431,1.1969630975272594e-07,0.34812408685684204,0.5484538078308105,0.013718009926378727,0.3649631142616272,0.5148696303367615,0.01594129204750061,0.38144785165786743,0.5030613541603088,0.014353323727846146,0.3973549008369446,0.5021198987960815,0.012468919157981873,0.36684852838516235,0.4927295744419098,0.005103278439491987,0.394051194190979,0.45488241314888,0.0014281446347013116,0.41079774498939514,0.4566650688648224,0.000487498939037323,0.42173394560813904,0.4652588963508606,0.0006463530007749796,0.37457698583602905,0.4986315965652466,-0.005254528019577265,0.4032641053199768,0.45025771856307983,-0.008250626735389233,0.4227188229560852,0.45573553442955017,-0.007867248728871346,0.43471193313598633,0.4722670316696167,-0.006565038114786148,0.38287025690078735,0.5176764726638794,-0.014604035764932632,0.41526293754577637,0.48370641469955444,-0.017035959288477898,0.4344986081123352,0.49247145652770996,-0.015834063291549683,0.44610264897346497,0.5046021342277527,-0.0146982092410326,0.39196866750717163,0.5462576746940613,-0.02291356958448887,0.42090731859207153,0.5371771454811096,-0.023544512689113617,0.43607109785079956,0.5427895188331604,-0.021217362955212593,0.4462236166000366,0.5483051538467407,-0.019183438271284103
0.34149864315986633,0.596066951751709,1.2279519978619646e-07,0.34915974736213684,0.5493155717849731,0.013999056071043015,0.36606523394584656,0.5155332088470459,0.016117537394165993,0.38251397013664246,0.5031430125236511,0.01419385988265276,0.39932671189308167,0.5015600919723511,0.011888780631124973,0.36747854948043823,0.4912679195404053,0.004333870019763708,0.39490807056427,0.45111674070358276,-0.0004006726376246661,0.4134267568588257,0.45105183124542236,-0.0017118791583925486,0.42640364170074463,0.45893725752830505,-0.0015244028763845563,0.37444978952407837,0.4962179958820343,-0.006316605024039745,0.4034571945667267,0.44543570280075073,-0.009825156070291996,0.4234945476055145,0.45114725828170776,-0.009254632517695427,0.4356703758239746,0.4683973789215088,-0.007601768709719181,0.38279712200164795,0.5154459476470947,-0.015903711318969727,0.41621702909469604,0.48398613929748535,-0.01911134272813797,0.4352586567401886,0.4997935891151428,-0.017201511189341545,0.4457273483276367,0.5172891020774841,-0.015047864057123661,0.39224204421043396,0.5433720946311951,-0.024404071271419525,0.4206426739692688,0.5323894023895264,-0.025578735396265984,0.43438196182250977,0.54030442237854,-0.022733569145202637,0.4429844319820404,0.5478930473327637,-0.019877327606081963
0.34195074439048767,0.5957085490226746,1.1708782210462232e-07,0.34935662150382996,0.5489317178726196,0.013888170942664146,0.36454305052757263,0.5133376717567444,0.016311127692461014,0.3794928193092346,0.49898090958595276,0.014657475054264069,0.39493128657341003,0.49722203612327576,0.012448438443243504,0.3679603040218353,0.4884646534919739,0.0045591420494019985,0.3953717350959778,0.4498201012611389,-0.0003881218726746738,0.41420528292655945,0.4482327699661255,-0.0018673695158213377,0.42764079570770264,0.454809308052063,-0.0018336203647777438,0.37523776292800903,0.4935689866542816,-0.006095666904002428,0.4040367305278778,0.44246792793273926,-0.010098055936396122,0.42355602979660034,0.44905751943588257,-0.009620426222682,0.43547677993774414,0.46604281663894653,-0.007810210343450308,0.38385677337646484,0.5137828588485718,-0.01568533666431904,0.4167936146259308,0.48536622524261475,-0.01973145641386509,0.43516111373901367,0.5028451681137085,-0.017794759944081306,0.44485923647880554,0.5197222828865051,-0.0152138015255332,0.3931564688682556,0.5432838201522827,-0.02412732131779194,0.42138469219207764,0.5329306721687317,-0.025228992104530334,0.4346521198749542,0.5406451225280762,-0.021808374673128128,0.4424951374530792,0.54707270860672,-0.01843801513314247
0.34063252806663513,0.5972898006439209,1.1488674545034883e-07,0.3488772511482239,0.5517922639846802,0.013664782978594303,0.36385390162467957,0.5163514614105225,0.01640976034104824,0.3786639869213104,0.5014625191688538,0.015056103467941284,0.3935773968696594,0.4993821084499359,0.013242012821137905,0.3682602047920227,0.48910635709762573,0.006297063082456589,0.39587894082069397,0.45155805349349976,0.0015615896554663777,0.41547176241874695,0.4495573937892914,-0.00014645433111581951,0.4295915961265564,0.4553830325603485,-0.0004149831656832248,0.3755114674568176,0.4936191439628601,-0.004289168864488602,0.4044771194458008,0.4435538351535797,-0.008465583436191082,0.42407721281051636,0.4514029622077942,-0.008527525700628757,0.4362452030181885,0.4683580994606018,-0.007051317021250725,0.3841836750507355,0.5133450031280518,-0.013943765312433243,0.4154805839061737,0.4873970150947571,-0.01823730394244194,0.4338829219341278,0.5050711631774902,-0.016913026571273804,0.444070965051651,0.5212128162384033,-0.01465277373790741,0.39363664388656616,0.5427588820457458,-0.022502515465021133,0.4212989807128906,0.5332652926445007,-0.023395035415887833,0.43542876839637756,0.5404998064041138,-0.02016676776111126,0.4444237947463989,0.5460760593414307,-0.0170117300003767
0.34166163206100464,0.6022430658340454,1.0450060727862365e-07,0.3502345681190491,0.5542231202125549,0.01338202878832817,0.36458396911621094,0.5174265503883362,0.016252882778644562,0.3800468444824219,0.5029634237289429,0.01502737496048212,0.39547857642173767,0.5021631121635437,0.013384280726313591,0.3686026632785797,0.4909505844116211,0.00790996290743351,0.3978828191757202,0.46001601219177246,0.003916471265256405,0.41776391863822937,0.46191203594207764,0.0020217306446284056,0.43145376443862915,0.4700130820274353,0.0015293083852156997,0.375933974981308,0.49619945883750916,-0.0023007679264992476,0.4070214629173279,0.45184433460235596,-0.0055466326884925365,0.4259873628616333,0.46284496784210205,-0.006007328629493713,0.43711739778518677,0.4818660318851471,-0.005024129059165716,0.38468489050865173,0.5154550671577454,-0.011651073582470417,0.4159643352031708,0.4927152097225189,-0.014126459136605263,0.43247225880622864,0.5096777081489563,-0.013049828819930553,0.4411562979221344,0.5251034498214722,-0.011418984271585941,0.3940903842449188,0.5432482957839966,-0.020059779286384583,0.42115068435668945,0.5319176316261292,-0.019118748605251312,0.43444064259529114,0.5380952954292297,-0.015561231411993504,0.4427579641342163,0.5433701872825623,-0.01250870618969202
0.3415461480617523,0.6060325503349304,1.0123666527306341e-07,0.3500569760799408,0.555890679359436,0.014001358300447464,0.3648301959037781,0.5187475681304932,0.017359230667352676,0.38083094358444214,0.5050855278968811,0.016452066600322723,0.39587095379829407,0.5039916634559631,0.015075738541781902,0.3680919408798218,0.4938608705997467,0.010317621752619743,0.39879223704338074,0.46767622232437134,0.007802579551935196,0.4179917573928833,0.4715740382671356,0.006609691772609949,0.43057703971862793,0.4806957542896271,0.006495569832623005,0.3758697807788849,0.4993709921836853,0.00013732636580243707,0.409156858921051,0.46113014221191406,-0.0012874456588178873,0.42782720923423767,0.4718441963195801,-0.0012339670211076736,0.43921563029289246,0.4888679087162018,-0.00031543077784590423,0.3851495683193207,0.5180848836898804,-0.009218902327120304,0.41828376054763794,0.49784913659095764,-0.009745334275066853,0.4338862895965576,0.513484001159668,-0.008027602918446064,0.44225019216537476,0.5275086760520935,-0.006448592524975538,0.39468643069267273,0.5450114011764526,-0.017676251009106636,0.4218701124191284,0.5301815271377563,-0.015396120958030224,0.4356231987476349,0.5350275635719299,-0.011111125349998474,0.44483718276023865,0.5400100946426392,-0.0077554695308208466
0.34214043617248535,0.6075232028961182,1.011771573189435e-07,0.3490715026855469,0.5563673973083496,0.01467537134885788,0.36389610171318054,0.5192003846168518,0.01878194697201252,0.38035279512405396,0.5064350962638855,0.018504571169614792,0.39598333835601807,0.5054551959037781,0.01779709756374359,0.36817997694015503,0.4948055148124695,0.012925560586154461,0.3984783887863159,0.47000136971473694,0.012137427926063538,0.4169740080833435,0.4738059341907501,0.01183067262172699,0.4294048249721527,0.4834872782230377,0.012243688106536865,0.37638404965400696,0.5005375742912292,0.0031200016383081675,0.40901491045951843,0.46649980545043945,0.0039080544374883175,0.4267880618572235,0.47566714882850647,0.004672511015087366,0.4380400478839874,0.49068892002105713,0.005728267598897219,0.3856325149536133,0.5184313654899597,-0.005908112041652203,0.4178164601325989,0.5004256367683411,-0.004517512395977974,0.43241438269615173,0.515221893787384,-0.0025332195218652487,0.4403456449508667,0.528988778591156,-0.0011191362282261252,0.3950413763523102,0.5436888933181763,-0.014047393575310707,0.42148393392562866,0.5297761559486389,-0.010350157506763935,0.4347887933254242,0.5345720052719116,-0.0058126430958509445,0.44359907507896423,0.5398176312446594,-0.0024348183069378138
0.3425597548484802,0.6063488125801086,1.057651104474644e-07,0.34989213943481445,0.5566470623016357,0.014780052937567234,0.36457565426826477,0.5203951001167297,0.018632611259818077,0.38177764415740967,0.5077095031738281,0.017914412543177605,0.3984287679195404,0.5075750350952148,0.01681775040924549,0.36701279878616333,0.4955097436904907,0.013109283521771431,0.39840883016586304,0.47279760241508484,0.012215342372655869,0.4168137311935425,0.4779832661151886,0.01163075678050518,0.42925384640693665,0.487741619348526,0.011739778332412243,0.37516164779663086,0.5004886388778687,0.002945931628346443,0.40922820568084717,0.46963268518447876,0.003860969329252839,0.4271712303161621,0.48036453127861023,0.004571575205773115,0.4381861090660095,0.4956291615962982,0.0053284442983567715,0.38459673523902893,0.5172799825668335,-0.006465892307460308,0.418180376291275,0.49914494156837463,-0.005050459876656532,0.4330201745033264,0.5153351426124573,-0.002809296129271388,0.44051477313041687,0.530601978302002,-0.0013262463035061955,0.39490464329719543,0.5413833856582642,-0.015047972090542316,0.42222604155540466,0.5256325006484985,-0.01156508456915617,0.4356062114238739,0.5319494009017944,-0.006840744987130165,0.4439355731010437,0.5393217206001282,-0.0033404501155018806
0.34330177307128906,0.6033857464790344,9.501211195583892e-08,0.35081589221954346,0.5557572841644287,0.01466487068682909,0.36532914638519287,0.5205416679382324,0.018691616132855415,0.382590651512146,0.5081505179405212,0.018241798505187035,0.39928126335144043,0.5088911652565002,0.017339255660772324,0.3669200539588928,0.494261234998703,0.013698214665055275,0.3980619013309479,0.47448989748954773,0.013057687319815159,0.4165832996368408,0.4812954366207123,0.012212886475026608,0.4291132986545563,0.49185168743133545,0.011993478052318096,0.3753992021083832,0.49904677271842957,0.003777074161916971,0.408939003944397,0.4707835018634796,0.005188012029975653,0.42668452858924866,0.48243823647499084,0.005590781103819609,0.4376102685928345,0.4976957142353058,0.00593981659039855,0.3848384618759155,0.5155012011528015,-0.005398464389145374,0.41685640811920166,0.4974367022514343,-0.0032000886276364326,0.4323922097682953,0.511303722858429,-0.0012115807039663196,0.4408046305179596,0.5246681571006775,-0.00026255036937072873,0.3951948583126068,0.5394362807273865,-0.01378751639276743,0.4207970201969147,0.5229408144950867,-0.009756485000252724,0.4339788854122162,0.5273002982139587,-0.005085568409413099,0.442378431558609,0.5329300761222839,-0.0018754178890958428
0.3444550633430481,0.6011182069778442,7.241536792435e-08,0.3507877290248871,0.5540069937705994,0.016593964770436287,0.36516401171684265,0.5194841027259827,0.021760456264019012,0.3816651999950409,0.5066077709197998,0.022086434066295624,0.3979094624519348,0.5060921907424927,0.021712789312005043,0.3674720525741577,0.49276793003082275,0.016192415729165077,0.39734864234924316,0.47287648916244507,0.016742834821343422,0.41495567560195923,0.47986507415771484,0.016778243705630302,0.4268733859062195,0.4901813268661499,0.017098557204008102,0.3765345811843872,0.49703553318977356,0.005514698568731546,0.4100605547428131,0.4723626375198364,0.008275387808680534,0.4278898537158966,0.48494482040405273,0.009267175570130348,0.4388788044452667,0.5005443096160889,0.009793179109692574,0.3860824704170227,0.5130072832107544,-0.00434204563498497,0.4184993505477905,0.4965604543685913,-0.0014853838365525007,0.4350227117538452,0.5111343860626221,0.00036355486372485757,0.44409918785095215,0.5254679322242737,0.0010318098356947303,0.3963138163089752,0.5359610319137573,-0.013216949068009853,0.4210801124572754,0.5183036923408508,-0.009036378934979439,0.4337534010410309,0.5249574184417725,-0.004380838014185429,0.4416293799877167,0.5336712598800659,-0.0012380927801132202
0.3439429998397827,0.5987903475761414,6.346655112565713e-08,0.3496397137641907,0.5513634085655212,0.015368062071502209,0.3638496696949005,0.5167890191078186,0.020350126549601555,0.37935635447502136,0.5042806267738342,0.020759638398885727,0.39441776275634766,0.5028373003005981,0.020605195313692093,0.3676173686981201,0.49042993783950806,0.016078073531389236,0.39703723788261414,0.4696986973285675,0.0160430446267128,0.4142463207244873,0.47891145944595337,0.015424009412527084,0.4253730773925781,0.49177291989326477,0.01538105309009552,0.376823365688324,0.49526727199554443,0.006070611998438835,0.40927961468696594,0.4736731946468353,0.0081919115036726,0.4264124929904938,0.4861789643764496,0.008429400622844696,0.4366711378097534,0.5013675689697266,0.008493774570524693,0.3861313760280609,0.510349452495575,-0.0033381946850568056,0.41717690229415894,0.4917445480823517,-0.0006147704552859068,0.4334257245063782,0.5028592348098755,0.000745799916330725,0.44302818179130554,0.5154049396514893,0.001067595323547721,0.3961450159549713,0.532630443572998,-0.011936929076910019,0.42015451192855835,0.5132405757904053,-0.007987984456121922,0.4329700469970703,0.5163711309432983,-0.0038175545632839203,0.44134750962257385,0.5221403241157532,-0.000978212570771575
0.34279972314834595,0.5986071228981018,5.4374172719917624e-08,0.3507353365421295,0.5493823289871216,0.017910590395331383,0.36525818705558777,0.5142129063606262,0.023698754608631134,0.38039064407348633,0.5015119314193726,0.024088487029075623,0.3957856595516205,0.5006356239318848,0.02349182963371277,0.368303507566452,0.48851609230041504,0.018844613805413246,0.399015873670578,0.4700421988964081,0.019236166030168533,0.41674181818962097,0.48120546340942383,0.018844246864318848,0.4285915195941925,0.49515804648399353,0.018853703513741493,0.3768085241317749,0.49294722080230713,0.00697494437918067,0.4105585217475891,0.47675999999046326,0.008668439462780952,0.42774736881256104,0.4938458502292633,0.008110112510621548,0.43699878454208374,0.5124042630195618,0.007814222946763039,0.38563522696495056,0.507469892501831,-0.00407631928101182,0.4174387753009796,0.4912666976451874,-0.0018630260601639748,0.4333074688911438,0.508648693561554,-0.0005523511208593845,0.44195714592933655,0.5259541869163513,4.538739085546695e-05,0.3952828645706177,0.5292402505874634,-0.014117605052888393,0.41988372802734375,0.5072457194328308,-0.010780914686620235,0.4341425895690918,0.5104441046714783,-0.006688596680760384,0.443635493516922,0.5172275900840759,-0.003755672601982951
0.3433850109577179,0.5946575999259949,2.6097181304862715e-08,0.3524715304374695,0.5476756691932678,0.019798021763563156,0.3665568232536316,0.5131323337554932,0.02636386640369892,0.37981748580932617,0.49991393089294434,0.027084218338131905,0.39253100752830505,0.49763205647468567,0.02656593546271324,0.3705974221229553,0.4875500798225403,0.021064039319753647,0.4003788232803345,0.46920865774154663,0.022305233404040337,0.417525053024292,0.48021718859672546,0.022296836599707603,0.4285487234592438,0.4939311146736145,0.02228895016014576,0.3781035542488098,0.49131837487220764,0.007996594533324242,0.41083139181137085,0.47172513604164124,0.009565525688230991,0.4274369180202484,0.4913574457168579,0.008923114277422428,0.4348123371601105,0.5124630928039551,0.008687504567205906,0.38609471917152405,0.5049173831939697,-0.0041337283328175545,0.41630733013153076,0.4816701412200928,-0.0018338371301069856,0.43340370059013367,0.49984559416770935,-0.0004874108708463609,0.44202014803886414,0.5185624957084656,4.325773261371069e-06,0.3949061334133148,0.5258731245994568,-0.015163055621087551,0.41809412837028503,0.49818313121795654,-0.012582167983055115,0.4329058527946472,0.4988388419151306,-0.009411172941327095,0.4424843192100525,0.5042542815208435,-0.007291885558515787
0.34326374530792236,0.5917806029319763,-2.2965696011567616e-09,0.3537149131298065,0.5474133491516113,0.023174814879894257,0.36912107467651367,0.5145862698554993,0.03159360960125923,0.3819270730018616,0.5026217699050903,0.03346358612179756,0.3941362500190735,0.5006887316703796,0.03396013379096985,0.37307438254356384,0.48842257261276245,0.027125190943479538,0.40078404545783997,0.4722617566585541,0.03053576871752739,0.4173958897590637,0.48217079043388367,0.03154303506016731,0.4279475808143616,0.49579402804374695,0.032030295580625534,0.3805985748767853,0.49091219902038574,0.012628724798560143,0.41052666306495667,0.4683281183242798,0.0161775890737772,0.4271095097064972,0.4846819341182709,0.01638461835682392,0.43469613790512085,0.5049917697906494,0.0165540874004364,0.38824957609176636,0.5030562877655029,-0.000905906199477613,0.4161592125892639,0.47591710090637207,0.002852529054507613,0.43374937772750854,0.4917035400867462,0.004744540434330702,0.44250285625457764,0.5097114443778992,0.005316060967743397,0.3969283401966095,0.5230966210365295,-0.013135804794728756,0.41885632276535034,0.49230676889419556,-0.009625977836549282,0.43328237533569336,0.493981271982193,-0.005912180058658123,0.44171398878097534,0.5020125508308411,-0.003620917908847332
0.34641942381858826,0.5873125195503235,-3.594821507135748e-08,0.35592249035835266,0.5443161129951477,0.021684199571609497,0.3712216913700104,0.5113397836685181,0.02898011915385723,0.38431787490844727,0.5003348588943481,0.029833462089300156,0.396717369556427,0.49848562479019165,0.02952931635081768,0.37490829825401306,0.486320823431015,0.024064021185040474,0.40389952063560486,0.4711831212043762,0.025848140940070152,0.41807061433792114,0.48537343740463257,0.026358721777796745,0.4236563444137573,0.5033560395240784,0.02722974494099617,0.3821466863155365,0.48906612396240234,0.010431239381432533,0.4153583347797394,0.46649274230003357,0.013090793043375015,0.42939114570617676,0.48785197734832764,0.01358097605407238,0.43175846338272095,0.5106602311134338,0.014249172061681747,0.39007568359375,0.5015178918838501,-0.002310749376192689,0.4212724268436432,0.4714291989803314,0.0005593067617155612,0.4357827305793762,0.49339061975479126,0.0028535390738397837,0.4384538531303406,0.5159603953361511,0.0041273366659879684,0.39887693524360657,0.5214393138885498,-0.01374752912670374,0.42365339398384094,0.4897119402885437,-0.01115463301539421,0.4365538954734802,0.49866360425949097,-0.007312844507396221,0.44072383642196655,0.5135654807090759,-0.004560681525617838
0.346815824508667,0.5837535858154297,-4.6645947548995537e-08,0.3572259545326233,0.5379878878593445,0.020766055211424828,0.37243974208831787,0.5069096684455872,0.027152525261044502,0.385270357131958,0.4978659749031067,0.02716224081814289,0.3977653980255127,0.4958587884902954,0.026172926649451256,0.37702709436416626,0.4835955500602722,0.02291160076856613,0.4053327441215515,0.4661574959754944,0.023134959861636162,0.41860732436180115,0.48103007674217224,0.02261396124958992,0.4231022000312805,0.4987815320491791,0.023008568212389946,0.38409867882728577,0.48679590225219727,0.009420746006071568,0.4170531630516052,0.4638640284538269,0.010845321230590343,0.4306638836860657,0.48439309000968933,0.010747099295258522,0.43271318078041077,0.5058768391609192,0.01114682201296091,0.3915503919124603,0.49907463788986206,-0.0033140983432531357,0.42238888144493103,0.4689021110534668,-0.0011647251667454839,0.4365915358066559,0.48945000767707825,0.0010705487802624702,0.4393974840641022,0.5102577209472656,0.002530018100515008,0.3999442458152771,0.5192839503288269,-0.01483609527349472,0.42441001534461975,0.4868798851966858,-0.012334802187979221,0.43683943152427673,0.4967324435710907,-0.007948136888444424,0.44073233008384705,0.5126473903656006,-0.0046141366474330425
0.34752994775772095,0.580758810043335,-3.303951601196786e-08,0.3584354817867279,0.5350059270858765,0.019841132685542107,0.3738178610801697,0.5042348504066467,0.025347424671053886,0.3872961699962616,0.4945036470890045,0.024607710540294647,0.40020641684532166,0.4919184148311615,0.022935815155506134,0.3785986006259918,0.47997796535491943,0.020194977521896362,0.4084210693836212,0.4623597264289856,0.019451512023806572,0.4220361113548279,0.47802093625068665,0.01879766955971718,0.4265875220298767,0.496816486120224,0.0192554984241724,0.3850950002670288,0.4837009310722351,0.006854848470538855,0.41943463683128357,0.4610176384449005,0.007387702818959951,0.43318089842796326,0.48225656151771545,0.007436580024659634,0.4352130889892578,0.5039281845092773,0.0080719580873847,0.3922141194343567,0.4968809485435486,-0.005713288206607103,0.424176424741745,0.46588972210884094,-0.004400215111672878,0.4382295608520508,0.4875451624393463,-0.0018748289439827204,0.44077828526496887,0.5091602206230164,-2.668927118065767e-05,0.4003022313117981,0.5181650519371033,-0.01710531674325466,0.4256265461444855,0.4853425621986389,-0.01537647657096386,0.43797072768211365,0.49614110589027405,-0.010986598208546638,0.44168493151664734,0.512946367263794,-0.007430833298712969
0.3459365665912628,0.5781022906303406,-2.7499025279098532e-08,0.3586466610431671,0.5323207378387451,0.01951446942985058,0.37518712878227234,0.5013133883476257,0.02480083703994751,0.38959792256355286,0.49245601892471313,0.023775290697813034,0.40247052907943726,0.48982149362564087,0.021937154233455658,0.37903907895088196,0.4789894223213196,0.020221693441271782,0.41038620471954346,0.4609026312828064,0.01883268915116787,0.42385968565940857,0.4781360924243927,0.01769453100860119,0.4278052747249603,0.4977879822254181,0.017943017184734344,0.3852114975452423,0.48316100239753723,0.006908401381224394,0.4212411642074585,0.45881685614585876,0.006906372960656881,0.43471559882164,0.48102688789367676,0.006661786697804928,0.4360401928424835,0.5022420883178711,0.007244105916470289,0.3924653232097626,0.4969640076160431,-0.005720018874853849,0.4256972372531891,0.46334052085876465,-0.004757544957101345,0.439488023519516,0.4859355390071869,-0.00203926139511168,0.4411110579967499,0.5076965093612671,8.70010771905072e-05,0.4007352292537689,0.5193004012107849,-0.01723727025091648,0.4269351661205292,0.48620161414146423,-0.015514166094362736,0.43934664130210876,0.49710163474082947,-0.010950314812362194,0.44276124238967896,0.5133194923400879,-0.0072572482749819756
0.34672465920448303,0.5769219994544983,-9.321457383748566e-09,0.3616374135017395,0.5306435823440552,0.01885315589606762,0.3783011734485626,0.49917855858802795,0.02259272150695324,0.3934934437274933,0.4910006523132324,0.02009955793619156,0.4060279130935669,0.48953011631965637,0.016605352982878685,0.38271525502204895,0.4746965765953064,0.015373507514595985,0.4186202883720398,0.462459921836853,0.01231642346829176,0.4318704307079315,0.4817902147769928,0.010279648937284946,0.43499669432640076,0.5019857883453369,0.010127638466656208,0.38773873448371887,0.4796140193939209,0.0017498834058642387,0.4275256097316742,0.46073487401008606,0.0009130452526733279,0.43981754779815674,0.4843237102031708,0.0007485426031053066,0.4391959309577942,0.5050377249717712,0.0013944117818027735,0.39401453733444214,0.4951077997684479,-0.010961147956550121,0.4304349422454834,0.46462368965148926,-0.010380604304373264,0.44204214215278625,0.48936623334884644,-0.006893330719321966,0.4412775933742523,0.5104798078536987,-0.004127340391278267,0.40076932311058044,0.5192176103591919,-0.022542743012309074,0.4287773072719574,0.48620712757110596,-0.020917382091283798,0.44040578603744507,0.497946560382843,-0.015506506897509098,0.44260767102241516,0.5141569375991821,-0.010994195938110352
0.3468872904777527,0.5768327713012695,-2.112460606440436e-08,0.36128637194633484,0.5289705395698547,0.0193695817142725,0.37802910804748535,0.4980587661266327,0.02340412512421608,0.3934222161769867,0.4892479479312897,0.021112110465765,0.4063916504383087,0.4875016510486603,0.01779746264219284,0.3820495009422302,0.4759742021560669,0.016502704471349716,0.4168611168861389,0.46220967173576355,0.013559451326727867,0.4303930997848511,0.4798268973827362,0.011551435105502605,0.43386906385421753,0.4986710846424103,0.011471359059214592,0.3873046934604645,0.4813159108161926,0.0028654318302869797,0.42608991265296936,0.45962995290756226,0.0015390798216685653,0.43832650780677795,0.4821164608001709,0.0011379463830962777,0.43784138560295105,0.502165675163269,0.0018130338285118341,0.3938024938106537,0.4962691068649292,-0.00981994066387415,0.4297036826610565,0.4635894000530243,-0.009354869835078716,0.4417054355144501,0.48662325739860535,-0.005729073658585548,0.44143539667129517,0.5069494843482971,-0.002793672727420926,0.400903582572937,0.519627571105957,-0.021333761513233185,0.42893436551094055,0.48505017161369324,-0.019443362951278687,0.44119441509246826,0.4949386417865753,-0.013739833608269691,0.44421863555908203,0.5094005465507507,-0.009037338197231293
0.3485755920410156,0.5778733491897583,-1.3812088361930819e-08,0.3621802031993866,0.5303319096565247,0.019034909084439278,0.37876251339912415,0.49868887662887573,0.02264796569943428,0.3940119445323944,0.48936766386032104,0.02013733610510826,0.4069511890411377,0.4876822531223297,0.016671787947416306,0.38277050852775574,0.47481656074523926,0.014179181307554245,0.41867610812187195,0.45998436212539673,0.01090872660279274,0.4319055676460266,0.47886955738067627,0.009051943197846413,0.4349810481071472,0.4983912706375122,0.009068707935512066,0.38770589232444763,0.4803500473499298,0.0005344055825844407,0.42733731865882874,0.4585097134113312,-0.0007251895149238408,0.43974560499191284,0.48069724440574646,-0.0005349668208509684,0.4393787682056427,0.4999825358390808,0.0002961692225653678,0.39386358857154846,0.496195912361145,-0.012116567231714725,0.4304100573062897,0.46250438690185547,-0.011832042597234249,0.4424363374710083,0.485232949256897,-0.007845673710107803,0.4420413076877594,0.5049006342887878,-0.004821897950023413,0.4007207751274109,0.5207160711288452,-0.023566508665680885,0.4296225309371948,0.4862035810947418,-0.02179444208741188,0.44143199920654297,0.49657154083251953,-0.015855157747864723,0.4436311423778534,0.511132538318634,-0.01110105961561203
0.34839358925819397,0.5754026174545288,4.9797219681124716e-09,0.3625718951225281,0.5283752083778381,0.0181973185390234,0.37884894013404846,0.49771398305892944,0.021529890596866608,0.39443621039390564,0.49020418524742126,0.018938612192869186,0.40794408321380615,0.4894689917564392,0.015359584242105484,0.3822033405303955,0.47431492805480957,0.012853698804974556,0.41868382692337036,0.4586673974990845,0.008923394605517387,0.43269461393356323,0.477843314409256,0.006658597383648157,0.43666571378707886,0.4975285232067108,0.006424004212021828,0.38733959197998047,0.48036542534828186,-0.0003711680183187127,0.42725875973701477,0.4564347267150879,-0.002488531870767474,0.44097939133644104,0.4790319800376892,-0.0028132107108831406,0.4421178996562958,0.4994624853134155,-0.002168236533179879,0.39388877153396606,0.49688833951950073,-0.012614051811397076,0.43001502752304077,0.46066081523895264,-0.013162556104362011,0.44351351261138916,0.48356857895851135,-0.00978667102754116,0.4449002146720886,0.5039658546447754,-0.006946214474737644,0.40122994780540466,0.5221934914588928,-0.023669827729463577,0.42956268787384033,0.4871324896812439,-0.022565606981515884,0.4417887032032013,0.49722427129745483,-0.017077207565307617,0.44506925344467163,0.511838436126709,-0.01249992661178112
0.34828662872314453,0.572239339351654,2.980729618684563e-08,0.36125805974006653,0.5235664248466492,0.016341043636202812,0.3772965669631958,0.49350953102111816,0.01889798231422901,0.39309415221214294,0.48604828119277954,0.016056573018431664,0.4069104492664337,0.48637497425079346,0.012263007462024689,0.38136228919029236,0.47180572152137756,0.01073687244206667,0.4177374839782715,0.45701098442077637,0.006013285368680954,0.43276137113571167,0.47511497139930725,0.0032227637711912394,0.43809130787849426,0.49410003423690796,0.0026734115090221167,0.38750922679901123,0.47934502363204956,-0.0015502856113016605,0.4272378981113434,0.4551662504673004,-0.00470678461715579,0.44203394651412964,0.4763549864292145,-0.005627221893519163,0.4448215663433075,0.4970601201057434,-0.005192284472286701,0.39443454146385193,0.49713608622550964,-0.012909824959933758,0.4304295480251312,0.4617299437522888,-0.014424856752157211,0.44457945227622986,0.48312464356422424,-0.011518878862261772,0.4473956823348999,0.5028484463691711,-0.00874435156583786,0.4014587104320526,0.5236004590988159,-0.023188570514321327,0.4297698140144348,0.49016833305358887,-0.022486327216029167,0.44219207763671875,0.498529314994812,-0.017146479338407516,0.446463942527771,0.5110572576522827,-0.01254682894796133
0.34816616773605347,0.5678386688232422,3.5253176378091666e-08,0.36097514629364014,0.5194472074508667,0.015594965778291225,0.3773369789123535,0.4893970489501953,0.017879663035273552,0.3936813771724701,0.4827170968055725,0.01499247457832098,0.4076569080352783,0.48449403047561646,0.011225041933357716,0.38163334131240845,0.46821698546409607,0.009457161650061607,0.4184042513370514,0.4557536542415619,0.004896706435829401,0.4335329532623291,0.4736689329147339,0.00238333479501307,0.438536137342453,0.4926071763038635,0.00201806309632957,0.3882595896720886,0.47672829031944275,-0.002401589183136821,0.4284287691116333,0.45383548736572266,-0.005022855009883642,0.44280844926834106,0.47505635023117065,-0.0055341459810733795,0.44472044706344604,0.4957241415977478,-0.004929297603666782,0.3953830599784851,0.4952377378940582,-0.013302560895681381,0.43192002177238464,0.46292734146118164,-0.014407583512365818,0.4453541934490204,0.484834760427475,-0.011335411109030247,0.4469030499458313,0.5047896504402161,-0.008526969701051712,0.4022749662399292,0.5219870805740356,-0.023183338344097137,0.43135732412338257,0.4910193979740143,-0.022379174828529358,0.4435323476791382,0.5006149411201477,-0.01713872328400612,0.44701510667800903,0.5138890743255615,-0.012609405443072319
0.3479062616825104,0.5614607334136963,4.109659101914076e-08,0.3607322871685028,0.5144152045249939,0.01556889247149229,0.37715646624565125,0.48458394408226013,0.017908914014697075,0.3936960697174072,0.4783104360103607,0.015243904665112495,0.4074566662311554,0.48025763034820557,0.011715296655893326,0.38235312700271606,0.46303626894950867,0.008579018525779247,0.4195345938205719,0.4517885446548462,0.004432417917996645,0.43471553921699524,0.46919140219688416,0.002458301605656743,0.4397222101688385,0.48751702904701233,0.0024061661679297686,0.3888762593269348,0.47198373079299927,-0.0031026173382997513,0.429634690284729,0.45048078894615173,-0.005488886963576078,0.44362273812294006,0.47183534502983093,-0.0055437167175114155,0.4452901780605316,0.49267637729644775,-0.004594112280756235,0.3956930339336395,0.4912126362323761,-0.013730497099459171,0.4325793981552124,0.463135302066803,-0.014402564615011215,0.44576314091682434,0.48440003395080566,-0.011154674924910069,0.44726091623306274,0.5033722519874573,-0.008330200798809528,0.40217873454093933,0.5186834931373596,-0.02332756482064724,0.43140730261802673,0.4898516535758972,-0.021889962255954742,0.44348636269569397,0.4993300139904022,-0.01650083251297474,0.4471578598022461,0.5123043060302734,-0.011969760991632938
0.3482155203819275,0.5577229261398315,4.591456459479559e-08,0.36021360754966736,0.5109113454818726,0.015132829546928406,0.3764667212963104,0.4808378219604492,0.017377734184265137,0.3919496238231659,0.4734656512737274,0.014742210507392883,0.4048686623573303,0.4749249815940857,0.011254645884037018,0.3832612633705139,0.4595703184604645,0.0077593051828444,0.4209248125553131,0.44915351271629333,0.0033796390052884817,0.4360904097557068,0.4672069847583771,0.001537384930998087,0.44078025221824646,0.48641493916511536,0.0017738918540999293,0.38981515169143677,0.46863529086112976,-0.0035738989245146513,0.430826336145401,0.4488031268119812,-0.006067710928618908,0.4447491765022278,0.47054845094680786,-0.005845795851200819,0.44658294320106506,0.4918365180492401,-0.004543207585811615,0.39649808406829834,0.48812398314476013,-0.01388510875403881,0.43338078260421753,0.46184393763542175,-0.014661780558526516,0.4467209279537201,0.48333340883255005,-0.011342169716954231,0.4486102759838104,0.5026627779006958,-0.008307533338665962,0.40254274010658264,0.5156604647636414,-0.023190153762698174,0.4317615330219269,0.48810529708862305,-0.021751757711172104,0.4441276490688324,0.498226523399353,-0.016332823783159256,0.44817396998405457,0.5119740962982178,-0.011626031249761581
0.348895788192749,0.555686891078949,4.439444722947883e-08,0.3628352880477905,0.5104424953460693,0.014861222356557846,0.3803490400314331,0.48169735074043274,0.01666964963078499,0.39720457792282104,0.47631213068962097,0.013551709242165089,0.41117289662361145,0.4777407646179199,0.009712210856378078,0.384618878364563,0.4599792957305908,0.007105048280209303,0.4234749376773834,0.44909602403640747,0.0015323561383411288,0.4388989806175232,0.4681012034416199,-0.0011723018251359463,0.44283467531204224,0.4882446229457855,-0.001204484491609037,0.39053550362586975,0.4689267873764038,-0.004356155637651682,0.4328475296497345,0.4477179944515228,-0.007850068621337414,0.4470486640930176,0.4713107943534851,-0.008269698359072208,0.4473479390144348,0.4937085807323456,-0.007244117558002472,0.3969593346118927,0.4879211187362671,-0.014860918745398521,0.4351080060005188,0.46016716957092285,-0.016379741951823235,0.448799729347229,0.48372682929039,-0.013405418954789639,0.44938987493515015,0.5044634938240051,-0.010405338369309902,0.40319517254829407,0.5148542523384094,-0.02437559887766838,0.4336448609828949,0.48697248101234436,-0.02358393371105194,0.4462782144546509,0.49818190932273865,-0.018572377040982246,0.4492930471897125,0.5125151872634888,-0.014076819643378258
0.3496239483356476,0.5573177337646484,4.107737439085213e-08,0.36242735385894775,0.5113933086395264,0.015408414416015148,0.3793012201786041,0.4827588200569153,0.017408432438969612,0.39517995715141296,0.47598031163215637,0.014420436695218086,0.40827977657318115,0.4772769510746002,0.010579043067991734,0.3857080042362213,0.46115243434906006,0.007551053073257208,0.42517468333244324,0.4508005976676941,0.002331280615180731,0.4406498372554779,0.4701139032840729,-0.00019073863222729415,0.44468727707862854,0.4904520809650421,-0.00018983565678354353,0.39205044507980347,0.470158189535141,-0.004095140378922224,0.43503063917160034,0.44894278049468994,-0.007711151149123907,0.44931846857070923,0.4727405607700348,-0.008211422711610794,0.4497813582420349,0.4952546954154968,-0.007161072921007872,0.39875999093055725,0.4892439544200897,-0.014703505672514439,0.43738168478012085,0.46001115441322327,-0.016337789595127106,0.45153456926345825,0.483608603477478,-0.013494543731212616,0.45270800590515137,0.504534125328064,-0.010570639744400978,0.40477657318115234,0.5162667632102966,-0.02423606999218464,0.43544402718544006,0.4878993034362793,-0.023554565384984016,0.44868630170822144,0.4987894892692566,-0.018634511157870293,0.45244938135147095,0.5127206444740295,-0.014201863668859005
0.3487565517425537,0.5569847226142883,4.221104887847105e-08,0.3637637495994568,0.5114965438842773,0.01676740124821663,0.38229185342788696,0.48383328318595886,0.01958409696817398,0.399483323097229,0.47929078340530396,0.017320023849606514,0.4138707220554352,0.4834286868572235,0.014081070199608803,0.3871169090270996,0.46287479996681213,0.008072895929217339,0.42719894647598267,0.4532175362110138,0.003743949346244335,0.44297516345977783,0.47207361459732056,0.002263567177578807,0.44818463921546936,0.4917934536933899,0.002839945489540696,0.39317572116851807,0.4728662967681885,-0.00399022875353694,0.43709129095077515,0.4512266516685486,-0.007655665744096041,0.4519134759902954,0.4743788242340088,-0.007640290539711714,0.4531530439853668,0.4968765079975128,-0.0059877801686525345,0.3996580243110657,0.4931804835796356,-0.014777818694710732,0.4392887055873871,0.46268802881240845,-0.016498062759637833,0.45404428243637085,0.48527729511260986,-0.013235604390501976,0.4560667872428894,0.5059217810630798,-0.009807060472667217,0.40549224615097046,0.521428108215332,-0.024298198521137238,0.43666574358940125,0.4914321303367615,-0.023668969050049782,0.45011961460113525,0.5014137029647827,-0.01851111277937889,0.45428046584129333,0.5151896476745605,-0.01375521719455719
0.3472999334335327,0.5555475950241089,6.114948547519816e-08,0.36324426531791687,0.5101838707923889,0.014206074178218842,0.3827219605445862,0.4838560223579407,0.01563837006688118,0.4002598524093628,0.480140745639801,0.01252022571861744,0.41508740186691284,0.48387959599494934,0.008717007003724575,0.388835072517395,0.46415823698043823,0.005023600999265909,0.4293099343776703,0.4550461769104004,-0.0006575303850695491,0.4450938105583191,0.47453054785728455,-0.0029641424771398306,0.45044028759002686,0.4943475127220154,-0.0028832415118813515,0.3944806158542633,0.4757132828235626,-0.006186244077980518,0.4386882185935974,0.45452719926834106,-0.011433933861553669,0.4545665681362152,0.47784894704818726,-0.012284578755497932,0.4568847417831421,0.500842809677124,-0.01110369898378849,0.40018171072006226,0.49634847044944763,-0.01629331335425377,0.4406203627586365,0.466871976852417,-0.019313016906380653,0.456099271774292,0.4899672567844391,-0.016643935814499855,0.459336519241333,0.5110446214675903,-0.013482618145644665,0.40515586733818054,0.5247719287872314,-0.025333404541015625,0.43677040934562683,0.4968454837799072,-0.025597091764211655,0.450377881526947,0.5062255263328552,-0.0209317896515131,0.45514020323753357,0.5191397070884705,-0.0164471622556448
0.34701821208000183,0.5562078356742859,5.8029986149676915e-08,0.36327266693115234,0.5095151662826538,0.014845140278339386,0.38292282819747925,0.48445701599121094,0.01658955030143261,0.40097978711128235,0.48154038190841675,0.013785086572170258,0.416347861289978,0.4868634045124054,0.010292756371200085,0.38941535353660583,0.4638240933418274,0.005630710162222385,0.42852503061294556,0.4568392336368561,0.0005189163493923843,0.4439675509929657,0.47693830728530884,-0.001206288463436067,0.4497308135032654,0.49809977412223816,-0.0007307985797524452,0.3956599235534668,0.4777914881706238,-0.005681963171809912,0.4391847252845764,0.4593399465084076,-0.010197656229138374,0.4548221230506897,0.48150917887687683,-0.010347278788685799,0.4581470787525177,0.5043268799781799,-0.008679096587002277,0.4013824164867401,0.5005025267601013,-0.015827849507331848,0.44166794419288635,0.4738587737083435,-0.018277902156114578,0.4574654996395111,0.4953528344631195,-0.01517836470156908,0.46204203367233276,0.5159273147583008,-0.01179979182779789,0.40588080883026123,0.5302506685256958,-0.024847261607646942,0.43777933716773987,0.5049819350242615,-0.024855056777596474,0.45177358388900757,0.513934850692749,-0.0199165977537632,0.4576961100101471,0.5264409184455872,-0.0151371443644166
0.34557846188545227,0.5493736267089844,6.22851175080541e-08,0.36226406693458557,0.5025960803031921,0.01516097504645586,0.38307780027389526,0.47769004106521606,0.01779172383248806,0.40080660581588745,0.47729939222335815,0.016031093895435333,0.41576752066612244,0.48463088274002075,0.013645055703818798,0.3919273912906647,0.45699766278266907,0.008208663202822208,0.42987558245658875,0.4498884975910187,0.00541639793664217,0.4444848895072937,0.46799159049987793,0.0053314040414988995,0.44966697692871094,0.4875052869319916,0.006584578659385443,0.3992881774902344,0.4730331301689148,-0.00274668843485415,0.440684050321579,0.4571848511695862,-0.004970253445208073,0.4550001621246338,0.4782169461250305,-0.00437063118442893,0.458273708820343,0.49965885281562805,-0.0025617186911404133,0.40483108162879944,0.49788618087768555,-0.012515037320554256,0.44317445158958435,0.4751974940299988,-0.01290183886885643,0.4586604833602905,0.49506258964538574,-0.0095937205478549,0.46386998891830444,0.5143346190452576,-0.006647009402513504,0.40832290053367615,0.53035569190979,-0.02116337977349758,0.4396018981933594,0.5079665184020996,-0.019119519740343094,0.4534575343132019,0.5164759755134583,-0.013434360735118389,0.45962613821029663,0.5277312397956848,-0.008598453365266323
0.34721988439559937,0.5498771071434021,5.180545059602082e-08,0.36234885454177856,0.5005220770835876,0.013475732877850533,0.381794273853302,0.4739032983779907,0.015056164935231209,0.3998587429523468,0.4718388617038727,0.012962748296558857,0.4150225818157196,0.480657696723938,0.010440083220601082,0.3916406035423279,0.45133042335510254,0.003715957747772336,0.4301939606666565,0.4455983340740204,0.0012016798136755824,0.4439816474914551,0.46433907747268677,0.002115784212946892,0.4483734667301178,0.4822250306606293,0.003839680692180991,0.4000285565853119,0.47018349170684814,-0.006348297465592623,0.4408145844936371,0.45586517453193665,-0.008012142032384872,0.45426324009895325,0.475898414850235,-0.006794931832700968,0.457467257976532,0.49572354555130005,-0.005109420977532864,0.40607526898384094,0.49759092926979065,-0.015111051499843597,0.4434652626514435,0.4758513867855072,-0.015008838847279549,0.459330677986145,0.49288493394851685,-0.012174716219305992,0.4662053883075714,0.5099931955337524,-0.010238406248390675,0.409690260887146,0.5317460894584656,-0.022779397666454315,0.44029754400253296,0.510231614112854,-0.021204516291618347,0.4541160464286804,0.5163613557815552,-0.016530316323041916,0.4617449641227722,0.5249131321907043,-0.012727797962725163
0.34857606887817383,0.5474998950958252,4.669089648245972e-08,0.3643163740634918,0.49941718578338623,0.013066777028143406,0.3834178149700165,0.47204843163490295,0.014624853618443012,0.4022984504699707,0.46901774406433105,0.012915217317640781,0.41796544194221497,0.47757118940353394,0.01094171591103077,0.3921443223953247,0.4502260088920593,0.0015711517771705985,0.43197494745254517,0.4417775273323059,-0.0011182732414454222,0.44487065076828003,0.4605124294757843,0.0003351815103087574,0.4478575587272644,0.4782968759536743,0.0025592301972210407,0.40071168541908264,0.4700963795185089,-0.007943443953990936,0.4421381950378418,0.45360004901885986,-0.009816892445087433,0.4557337164878845,0.47242581844329834,-0.008197777904570103,0.45908087491989136,0.49077939987182617,-0.006234107073396444,0.40708959102630615,0.49839675426483154,-0.01612129621207714,0.4448060095310211,0.47323793172836304,-0.016481252387166023,0.4622598886489868,0.4872283637523651,-0.014006255194544792,0.47096970677375793,0.5020231604576111,-0.012358736246824265,0.4112602174282074,0.5331115126609802,-0.023100698366761208,0.44138702750205994,0.5110167264938354,-0.022619711235165596,0.45713019371032715,0.5128111243247986,-0.019251748919487,0.46779558062553406,0.5170503258705139,-0.016419021412730217
0.35152924060821533,0.5514971613883972,1.0529803518011249e-07,0.3670438826084137,0.5036344528198242,0.01128367055207491,0.3875923156738281,0.47668546438217163,0.01203053817152977,0.40805816650390625,0.4740636646747589,0.009720253758132458,0.42397773265838623,0.4819397032260895,0.006905270274728537,0.39591532945632935,0.4578394293785095,-0.001566403778269887,0.437508225440979,0.44378775358200073,-0.00714245205745101,0.45508140325546265,0.45981746912002563,-0.008683734573423862,0.46392327547073364,0.4762763977050781,-0.008696088567376137,0.40262559056282043,0.47667521238327026,-0.010810213163495064,0.44454848766326904,0.45516055822372437,-0.015464931726455688,0.46267855167388916,0.4696820080280304,-0.016037728637456894,0.47159016132354736,0.48585718870162964,-0.01573391631245613,0.40786615014076233,0.5032769441604614,-0.018931185826659203,0.44618767499923706,0.4752870202064514,-0.021733373403549194,0.4669533967971802,0.4835260808467865,-0.021207118406891823,0.4802151322364807,0.49420931935310364,-0.020782968029379845,0.4121016561985016,0.53657466173172,-0.02609042078256607,0.4424455761909485,0.5139345526695251,-0.02816992625594139,0.46067285537719727,0.5117743015289307,-0.027134086936712265,0.4754031002521515,0.5130059719085693,-0.025903822854161263
0.3557649254798889,0.560865044593811,1.471654087481511e-07,0.3716164529323578,0.5170066356658936,0.008743553422391415,0.39372536540031433,0.48762786388397217,0.008268690668046474,0.4135015904903412,0.48080000281333923,0.004928579553961754,0.43020081520080566,0.4831130802631378,0.0012038095155730844,0.4011065363883972,0.4706287980079651,-0.003699026070535183,0.44096264243125916,0.4473995864391327,-0.011951950378715992,0.46210360527038574,0.45705369114875793,-0.015630237758159637,0.4749909043312073,0.47108039259910583,-0.01681811362504959,0.4050314426422119,0.48533663153648376,-0.012760010547935963,0.44763681292533875,0.45924386382102966,-0.02081664837896824,0.46956098079681396,0.4689883887767792,-0.02361418306827545,0.48163431882858276,0.4838375747203827,-0.02404884621500969,0.4086194634437561,0.509323239326477,-0.02096039056777954,0.44765812158584595,0.4797053337097168,-0.026007451117038727,0.4709306061267853,0.4831305146217346,-0.02655535563826561,0.48642903566360474,0.49156564474105835,-0.02611207216978073,0.4123278260231018,0.5412814021110535,-0.02853996679186821,0.44182920455932617,0.5159664154052734,-0.03164125606417656,0.46092692017555237,0.5090106725692749,-0.03112698346376419,0.47657257318496704,0.5082067251205444,-0.02991809882223606
0.3542916178703308,0.5667843222618103,1.1814325517889301e-07,0.3721511960029602,0.524017333984375,0.012182348407804966,0.3935873210430145,0.4980815351009369,0.013279116712510586,0.41114184260368347,0.4916490614414215,0.010723932646214962,0.4268655776977539,0.4932251572608948,0.007574819959700108,0.4010559916496277,0.47995224595069885,0.0007898585172370076,0.43893489241600037,0.4518103003501892,-0.005982672329992056,0.4597242474555969,0.4560662508010864,-0.00852749589830637,0.4731818437576294,0.46651172637939453,-0.00927323941141367,0.4048468768596649,0.49224528670310974,-0.010235240682959557,0.446111798286438,0.4632314145565033,-0.017835043370723724,0.46873894333839417,0.46882474422454834,-0.02024221420288086,0.4821265935897827,0.48108533024787903,-0.020492391660809517,0.4082666039466858,0.514353334903717,-0.02033330127596855,0.4472472071647644,0.48338979482650757,-0.025304246693849564,0.4708481729030609,0.4835803210735321,-0.02550269104540348,0.4876829981803894,0.4887862205505371,-0.02489474043250084,0.41186222434043884,0.5458909273147583,-0.029570365324616432,0.44118762016296387,0.5197322964668274,-0.03281945362687111,0.45994994044303894,0.5102766752243042,-0.032320983707904816,0.4755423069000244,0.5063057541847229,-0.031239259988069534
0.3537443280220032,0.5656253099441528,1.342282303085085e-07,0.37361735105514526,0.5248547196388245,0.012829111889004707,0.39554306864738464,0.5003606677055359,0.014555620960891247,0.41451361775398254,0.49288204312324524,0.012195561081171036,0.4305378198623657,0.4908933639526367,0.009272310882806778,0.3993886411190033,0.4803520143032074,0.00472897756844759,0.43695348501205444,0.4533919394016266,-0.0016935602761805058,0.45764830708503723,0.45611897110939026,-0.004561353474855423,0.471822053194046,0.4632561504840851,-0.005790174938738346,0.403180867433548,0.4905551075935364,-0.006729045882821083,0.44504761695861816,0.4622054398059845,-0.013545822352170944,0.4685807526111603,0.46711525321006775,-0.016581552103161812,0.48408135771751404,0.47835350036621094,-0.01774357445538044,0.4064835011959076,0.5113580226898193,-0.0175794567912817,0.44555145502090454,0.4800296723842621,-0.022678466513752937,0.46932703256607056,0.4809623956680298,-0.023760516196489334,0.48680394887924194,0.487181156873703,-0.024056054651737213,0.41059133410453796,0.5417639017105103,-0.027592400088906288,0.4386886954307556,0.5149205327033997,-0.03126140683889389,0.4566706717014313,0.5060114860534668,-0.03156355395913124,0.472391813993454,0.5021288394927979,-0.031406015157699585
0.353449285030365,0.5600864887237549,1.4982907714511384e-07,0.3739146590232849,0.5218114852905273,0.011663089506328106,0.3958550989627838,0.4961157441139221,0.012996104545891285,0.41570553183555603,0.49004483222961426,0.010380499996244907,0.4315853714942932,0.4895506203174591,0.007247371599078178,0.39920327067375183,0.4750460982322693,0.0037747870665043592,0.4382251501083374,0.4564284086227417,-0.0029955978970974684,0.4603733718395233,0.46490857005119324,-0.006566542200744152,0.47568875551223755,0.4758228063583374,-0.008393864147365093,0.402582585811615,0.48523709177970886,-0.00718022882938385,0.44479668140411377,0.46044716238975525,-0.01417869608849287,0.4680563807487488,0.46937787532806396,-0.01731392927467823,0.4829385578632355,0.48232150077819824,-0.018529264256358147,0.4059203863143921,0.5059895515441895,-0.0176125168800354,0.4450698792934418,0.4765062928199768,-0.02294676937162876,0.46909135580062866,0.48011693358421326,-0.023970946669578552,0.48608916997909546,0.48724013566970825,-0.024096276611089706,0.4104577898979187,0.5372530817985535,-0.027340777218341827,0.4396088719367981,0.51175856590271,-0.030862465500831604,0.45792829990386963,0.5040442943572998,-0.030951766297221184,0.4733627736568451,0.5008088946342468,-0.030637988820672035
0.35457849502563477,0.5592081546783447,1.5152058097100962e-07,0.3746258616447449,0.5195982456207275,0.00940244272351265,0.3955133259296417,0.4943399727344513,0.009864614345133305,0.41481852531433105,0.48876258730888367,0.006832945626229048,0.430092453956604,0.4896535277366638,0.0035947503056377172,0.3973522186279297,0.47343865036964417,0.0027462923899292946,0.43617385625839233,0.46006351709365845,-0.0045715817250311375,0.4576605260372162,0.46916520595550537,-0.008689286187291145,0.472625195980072,0.4792681634426117,-0.010750691406428814,0.40109768509864807,0.48446741700172424,-0.006975257769227028,0.4420912265777588,0.46190109848976135,-0.014210687950253487,0.464688777923584,0.47094783186912537,-0.017402848228812218,0.4794473648071289,0.48332127928733826,-0.018647674471139908,0.40523838996887207,0.5046345591545105,-0.01647740788757801,0.44323572516441345,0.4771479666233063,-0.022214600816369057,0.46699199080467224,0.480927437543869,-0.023526538163423538,0.48434364795684814,0.4871066212654114,-0.023703696206212044,0.41049924492836,0.5338090658187866,-0.025463227182626724,0.43938279151916504,0.5105515718460083,-0.02900002710521221,0.45735377073287964,0.5036689043045044,-0.02915862575173378,0.47261738777160645,0.4998975992202759,-0.028842967003583908
0.35495129227638245,0.5593290328979492,1.377070049102258e-07,0.3725295066833496,0.5184122323989868,0.009174799546599388,0.392121285200119,0.49276024103164673,0.009767931886017323,0.4111330211162567,0.4875222444534302,0.007069614250212908,0.42602452635765076,0.48972898721694946,0.004255062900483608,0.39385858178138733,0.47156667709350586,0.002887623617425561,0.4319617748260498,0.4585650861263275,-0.003755443263798952,0.45217373967170715,0.46901965141296387,-0.007308903615921736,0.4657394289970398,0.4800677001476288,-0.00893388595432043,0.39865565299987793,0.48319000005722046,-0.006102463696151972,0.437874972820282,0.4611937701702118,-0.012398823164403439,0.4587688744068146,0.47114622592926025,-0.014690271578729153,0.4719589054584503,0.4838651418685913,-0.015358515083789825,0.40365031361579895,0.503364622592926,-0.014869922772049904,0.44022616744041443,0.4765699505805969,-0.01979927159845829,0.4627126157283783,0.48158884048461914,-0.020218322053551674,0.47884562611579895,0.4889043867588043,-0.019762247800827026,0.4095321297645569,0.5320209860801697,-0.02313162200152874,0.43822914361953735,0.5086525678634644,-0.02584119141101837,0.455538809299469,0.503287672996521,-0.025157660245895386,0.47001853585243225,0.5006303191184998,-0.02416335791349411
0.3545823395252228,0.5595539212226868,1.146893353620726e-07,0.3714280426502228,0.5176124572753906,0.011500613763928413,0.3896179795265198,0.4925912320613861,0.013059116899967194,0.40771767497062683,0.48875632882118225,0.010821564123034477,0.4220169186592102,0.49360400438308716,0.00820411741733551,0.3923676908016205,0.4732714891433716,0.006465572863817215,0.4290327727794647,0.46247661113739014,0.0013757413253188133,0.44843000173568726,0.47324568033218384,-0.0013934657908976078,0.4610464572906494,0.4841577708721161,-0.0026322423946112394,0.39820000529289246,0.48334240913391113,-0.0032884282991290092,0.4360949695110321,0.46288126707077026,-0.007894963026046753,0.4552740454673767,0.47543442249298096,-0.009177455678582191,0.4668680429458618,0.48829272389411926,-0.009259133599698544,0.4039742946624756,0.5022022724151611,-0.012675723992288113,0.43947020173072815,0.4757406413555145,-0.016423022374510765,0.4607163965702057,0.4842773377895355,-0.015750035643577576,0.4752017855644226,0.493522971868515,-0.014647789299488068,0.41028738021850586,0.5304857492446899,-0.02137763798236847,0.43918049335479736,0.506526529788971,-0.02314058504998684,0.45657095313072205,0.5032853484153748,-0.021333158016204834,0.4703766703605652,0.5016587376594543,-0.019601469859480858
0.3525164723396301,0.5593840479850769,1.375942559889154e-07,0.37052488327026367,0.5197649598121643,0.012211332097649574,0.389137327671051,0.4962426722049713,0.013611337170004845,0.408155620098114,0.4938269555568695,0.011375419795513153,0.4229033887386322,0.5017541646957397,0.008440257050096989,0.3918829560279846,0.4745067358016968,0.005143537651747465,0.4299631118774414,0.4711570143699646,0.0004306742630433291,0.4492694139480591,0.48253029584884644,-0.0022507631219923496,0.46247419714927673,0.4947531521320343,-0.0036869384348392487,0.3976105749607086,0.48635029792785645,-0.004882480017840862,0.4379124641418457,0.46836385130882263,-0.009869652800261974,0.4579739272594452,0.48140257596969604,-0.011268255300819874,0.4704456329345703,0.4958434998989105,-0.011215551756322384,0.4023999273777008,0.5073455572128296,-0.01412314921617508,0.44013530015945435,0.4802563786506653,-0.0182055551558733,0.4612049460411072,0.49022477865219116,-0.017309309914708138,0.47549206018447876,0.500431478023529,-0.01585240289568901,0.40700700879096985,0.537449061870575,-0.022447871044278145,0.43660852313041687,0.5138155817985535,-0.024408970028162003,0.45354384183883667,0.5114997029304504,-0.022226987406611443,0.46708428859710693,0.5105264186859131,-0.02004338428378105
0.35057753324508667,0.5618492960929871,1.2757807610341843e-07,0.3688356280326843,0.520891010761261,0.01216370053589344,0.38724684715270996,0.4965740144252777,0.013662023469805717,0.40594810247421265,0.49423643946647644,0.011478396132588387,0.42010313272476196,0.5024537444114685,0.008609170094132423,0.3904218077659607,0.47495171427726746,0.004703714046627283,0.4287375509738922,0.47051626443862915,-0.0003731262404471636,0.44777587056159973,0.48304614424705505,-0.0029979282990098,0.46016794443130493,0.49700382351875305,-0.004235641565173864,0.3967360556125641,0.4877985119819641,-0.005333865061402321,0.4365587830543518,0.46666592359542847,-0.010958791710436344,0.456154465675354,0.47958916425704956,-0.01256558671593666,0.46761202812194824,0.49440568685531616,-0.012432273477315903,0.4016529619693756,0.5094673037528992,-0.014582403004169464,0.438747376203537,0.4803435206413269,-0.01913423091173172,0.4595780372619629,0.49068716168403625,-0.01850106567144394,0.47347205877304077,0.5014424920082092,-0.016985073685646057,0.40596646070480347,0.5399552583694458,-0.022893503308296204,0.43573132157325745,0.5151364803314209,-0.025248968973755836,0.453044593334198,0.5129271149635315,-0.023350277915596962,0.4670087993144989,0.512384295463562,-0.021187178790569305
0.3485405147075653,0.5655433535575867,1.1329741766985535e-07,0.3674392104148865,0.5243390798568726,0.012941792607307434,0.3854408264160156,0.4992503523826599,0.014612541534006596,0.40375253558158875,0.49574196338653564,0.012430336326360703,0.4173554480075836,0.5042421221733093,0.009589491412043571,0.38877370953559875,0.4769967496395111,0.005124588962644339,0.4270632863044739,0.47301265597343445,0.000499527552165091,0.44556623697280884,0.4861616790294647,-0.00138285499997437,0.4574214220046997,0.5009775757789612,-0.0021514492109417915,0.3952611982822418,0.4898102879524231,-0.005492703523486853,0.4354802966117859,0.4669678509235382,-0.011371036060154438,0.4545818865299225,0.47894951701164246,-0.01276493351906538,0.46563830971717834,0.49345988035202026,-0.012307103723287582,0.4004419147968292,0.5113595128059387,-0.0152226397767663,0.437885046005249,0.47983646392822266,-0.01982039213180542,0.4584003686904907,0.48963144421577454,-0.018930824473500252,0.4722554683685303,0.5001386404037476,-0.017154885455965996,0.4050704538822174,0.5419110059738159,-0.023953206837177277,0.4348295331001282,0.5154033303260803,-0.026228604838252068,0.45211631059646606,0.5119829177856445,-0.024223342537879944,0.4663168787956238,0.510563313961029,-0.021961206570267677
0.3473585546016693,0.5728007555007935,1.1257080956283971e-07,0.36177313327789307,0.5317585468292236,0.01196941826492548,0.3774888515472412,0.5038583874702454,0.013449729420244694,0.39097779989242554,0.49252936244010925,0.01121039129793644,0.40010687708854675,0.4916003346443176,0.008208985440433025,0.3895374834537506,0.48070377111434937,0.005286627449095249,0.42727649211883545,0.475231796503067,0.00031034136191010475,0.4468381106853485,0.48603394627571106,-0.0024029964115470648,0.4589250087738037,0.4973950982093811,-0.003517871955409646,0.39551016688346863,0.49216240644454956,-0.005050123203545809,0.43568336963653564,0.475139856338501,-0.009709908626973629,0.4557076394557953,0.48809561133384705,-0.010976823978126049,0.4672085642814636,0.5020897388458252,-0.010772732086479664,0.40087297558784485,0.5131121873855591,-0.01476723700761795,0.4380357265472412,0.48706406354904175,-0.01825619861483574,0.4587881863117218,0.49743473529815674,-0.017529485747218132,0.47277167439460754,0.5077837705612183,-0.016282830387353897,0.40570172667503357,0.5435848236083984,-0.02366776205599308,0.43536731600761414,0.5184558033943176,-0.02524462714791298,0.451663076877594,0.5170441269874573,-0.02287326008081436,0.4640614986419678,0.5177013278007507,-0.020480982959270477
0.3464236259460449,0.5693756341934204,1.2449903863398504e-07,0.3633681535720825,0.5277354717254639,0.012718136422336102,0.3803170621395111,0.5028013586997986,0.014170589856803417,0.39730775356292725,0.498335599899292,0.011600649915635586,0.4104324281215668,0.5041900873184204,0.008162925951182842,0.3872932195663452,0.480916291475296,0.005758592393249273,0.425843209028244,0.47443902492523193,0.0003340594994369894,0.4450667202472687,0.4865977466106415,-0.0025391436647623777,0.4572310447692871,0.500487744808197,-0.0037729330360889435,0.39386001229286194,0.49164023995399475,-0.004843364004045725,0.43411916494369507,0.46996793150901794,-0.010360181331634521,0.45378389954566956,0.4827170670032501,-0.011881847865879536,0.46527212858200073,0.4980333745479584,-0.011649835854768753,0.39923298358917236,0.5121074318885803,-0.01476858276873827,0.43666914105415344,0.4826916754245758,-0.019099269062280655,0.45763421058654785,0.49246928095817566,-0.018406443297863007,0.4719710052013397,0.5029509663581848,-0.016826773062348366,0.40413767099380493,0.5425941348075867,-0.02377263829112053,0.4344540238380432,0.5155236721038818,-0.025820042937994003,0.4509810209274292,0.5134621858596802,-0.023381711915135384,0.46410584449768066,0.5138768553733826,-0.020731057971715927
0.34718793630599976,0.5682531595230103,1.1468301863715169e-07,0.36365893483161926,0.5282230973243713,0.011196965351700783,0.38097646832466125,0.5021116733551025,0.01231323555111885,0.3981788158416748,0.49620521068573,0.009735864587128162,0.41112178564071655,0.49994325637817383,0.006523664575070143,0.3877806067466736,0.47963982820510864,0.003461898537352681,0.42633771896362305,0.469781756401062,-0.0028048097155988216,0.4455833435058594,0.48230573534965515,-0.00599470641463995,0.4576636254787445,0.49545589089393616,-0.007355134468525648,0.3931801915168762,0.4894528388977051,-0.006459686905145645,0.4333115816116333,0.4673704206943512,-0.012739663012325764,0.45269662141799927,0.4811895787715912,-0.014511710964143276,0.4635969400405884,0.49706149101257324,-0.01449648104608059,0.3981904685497284,0.5096226334571838,-0.015839004889130592,0.43520116806030273,0.480180025100708,-0.02086080238223076,0.45641523599624634,0.490752637386322,-0.020721135661005974,0.470811665058136,0.5024142861366272,-0.019574107602238655,0.40335893630981445,0.5397766828536987,-0.024422060698270798,0.43332886695861816,0.5135737061500549,-0.027319347485899925,0.45039647817611694,0.5111461281776428,-0.025914441794157028,0.46408507227897644,0.5114367604255676,-0.02410227246582508
0.34726545214653015,0.5676745176315308,1.147511241583743e-07,0.3630271255970001,0.5275064706802368,0.011732188053429127,0.3810036778450012,0.5000386238098145,0.013113411143422127,0.39887940883636475,0.49328118562698364,0.010805198922753334,0.4118915796279907,0.4959113299846649,0.00783609226346016,0.3874388635158539,0.47848600149154663,0.0030918193515390158,0.42624467611312866,0.4675811529159546,-0.0027750665321946144,0.4454168677330017,0.48043930530548096,-0.005580728407949209,0.4577079117298126,0.4933481514453888,-0.006742658093571663,0.3926011919975281,0.4885088801383972,-0.006900289561599493,0.4332149922847748,0.4660917818546295,-0.012780318967998028,0.45274654030799866,0.48080623149871826,-0.014113219454884529,0.4638281464576721,0.49680984020233154,-0.013904089108109474,0.39740821719169617,0.5086761713027954,-0.016186291351914406,0.43498694896698,0.4795333445072174,-0.020817140117287636,0.4561590254306793,0.49150022864341736,-0.020270109176635742,0.47021397948265076,0.504104733467102,-0.019012371078133583,0.40228384733200073,0.5382739901542664,-0.024624185636639595,0.4323650598526001,0.5128595232963562,-0.027163397520780563,0.44947779178619385,0.5117186903953552,-0.025530138984322548,0.46285393834114075,0.5129056572914124,-0.023697879165410995
0.34544309973716736,0.5693833827972412,1.1351062312314752e-07,0.36237451434135437,0.5295197367668152,0.010972786694765091,0.3822028338909149,0.5029950737953186,0.012315159663558006,0.4010448455810547,0.4983665943145752,0.010067913681268692,0.41523003578186035,0.502296507358551,0.007409634999930859,0.38737720251083374,0.4800775349140167,0.00481448182836175,0.425834983587265,0.47150635719299316,-0.0006897434359416366,0.4453825354576111,0.4831908345222473,-0.003795283380895853,0.45775625109672546,0.4946395754814148,-0.005186907481402159,0.39274969696998596,0.49048492312431335,-0.004796807188540697,0.43303182721138,0.47196027636528015,-0.009710827842354774,0.4527495503425598,0.486415833234787,-0.011223714798688889,0.46415820717811584,0.5008828043937683,-0.01135743036866188,0.3977939188480377,0.5102434158325195,-0.013914978131651878,0.434988409280777,0.48447883129119873,-0.017668258398771286,0.4563358426094055,0.4954752027988434,-0.01699409820139408,0.47039318084716797,0.5071304440498352,-0.01587073504924774,0.4031449258327484,0.5394987463951111,-0.022367538884282112,0.4323909878730774,0.5149482488632202,-0.02380506321787834,0.4494379460811615,0.5136227011680603,-0.021511565893888474,0.46237942576408386,0.5146743059158325,-0.019406188279390335
0.34442612528800964,0.5736801028251648,1.0672359707086798e-07,0.3620949685573578,0.5338621735572815,0.012189003638923168,0.3816366195678711,0.507259726524353,0.014392982237040997,0.4002687931060791,0.5021054744720459,0.012652745470404625,0.41429728269577026,0.505501389503479,0.01048246119171381,0.38617369532585144,0.48336851596832275,0.007722033187747002,0.42416518926620483,0.47462406754493713,0.0029421451035887003,0.4441036283969879,0.4856674075126648,0.0002954374358523637,0.4567321538925171,0.49705126881599426,-0.000802219903562218,0.39185523986816406,0.49278756976127625,-0.0023412120062857866,0.4315137267112732,0.4738143980503082,-0.006462781690061092,0.45090585947036743,0.4874127507209778,-0.007584255654364824,0.46235203742980957,0.5011486411094666,-0.007455040235072374,0.39740288257598877,0.5118095278739929,-0.011996684595942497,0.4338698983192444,0.4863645136356354,-0.015111885964870453,0.454996258020401,0.4963487684726715,-0.014295465312898159,0.4689311981201172,0.507339358329773,-0.013069337233901024,0.40326687693595886,0.5406370759010315,-0.020961957052350044,0.4324781000614166,0.5145645141601562,-0.021995218470692635,0.4494333565235138,0.5134689807891846,-0.01960080675780773,0.4624398350715637,0.5154536366462708,-0.017375273630023003
0.34535878896713257,0.5787509679794312,1.3218810579473939e-07,0.362865686416626,0.5390474796295166,0.010818121023476124,0.3824382424354553,0.5107336044311523,0.012016613967716694,0.4012409448623657,0.5034106969833374,0.009427622891962528,0.4158424735069275,0.5049040913581848,0.006500569637864828,0.38588112592697144,0.48622041940689087,0.005661957431584597,0.4239611327648163,0.4764118492603302,-8.768170687289967e-07,0.4449387490749359,0.48680874705314636,-0.0030690578278154135,0.45861324667930603,0.49785345792770386,-0.004356403835117817,0.3907179832458496,0.49430298805236816,-0.004139273893088102,0.4313802123069763,0.4753701388835907,-0.009234233759343624,0.4521738290786743,0.4889000654220581,-0.010696155950427055,0.46469178795814514,0.5029417872428894,-0.010660513304173946,0.3961656391620636,0.5123189091682434,-0.013634271919727325,0.43369200825691223,0.48650306463241577,-0.017395254224538803,0.45598095655441284,0.4965203106403351,-0.016999512910842896,0.47053325176239014,0.5078378915786743,-0.015941577032208443,0.4023978114128113,0.5399901270866394,-0.022565582767128944,0.4321589469909668,0.5133569240570068,-0.024107083678245544,0.44985905289649963,0.5120840072631836,-0.022267870604991913,0.463248610496521,0.5149093866348267,-0.020392175763845444
0.3457578718662262,0.5842491388320923,1.4147133242659038e-07,0.3633061945438385,0.5423523187637329,0.011564959771931171,0.3834286332130432,0.513049840927124,0.013544989749789238,0.4018397331237793,0.5038917660713196,0.011628863401710987,0.4163059890270233,0.5047804117202759,0.009266845881938934,0.386320561170578,0.4884624481201172,0.008899122476577759,0.42301124334335327,0.4811033606529236,0.004239135421812534,0.44481709599494934,0.48910245299339294,0.0009464689646847546,0.45987769961357117,0.4979110658168793,-0.0008158225100487471,0.3909982144832611,0.4957731366157532,-0.0012228501727804542,0.4306216239929199,0.4810033142566681,-0.005432495381683111,0.45274102687835693,0.491507887840271,-0.00751431193202734,0.46702882647514343,0.5033073425292969,-0.008207133039832115,0.39622730016708374,0.5132396817207336,-0.011087450198829174,0.43261346220970154,0.49085015058517456,-0.014256819151341915,0.4551149010658264,0.49858295917510986,-0.014323899522423744,0.47040069103240967,0.5077113509178162,-0.0137650016695261,0.40241900086402893,0.5408838391304016,-0.020362840965390205,0.4314427077770233,0.5150700807571411,-0.021069267764687538,0.4488818049430847,0.513080894947052,-0.0189292561262846,0.46216297149658203,0.515221893787384,-0.017055384814739227
0.34665369987487793,0.5885971784591675,1.3677180277227308e-07,0.3636169135570526,0.545853853225708,0.013265479356050491,0.38316023349761963,0.5156528949737549,0.015858594328165054,0.4014606773853302,0.5060896873474121,0.014193501323461533,0.4166070818901062,0.5079950094223022,0.011930825188755989,0.38550636172294617,0.4912016987800598,0.010609794408082962,0.42203450202941895,0.48382535576820374,0.006947019603103399,0.4432547688484192,0.4915165901184082,0.004223656374961138,0.45811253786087036,0.5004212856292725,0.0026973329950124025,0.39055657386779785,0.49830684065818787,-0.0003229173016734421,0.42982950806617737,0.4837247133255005,-0.0034992345608770847,0.4515436887741089,0.4936954975128174,-0.005230185575783253,0.46554338932037354,0.5057961344718933,-0.005865643732249737,0.39619147777557373,0.5156353116035461,-0.010838322341442108,0.43226444721221924,0.4933880865573883,-0.012871217913925648,0.4543406665325165,0.5008844137191772,-0.01270821038633585,0.4692270755767822,0.5095633268356323,-0.012329603545367718,0.4028218984603882,0.5427329540252686,-0.02065337263047695,0.43154147267341614,0.5163446664810181,-0.020526595413684845,0.44855692982673645,0.5144447088241577,-0.01804608479142189,0.46133193373680115,0.5164992213249207,-0.016129443421959877
0.34927719831466675,0.5901712775230408,1.4506431966765376e-07,0.36364611983299255,0.5476475954055786,0.010674972087144852,0.3819277584552765,0.5163219571113586,0.012424199841916561,0.3992438316345215,0.5049232244491577,0.010344045236706734,0.41383543610572815,0.5035339593887329,0.008005045354366302,0.3845212161540985,0.49467921257019043,0.009072265587747097,0.4192637801170349,0.48179394006729126,0.004328422248363495,0.44072604179382324,0.4889170229434967,0.0009970474056899548,0.45588916540145874,0.4976351261138916,-0.000764422700740397,0.3895513713359833,0.5008217096328735,-0.0004607896553352475,0.4269382655620575,0.4809598922729492,-0.004752492997795343,0.4487804174423218,0.4908433258533478,-0.006897615734487772,0.46316981315612793,0.5030195116996765,-0.007679960690438747,0.3955230116844177,0.5162742137908936,-0.009899308905005455,0.4298911690711975,0.4905294179916382,-0.01289330143481493,0.4521942138671875,0.4974254071712494,-0.013268431648612022,0.467602014541626,0.5063367486000061,-0.013112339191138744,0.4029983878135681,0.5406202077865601,-0.018885931000113487,0.4298146367073059,0.513522744178772,-0.019503599032759666,0.4464316666126251,0.5109847187995911,-0.017880158498883247,0.45937347412109375,0.5129514336585999,-0.016538552939891815
0.35154446959495544,0.5922940373420715,1.4091547484440525e-07,0.365896075963974,0.549178957939148,0.013852745294570923,0.38330110907554626,0.5174513459205627,0.016385765746235847,0.4008481800556183,0.5051680207252502,0.014478446915745735,0.4162214994430542,0.5038583874702454,0.012029403820633888,0.38395553827285767,0.494004487991333,0.010618563741445541,0.4198295772075653,0.4818313419818878,0.006799293216317892,0.4411028027534485,0.4896334707736969,0.0040512108244001865,0.45615679025650024,0.49912598729133606,0.0025946018286049366,0.388374000787735,0.5001823306083679,-0.0005028488812968135,0.42668989300727844,0.48180150985717773,-0.0039467401802539825,0.4489111304283142,0.492323100566864,-0.00555082643404603,0.4633510112762451,0.5055158138275146,-0.0061338203959167,0.3941843509674072,0.5159410238265991,-0.011167624033987522,0.4298906624317169,0.4915846884250641,-0.013085688464343548,0.4523422420024872,0.4993056356906891,-0.012745119631290436,0.46694597601890564,0.5091524124145508,-0.012384995818138123,0.402329683303833,0.540473997592926,-0.021111581474542618,0.4303312301635742,0.5128613114356995,-0.02078584022819996,0.4470461905002594,0.5113397836685181,-0.01834183745086193,0.4591044485569,0.5143124461174011,-0.016572734341025352
0.35277754068374634,0.5944271683692932,1.3053536918050668e-07,0.366534024477005,0.5498282313346863,0.014006061479449272,0.38449394702911377,0.517533004283905,0.016571776941418648,0.4019700288772583,0.5061609148979187,0.014698000624775887,0.41733068227767944,0.5048521757125854,0.012238429859280586,0.3845444619655609,0.4945381283760071,0.009888922795653343,0.4202764928340912,0.4804233908653259,0.00634915241971612,0.440992534160614,0.48904919624328613,0.003952547442167997,0.4553643465042114,0.5002501606941223,0.002756909467279911,0.389106810092926,0.5007862448692322,-0.0012547705555334687,0.4269894063472748,0.48046860098838806,-0.004324533045291901,0.448645681142807,0.492165744304657,-0.005800069775432348,0.46178898215293884,0.5076334476470947,-0.006321744993329048,0.39526885747909546,0.5164703130722046,-0.011785163544118404,0.430691123008728,0.4904588460922241,-0.013243740424513817,0.45286768674850464,0.4999120235443115,-0.012942792847752571,0.46653398871421814,0.5122895836830139,-0.012675145640969276,0.4039694666862488,0.5404185652732849,-0.021544190123677254,0.431823194026947,0.5115866661071777,-0.021040387451648712,0.4485584497451782,0.5121347904205322,-0.01857450045645237,0.46000638604164124,0.5180069804191589,-0.016749847680330276
0.35503098368644714,0.601943850517273,1.0522217763764274e-07,0.366303414106369,0.5573194622993469,0.012350172735750675,0.3825095593929291,0.52304607629776,0.014559132046997547,0.39878228306770325,0.5104870200157166,0.012446379289031029,0.4133407473564148,0.50893235206604,0.009742905385792255,0.38370704650878906,0.49983781576156616,0.00937614869326353,0.41724079847335815,0.4807409346103668,0.005085178185254335,0.43744975328445435,0.48918643593788147,0.002114617032930255,0.45067358016967773,0.5019564628601074,0.0007300646975636482,0.3895247280597687,0.5055369734764099,-0.0009155934676527977,0.42483073472976685,0.4796142876148224,-0.004375769756734371,0.4453049898147583,0.4910469651222229,-0.006452010944485664,0.45732590556144714,0.5075780749320984,-0.007197071332484484,0.39698612689971924,0.5204769372940063,-0.01077116746455431,0.4290318489074707,0.4894551932811737,-0.012471652589738369,0.44979050755500793,0.4990513324737549,-0.012548791244626045,0.462563157081604,0.5132827162742615,-0.012329471297562122,0.4064643085002899,0.5431406497955322,-0.0200399998575449,0.43166816234588623,0.5105788707733154,-0.019709501415491104,0.44754329323768616,0.510520875453949,-0.01734703965485096,0.45869535207748413,0.5174328684806824,-0.015412180684506893
0.3576752245426178,0.6116432547569275,7.782658428823197e-08,0.36706066131591797,0.5639426708221436,0.014886700548231602,0.3818247318267822,0.5297945141792297,0.01755506731569767,0.396935373544693,0.515573263168335,0.015433760359883308,0.41078704595565796,0.5110005140304565,0.01266267616301775,0.3830793797969818,0.5058925151824951,0.009949383325874805,0.41533565521240234,0.4802887439727783,0.006097965408116579,0.43484997749328613,0.4881057143211365,0.0040489076636731625,0.44721779227256775,0.5021897554397583,0.0035467396955937147,0.3895605504512787,0.5108017921447754,-0.0014980736887082458,0.4224407374858856,0.4789089262485504,-0.004186500329524279,0.4423356354236603,0.48926302790641785,-0.004865167662501335,0.45353013277053833,0.5056671500205994,-0.004534697625786066,0.3976286053657532,0.5253440141677856,-0.012215382419526577,0.427152156829834,0.4892941415309906,-0.01303765457123518,0.4471445679664612,0.49847280979156494,-0.011366454884409904,0.4591257572174072,0.513580858707428,-0.00994935818016529,0.40769538283348083,0.5482223033905029,-0.022148497402668,0.4314647316932678,0.5120431184768677,-0.02108408510684967,0.4471959173679352,0.5112448334693909,-0.017445649951696396,0.4579455554485321,0.5186994075775146,-0.014430232346057892
0.3607400357723236,0.6200500726699829,6.667684004924013e-08,0.36910876631736755,0.5709259510040283,0.014708527363836765,0.3834710717201233,0.5346462726593018,0.017411431297659874,0.3977941870689392,0.5190904140472412,0.015264494344592094,0.41194990277290344,0.5132908225059509,0.012547802180051804,0.3849721848964691,0.510669469833374,0.01073087565600872,0.4143593907356262,0.47825145721435547,0.007048115134239197,0.4329845607280731,0.4836057424545288,0.005162324756383896,0.44497811794281006,0.4962899684906006,0.004778946749866009,0.3910662531852722,0.51596599817276,-0.0008087418973445892,0.42178136110305786,0.4823450446128845,-0.003344132797792554,0.44089245796203613,0.4901047945022583,-0.004148343577980995,0.4518926441669464,0.5050698518753052,-0.0038092914037406445,0.398762047290802,0.5310342907905579,-0.011709388345479965,0.42642903327941895,0.49289143085479736,-0.01227650512009859,0.44513267278671265,0.4979999363422394,-0.010468507185578346,0.45679160952568054,0.5107110738754272,-0.008912021294236183,0.40867528319358826,0.5534354448318481,-0.02192721888422966,0.43028900027275085,0.5171113610267639,-0.02117079310119152,0.4454422891139984,0.511790931224823,-0.018004709854722023,0.4566243886947632,0.5156636238098145,-0.01516382209956646
0.36315494775772095,0.6238625645637512,5.6307449369796814e-08,0.37094083428382874,0.5750995874404907,0.015513126738369465,0.3847988545894623,0.5385642051696777,0.01828450709581375,0.39916929602622986,0.5220228433609009,0.01632108725607395,0.41363605856895447,0.5136449337005615,0.013767811469733715,0.3862360119819641,0.5170503854751587,0.008409840986132622,0.4148726761341095,0.47982823848724365,0.004599142353981733,0.43290090560913086,0.48666563630104065,0.0033999395091086626,0.44451630115509033,0.5003265738487244,0.0036507819313555956,0.3921673893928528,0.521524965763092,-0.0034821678418666124,0.4225166440010071,0.47802042961120605,-0.006623465567827225,0.4417523145675659,0.48554500937461853,-0.006701532285660505,0.45211222767829895,0.5021478533744812,-0.005516259465366602,0.40005868673324585,0.5367908477783203,-0.014466709457337856,0.427552193403244,0.49284273386001587,-0.015574313700199127,0.44710585474967957,0.5001610517501831,-0.013128969818353653,0.45850786566734314,0.5143635869026184,-0.01101564522832632,0.4099394679069519,0.5594304800033569,-0.024564845487475395,0.4304560422897339,0.5198735594749451,-0.024629270657896996,0.4448792636394501,0.5127152800559998,-0.021709226071834564,0.4554341733455658,0.5143362879753113,-0.019010886549949646
0.3641948401927948,0.6285238265991211,7.973144811046495e-09,0.3716807961463928,0.5816953778266907,0.016442932188510895,0.38517478108406067,0.5447911024093628,0.019953923299908638,0.3990809917449951,0.5282982587814331,0.01857122965157032,0.41327014565467834,0.520518958568573,0.016583319753408432,0.3862140476703644,0.5221360325813293,0.007533011958003044,0.41346701979637146,0.4769168496131897,0.0026342645287513733,0.4320460557937622,0.484762966632843,0.0017999578267335892,0.4429328739643097,0.5002331137657166,0.0027968815993517637,0.392780065536499,0.5247197151184082,-0.004791331477463245,0.42192062735557556,0.4697168171405792,-0.00924744363874197,0.44002804160118103,0.4819778501987457,-0.008217976428568363,0.4480231702327728,0.5023077726364136,-0.005351560190320015,0.4014555811882019,0.5393383502960205,-0.016151180490851402,0.4282188415527344,0.4925858974456787,-0.01925714872777462,0.44603389501571655,0.5063328146934509,-0.015188177116215229,0.4551757574081421,0.5242902040481567,-0.010939952917397022,0.41206422448158264,0.5610893368721008,-0.026457129046320915,0.43145233392715454,0.5206440091133118,-0.0293013583868742,0.4465537369251251,0.5127539038658142,-0.02686397172510624,0.45798584818840027,0.5120205879211426,-0.023708263412117958
0.36365246772766113,0.6366140246391296,-1.2975482910349001e-08,0.3713160753250122,0.5874619483947754,0.018724601715803146,0.3842170536518097,0.5498607158660889,0.023729225620627403,0.3971012234687805,0.5326701402664185,0.023148639127612114,0.41037705540657043,0.5244724750518799,0.02179272472858429,0.3854648172855377,0.5248392820358276,0.013304986990988255,0.41010308265686035,0.47875896096229553,0.00998717825859785,0.4286039173603058,0.4836447238922119,0.009415562264621258,0.44056129455566406,0.49659138917922974,0.01025903970003128,0.392625629901886,0.5264304876327515,-0.00019570672884583473,0.4189649522304535,0.4695078730583191,-0.003397465217858553,0.4374760091304779,0.47807368636131287,-0.0030324209947139025,0.4468736946582794,0.4972306787967682,-0.0010419756872579455,0.40158626437187195,0.5395615100860596,-0.012821436859667301,0.4268808364868164,0.49336543679237366,-0.014913034625351429,0.4453399181365967,0.5045439600944519,-0.012331979349255562,0.45598292350769043,0.5204496383666992,-0.00952879711985588,0.4123570919036865,0.5598700642585754,-0.024265339598059654,0.43144553899765015,0.5198832750320435,-0.025573894381523132,0.44608551263809204,0.5112552642822266,-0.023128191009163857,0.457078218460083,0.5095152854919434,-0.020484890788793564
0.3647402822971344,0.6398814916610718,-1.1875653349591175e-08,0.3714367747306824,0.5881009101867676,0.02008029632270336,0.3834744989871979,0.5507344007492065,0.025460436940193176,0.39600202441215515,0.5335773229598999,0.025107577443122864,0.4094998240470886,0.5252782106399536,0.02390206605195999,0.38479048013687134,0.525981605052948,0.014678562059998512,0.4093523919582367,0.47996023297309875,0.012206410057842731,0.4273827373981476,0.4846750497817993,0.012245002202689648,0.43889331817626953,0.4970083236694336,0.01348736323416233,0.39176565408706665,0.5276488065719604,0.0008143910090439022,0.4187409579753876,0.469135582447052,-0.0017719842726364732,0.43704357743263245,0.4788621962070465,-0.0008058492676354945,0.4463365077972412,0.49842530488967896,0.0017687944928184152,0.4007091522216797,0.5411908626556396,-0.011991934850811958,0.42609408497810364,0.4925704896450043,-0.013240854255855083,0.44460293650627136,0.5030141472816467,-0.009652609936892986,0.4553890526294708,0.5179507732391357,-0.006164342164993286,0.4115068316459656,0.5625201463699341,-0.023484861478209496,0.43059277534484863,0.5205880999565125,-0.023591047152876854,0.444880872964859,0.5118577480316162,-0.019849145784974098,0.45545271039009094,0.5097941160202026,-0.016266068443655968
0.3646826148033142,0.6432503461837769,-1.4197133246796056e-08,0.37053388357162476,0.5897356867790222,0.019893385469913483,0.38256821036338806,0.5520427823066711,0.025343697518110275,0.3953164219856262,0.534159243106842,0.02503160759806633,0.4093937277793884,0.5252447724342346,0.023883188143372536,0.38293230533599854,0.5284067988395691,0.014903802424669266,0.40860888361930847,0.4836582541465759,0.01212030928581953,0.42704957723617554,0.4881947934627533,0.012030442245304585,0.4390725791454315,0.49903395771980286,0.013103360310196877,0.38961702585220337,0.5286378264427185,0.0010117018828168511,0.4184906482696533,0.4706958830356598,-0.00260824803262949,0.4374252259731293,0.4840262532234192,-0.0019347022753208876,0.44736164808273315,0.5050938725471497,0.0007366448407992721,0.3989178240299225,0.5414289236068726,-0.011879920959472656,0.42529186606407166,0.49014437198638916,-0.014662904664874077,0.4448328912258148,0.5034084916114807,-0.011586908251047134,0.456576406955719,0.520711362361908,-0.007965502329170704,0.41073179244995117,0.5624579787254333,-0.02339721843600273,0.4306345582008362,0.519170343875885,-0.02481430023908615,0.44589662551879883,0.5121598243713379,-0.0217302069067955,0.45738282799720764,0.5116130709648132,-0.018442677333950996
0.36701905727386475,0.6470829248428345,-5.9334972490887594e-09,0.37108707427978516,0.5923635363578796,0.019755376502871513,0.38146325945854187,0.5506632328033447,0.024911800399422646,0.39403852820396423,0.5293760895729065,0.024353012442588806,0.407900333404541,0.518058180809021,0.02316436544060707,0.38229885697364807,0.5238120555877686,0.015170283615589142,0.40869399905204773,0.4802067279815674,0.012547595426440239,0.426591157913208,0.4858717918395996,0.012106670066714287,0.4381740093231201,0.497509628534317,0.01278370525687933,0.3890456259250641,0.5275905728340149,0.0013194954954087734,0.41794413328170776,0.4755670428276062,-0.0020162540022283792,0.43741029500961304,0.48569485545158386,-0.0017803740920498967,0.44863805174827576,0.5038585662841797,0.00022328853083308786,0.398419588804245,0.5418857932090759,-0.011605455540120602,0.42471060156822205,0.4912252426147461,-0.013733441941440105,0.4451292157173157,0.4987340569496155,-0.010785483755171299,0.458180695772171,0.5133258700370789,-0.00763494661077857,0.41073665022850037,0.5640403628349304,-0.02326776087284088,0.4300953447818756,0.5206195712089539,-0.023965654894709587,0.44486692547798157,0.5118982791900635,-0.02078144997358322,0.4564553499221802,0.511818528175354,-0.017559634521603584
0.367451012134552,0.6455828547477722,-1.4773844370097322e-08,0.3711629807949066,0.592441201210022,0.022638557478785515,0.3808700442314148,0.5495746731758118,0.02863909862935543,0.3931373357772827,0.5280988216400146,0.028142418712377548,0.40742114186286926,0.5163268446922302,0.02658458612859249,0.38127273321151733,0.5215077996253967,0.01756003499031067,0.408704936504364,0.4803004562854767,0.016415534541010857,0.42611613869667053,0.48531538248062134,0.01712849549949169,0.4363488554954529,0.49739500880241394,0.018405739217996597,0.3872130513191223,0.5242752432823181,0.0021602411288768053,0.4175764322280884,0.47427284717559814,0.0003205496468581259,0.43648064136505127,0.48575559258461,0.001432382152415812,0.4455416202545166,0.5065708160400391,0.003811950795352459,0.3966469168663025,0.538017749786377,-0.01202291902154684,0.423900842666626,0.48656603693962097,-0.013120987452566624,0.4435051381587982,0.49670448899269104,-0.009541579522192478,0.45420706272125244,0.5138396620750427,-0.006179578602313995,0.4091038405895233,0.559535562992096,-0.024672692641615868,0.42953574657440186,0.516009509563446,-0.025136804208159447,0.4447309970855713,0.5103775858879089,-0.02166173607110977,0.455364853143692,0.5143555402755737,-0.018267128616571426
0.3687002658843994,0.6437008380889893,1.8813503643855256e-08,0.3712396025657654,0.5888286828994751,0.02003813534975052,0.3805476129055023,0.5445376634597778,0.024704979732632637,0.39313647150993347,0.5246001482009888,0.023530730977654457,0.40786460041999817,0.5155059695243835,0.021299557760357857,0.38110047578811646,0.5171546936035156,0.014321650378406048,0.40638208389282227,0.47449803352355957,0.012491815723478794,0.42433884739875793,0.47428637742996216,0.012371540069580078,0.4358665645122528,0.48403501510620117,0.013196003623306751,0.3877270519733429,0.5211707949638367,0.00041291152592748404,0.4168154299259186,0.4778580963611603,-0.0005960629205219448,0.4357181191444397,0.484262615442276,0.00014051486505195498,0.44542229175567627,0.5017545223236084,0.0017636962002143264,0.39734309911727905,0.5357999801635742,-0.012331177480518818,0.4230966567993164,0.48992621898651123,-0.01197949517518282,0.44163841009140015,0.49348294734954834,-0.008897521533071995,0.4523994028568268,0.5067954659461975,-0.006360742729157209,0.40931928157806396,0.5570273995399475,-0.023811230435967445,0.42831793427467346,0.5149731636047363,-0.02279953472316265,0.44253605604171753,0.5072236061096191,-0.019001055508852005,0.45286524295806885,0.5101303458213806,-0.015489195473492146
0.3667171597480774,0.6388569474220276,3.147398786040867e-08,0.373360276222229,0.5860084891319275,0.019307810813188553,0.38462966680526733,0.543657124042511,0.02351856417953968,0.39848142862319946,0.5263579487800598,0.02186337113380432,0.4129791557788849,0.5189099907875061,0.01908477209508419,0.3835371732711792,0.5144069790840149,0.013619820587337017,0.41107243299484253,0.47670263051986694,0.010522359982132912,0.42941391468048096,0.4784749150276184,0.009290147572755814,0.4406605362892151,0.49030452966690063,0.009697234258055687,0.3893517255783081,0.5205507278442383,-0.00036083837039768696,0.4200391173362732,0.48082801699638367,-0.001969569828361273,0.43943098187446594,0.4862190783023834,-0.0017330384580418468,0.4486393630504608,0.5035940408706665,-0.00030588102526962757,0.39799195528030396,0.5367569327354431,-0.0133104482665658,0.4254811108112335,0.49368706345558167,-0.013497081585228443,0.4445513188838959,0.49799907207489014,-0.010459867306053638,0.454283207654953,0.5124037861824036,-0.007558107376098633,0.4092092216014862,0.5585160851478577,-0.025095259770751,0.428516685962677,0.5166880488395691,-0.024513153359293938,0.4429594874382019,0.5100736618041992,-0.020493268966674805,0.4527313709259033,0.5146209001541138,-0.016493072733283043
0.36663368344306946,0.6371214389801025,4.3359772661233364e-08,0.3729114830493927,0.5843320488929749,0.01853478141129017,0.38413432240486145,0.5424028635025024,0.021698927506804466,0.3985990285873413,0.5241272449493408,0.019009673967957497,0.41310805082321167,0.5164327621459961,0.015194377861917019,0.3834913372993469,0.5137271285057068,0.011561407707631588,0.4138404130935669,0.47686246037483215,0.0071869161911308765,0.43291497230529785,0.48250535130500793,0.005164564587175846,0.44393280148506165,0.49794670939445496,0.005231549497693777,0.38913777470588684,0.519980788230896,-0.002503554802387953,0.4221881330013275,0.4809451103210449,-0.005376446060836315,0.442181259393692,0.49026960134506226,-0.005517503712326288,0.45077186822891235,0.5104390382766724,-0.004197585862129927,0.3974382281303406,0.5359659790992737,-0.015582439489662647,0.42687463760375977,0.4928213357925415,-0.01655096746981144,0.44665324687957764,0.5008434653282166,-0.013447938486933708,0.45596984028816223,0.5185174345970154,-0.010372764430940151,0.40848758816719055,0.5578400492668152,-0.02757309190928936,0.4295785129070282,0.5152180790901184,-0.02753637172281742,0.4446452856063843,0.5110799670219421,-0.023516055196523666,0.45396333932876587,0.5188202857971191,-0.019434696063399315
0.36444368958473206,0.6314361095428467,5.213276565996239e-08,0.3710326850414276,0.578350841999054,0.016587816178798676,0.3826337456703186,0.5357592105865479,0.019373850896954536,0.397268146276474,0.5174193978309631,0.01698548160493374,0.4116532802581787,0.5092279314994812,0.013532578013837337,0.3832318186759949,0.5093478560447693,0.008683137595653534,0.4132032096385956,0.4716064929962158,0.0038341530598700047,0.4322885274887085,0.4779690206050873,0.00185828295070678,0.44372403621673584,0.4927159547805786,0.0019450426334515214,0.3890189230442047,0.5170528888702393,-0.004156192298978567,0.4218686521053314,0.4776047468185425,-0.007649811916053295,0.4416998326778412,0.4852941334247589,-0.007883154787123203,0.4510854482650757,0.5034997463226318,-0.006495331879705191,0.39719364047050476,0.534860372543335,-0.016057971864938736,0.4259352684020996,0.49146151542663574,-0.01783614233136177,0.44519150257110596,0.4962201416492462,-0.015131944790482521,0.45526981353759766,0.5100031495094299,-0.012175186537206173,0.4078225791454315,0.5585582256317139,-0.02690598927438259,0.4275273382663727,0.5149644017219543,-0.027876239269971848,0.4413025677204132,0.5077326893806458,-0.024477390572428703,0.4506608247756958,0.5115305185317993,-0.02062591165304184
0.3651038408279419,0.6298441886901855,4.7054832919002365e-08,0.37194690108299255,0.5778642892837524,0.017986735329031944,0.38352516293525696,0.5348717570304871,0.021230915561318398,0.3981095552444458,0.5163758397102356,0.018964074552059174,0.41265004873275757,0.5073171257972717,0.015364243648946285,0.3841399550437927,0.507313072681427,0.009242854081094265,0.4147171378135681,0.46986737847328186,0.0045425500720739365,0.4342460036277771,0.4758228361606598,0.0027932715602219105,0.44581177830696106,0.4915465712547302,0.0030669369734823704,0.3898082673549652,0.515893280506134,-0.004543259274214506,0.424005389213562,0.47856220602989197,-0.008759235963225365,0.44454342126846313,0.4885643422603607,-0.009449020959436893,0.4538087844848633,0.509310781955719,-0.008226034231483936,0.3975917398929596,0.5337091684341431,-0.01722901500761509,0.4271604120731354,0.49137866497039795,-0.019527625292539597,0.4472634196281433,0.498673677444458,-0.017278490588068962,0.4575577974319458,0.515076756477356,-0.014604329131543636,0.4075411558151245,0.5564291477203369,-0.028704145923256874,0.42773863673210144,0.513547956943512,-0.030101297423243523,0.4421200752258301,0.5074358582496643,-0.02707790583372116,0.4516144394874573,0.5128931403160095,-0.023543156683444977
0.3643309473991394,0.62862229347229,5.088014987109091e-08,0.37175869941711426,0.5755075216293335,0.01741262711584568,0.3837670385837555,0.5346163511276245,0.02048981375992298,0.39838752150535583,0.5173419117927551,0.018166033551096916,0.41305357217788696,0.5083538293838501,0.014772631227970123,0.384619802236557,0.5064632296562195,0.00936092808842659,0.41643446683883667,0.47154155373573303,0.003975586965680122,0.4362761974334717,0.48043525218963623,0.0013529447605833411,0.4480527639389038,0.4968925714492798,0.0009983975905925035,0.3907483220100403,0.5154159069061279,-0.004206787329167128,0.424758642911911,0.47771409153938293,-0.009568893350660801,0.4459492266178131,0.488862544298172,-0.011426185257732868,0.45601198077201843,0.5098624229431152,-0.010906320065259933,0.39852938055992126,0.5331891179084778,-0.016695985570549965,0.42784038186073303,0.49067652225494385,-0.019754858687520027,0.44825130701065063,0.4986768960952759,-0.0179187823086977,0.459095299243927,0.5146045684814453,-0.015284582041203976,0.4083234965801239,0.5569765567779541,-0.028019199147820473,0.42889168858528137,0.5148366689682007,-0.02892003394663334,0.4434297978878021,0.5090683698654175,-0.02531217411160469,0.4529563784599304,0.5142439007759094,-0.021409887820482254
0.3615121841430664,0.6284332275390625,5.3932943444578996e-08,0.37069061398506165,0.5764017701148987,0.01689191162586212,0.38402241468429565,0.535767674446106,0.020407408475875854,0.39928123354911804,0.5185410380363464,0.018641211092472076,0.4137466847896576,0.5096962451934814,0.015942905098199844,0.3854828476905823,0.5063915252685547,0.012431038543581963,0.41809144616127014,0.4787265956401825,0.008560394868254662,0.4380756616592407,0.4872407019138336,0.0061399261467158794,0.4504956305027008,0.5019596815109253,0.005432768724858761,0.3915247321128845,0.5143362283706665,-0.000581816304475069,0.4252738058567047,0.4793328642845154,-0.004661511164158583,0.44619661569595337,0.4896961450576782,-0.006754038855433464,0.45666202902793884,0.5097586512565613,-0.006659515667706728,0.39906540513038635,0.5312612056732178,-0.012664581649005413,0.42843055725097656,0.4902183413505554,-0.015069001354277134,0.44875431060791016,0.4985322654247284,-0.013688460923731327,0.45971694588661194,0.5147069096565247,-0.011512772180140018,0.40865346789360046,0.555263876914978,-0.023668965324759483,0.4292202889919281,0.5139226317405701,-0.024022230878472328,0.44382432103157043,0.5081352591514587,-0.020476151257753372,0.45342621207237244,0.5131413340568542,-0.016823099926114082
0.36240315437316895,0.6295502185821533,6.075068625932545e-08,0.37120357155799866,0.5785089731216431,0.016362959519028664,0.3858225345611572,0.5375456213951111,0.01978762075304985,0.4012600779533386,0.5209752917289734,0.018204228952527046,0.4147457778453827,0.5121103525161743,0.01583883911371231,0.3872479498386383,0.5072233080863953,0.01257365383207798,0.4217606484889984,0.4829368591308594,0.009554250165820122,0.4411725401878357,0.4917091429233551,0.00750760780647397,0.4522285461425781,0.5055830478668213,0.006995473522692919,0.3930506110191345,0.5138771533966064,0.00024498262791894376,0.4291035532951355,0.4801711142063141,-0.002344538690522313,0.44887298345565796,0.4925687313079834,-0.0035942026879638433,0.4571571350097656,0.5129980444908142,-0.0032461141236126423,0.4005298912525177,0.5297868251800537,-0.011180596426129341,0.431415855884552,0.48873409628868103,-0.01225763838738203,0.4505014717578888,0.4996756911277771,-0.010221866890788078,0.4590441882610321,0.5176130533218384,-0.00800300296396017,0.4098605513572693,0.5532234311103821,-0.021577831357717514,0.43141061067581177,0.5124809741973877,-0.020640764385461807,0.44532784819602966,0.5111188888549805,-0.01632825657725334,0.45295581221580505,0.519724428653717,-0.012463642284274101
0.362656831741333,0.6286427974700928,3.5509348350615255e-08,0.3755761981010437,0.5823684930801392,0.018457772210240364,0.38987547159194946,0.5435569286346436,0.022669455036520958,0.4053400754928589,0.527502715587616,0.021543066948652267,0.41885483264923096,0.5203700661659241,0.019540952518582344,0.386682391166687,0.5088024735450745,0.013831219635903835,0.42063698172569275,0.4826681613922119,0.012464371509850025,0.43897509574890137,0.4923183023929596,0.011620578356087208,0.44941580295562744,0.5057548880577087,0.011279277503490448,0.39233288168907166,0.514687716960907,0.00056462298380211,0.428874671459198,0.4780855178833008,-0.0002542478032410145,0.44807741045951843,0.4908316135406494,-0.0007267407490871847,0.45663198828697205,0.5090362429618835,-0.0005747438408434391,0.4002315104007721,0.5316709280014038,-0.011523636057972908,0.4305662512779236,0.4855097234249115,-0.011699301190674305,0.4494026005268097,0.49699866771698,-0.00942617654800415,0.45812273025512695,0.5144107341766357,-0.00783677026629448,0.4101306200027466,0.557085394859314,-0.022349601611495018,0.4300142824649811,0.5142768621444702,-0.02180330827832222,0.4430106580257416,0.5119723677635193,-0.01805262640118599,0.4507712721824646,0.5187863111495972,-0.015054598450660706
0.36159729957580566,0.6280069351196289,1.875011079732758e-08,0.3755461871623993,0.5828126668930054,0.018845679238438606,0.38977789878845215,0.5445871949195862,0.023150570690631866,0.40443748235702515,0.5290663242340088,0.022039730101823807,0.41762372851371765,0.5208730101585388,0.020083829760551453,0.38707518577575684,0.5091844201087952,0.013326938264071941,0.4207620620727539,0.4806947708129883,0.011460255831480026,0.4384825825691223,0.4929583966732025,0.010460900142788887,0.44830337166786194,0.5088073015213013,0.01002264954149723,0.3924032747745514,0.51466304063797,-0.00046612671576440334,0.4285624027252197,0.4747372269630432,-0.0019579697400331497,0.4479227662086487,0.4881027936935425,-0.002578014275059104,0.45646238327026367,0.5072668790817261,-0.002382314298301935,0.40029197931289673,0.5317879319190979,-0.013075710274279118,0.42934900522232056,0.4804513454437256,-0.013995444402098656,0.4481964409351349,0.4927654564380646,-0.011892534792423248,0.4571661651134491,0.5106412172317505,-0.010305063799023628,0.41023576259613037,0.5574283599853516,-0.024384470656514168,0.42868772149086,0.5130286812782288,-0.025499511510133743,0.44173628091812134,0.5097423791885376,-0.022881124168634415,0.45008617639541626,0.5158630013465881,-0.020498642697930336
0.35994136333465576,0.6270532608032227,1.759866918860098e-08,0.37104761600494385,0.58058762550354,0.01785079948604107,0.38514503836631775,0.5413370728492737,0.0216094758361578,0.3998607099056244,0.5268760919570923,0.02002723142504692,0.4130953252315521,0.5197776556015015,0.017640266567468643,0.38721010088920593,0.508732259273529,0.011155374348163605,0.42075198888778687,0.47693437337875366,0.007881361059844494,0.4380617141723633,0.48919713497161865,0.006422871723771095,0.44719260931015015,0.5058960318565369,0.0061421203427016735,0.3928687870502472,0.5152744054794312,-0.0022937660105526447,0.429157018661499,0.47203171253204346,-0.005110348574817181,0.44815096259117126,0.4857149124145508,-0.00556434178724885,0.45608046650886536,0.505501925945282,-0.004737197421491146,0.4008203446865082,0.5328986048698425,-0.014628264121711254,0.4306279122829437,0.4799688160419464,-0.016285263001918793,0.44942837953567505,0.4919172525405884,-0.013479664921760559,0.45827409625053406,0.5099926590919495,-0.010945737361907959,0.4105498492717743,0.5590457320213318,-0.025789469480514526,0.43015244603157043,0.5135998129844666,-0.026669034734368324,0.4438880383968353,0.5110037326812744,-0.023116225376725197,0.45242050290107727,0.5181132555007935,-0.019815221428871155
0.35973039269447327,0.6242060661315918,8.94973517517883e-09,0.37191033363342285,0.5784825086593628,0.0196810495108366,0.3859326243400574,0.538822591304779,0.023933352902531624,0.4007624387741089,0.5236950516700745,0.02241845615208149,0.4144418239593506,0.5165185332298279,0.019861264154314995,0.3872549831867218,0.5049125552177429,0.011780927889049053,0.421700656414032,0.4745045602321625,0.009506278671324253,0.43851685523986816,0.48904722929000854,0.00890839658677578,0.4472402036190033,0.5065847635269165,0.008988906629383564,0.39252030849456787,0.5112732648849487,-0.002600607229396701,0.43099406361579895,0.46915823221206665,-0.004349052906036377,0.4492163360118866,0.48596301674842834,-0.0040407744236290455,0.4561730623245239,0.5069476366043091,-0.0029773481655865908,0.4003061354160309,0.5295088291168213,-0.015605657361447811,0.4322799742221832,0.47825711965560913,-0.01630617305636406,0.45023369789123535,0.4936126470565796,-0.012904157862067223,0.45756369829177856,0.5129801034927368,-0.010325875133275986,0.4094601273536682,0.5558334589004517,-0.027275849133729935,0.43063393235206604,0.5104657411575317,-0.027526313439011574,0.44419679045677185,0.5102322101593018,-0.023521915078163147,0.4520038664340973,0.5190327763557434,-0.020108705386519432
0.35549476742744446,0.6174312233924866,2.7435460570046644e-09,0.36882737278938293,0.570283830165863,0.021005762740969658,0.38325896859169006,0.5321824550628662,0.026342833414673805,0.3979848325252533,0.5190236568450928,0.025568509474396706,0.41146546602249146,0.5136058926582336,0.023648928850889206,0.3860248923301697,0.4996669888496399,0.015371516346931458,0.4207582473754883,0.47068437933921814,0.014361004345119,0.43773600459098816,0.4863876402378082,0.014188976027071476,0.44674280285835266,0.5043262243270874,0.01435250323265791,0.3920186758041382,0.5051707625389099,0.0007684027077630162,0.43074190616607666,0.4648526906967163,0.00018417312821839005,0.4486425518989563,0.4836101233959198,0.0006284847040660679,0.4551847279071808,0.5054641366004944,0.0016589458100497723,0.399919331073761,0.5222481489181519,-0.012434977106750011,0.4326333999633789,0.4737579822540283,-0.011922186240553856,0.45035430788993835,0.49114176630973816,-0.008115321397781372,0.4572807848453522,0.5114117860794067,-0.005419885274022818,0.4087654650211334,0.5482315421104431,-0.024303287267684937,0.43034860491752625,0.5038787126541138,-0.023319432511925697,0.44367164373397827,0.5059776306152344,-0.01850954443216324,0.45082637667655945,0.5164652466773987,-0.01462667528539896
0.35485443472862244,0.6142641305923462,-8.662642159151801e-09,0.3701380491256714,0.5697351098060608,0.021159615367650986,0.38577839732170105,0.5314925312995911,0.02662615291774273,0.4009295403957367,0.5171589851379395,0.025851011276245117,0.41439005732536316,0.5102921724319458,0.02401946298778057,0.3857675790786743,0.49521902203559875,0.015925895422697067,0.4216763377189636,0.46697744727134705,0.014997518621385098,0.438123881816864,0.4845848083496094,0.014511533081531525,0.44616425037384033,0.5036581754684448,0.014426850713789463,0.3905816078186035,0.4999556243419647,0.0012057619169354439,0.43125975131988525,0.46224862337112427,0.0010788538493216038,0.4482077360153198,0.4841243326663971,0.001113128731958568,0.45314285159111023,0.5069717764854431,0.0015782634727656841,0.39818084239959717,0.5168409943580627,-0.012111605145037174,0.43248555064201355,0.469352126121521,-0.011066105216741562,0.44928061962127686,0.49008095264434814,-0.0077160997316241264,0.45452359318733215,0.5121955871582031,-0.005635513924062252,0.4072840213775635,0.5428544878959656,-0.02409614995121956,0.4299636483192444,0.49818313121795654,-0.022375574335455894,0.4426063299179077,0.5033699870109558,-0.017362777143716812,0.4483788311481476,0.5170877575874329,-0.013640418648719788
0.353776216506958,0.6123435497283936,6.463166002390608e-09,0.37093421816825867,0.5695176720619202,0.01975255087018013,0.38800114393234253,0.5310431122779846,0.024882838129997253,0.40362250804901123,0.5151278376579285,0.02410471811890602,0.41606205701828003,0.5079751014709473,0.022531531751155853,0.3863949179649353,0.4914349317550659,0.016019033268094063,0.42261895537376404,0.46549615263938904,0.014725511893630028,0.43987876176834106,0.48343995213508606,0.013580831699073315,0.4485018849372864,0.5013295412063599,0.013039619661867619,0.39094579219818115,0.4969211220741272,0.001773089519701898,0.4318428039550781,0.4618755578994751,0.0013613710179924965,0.44987478852272034,0.48288920521736145,0.0007103718817234039,0.4557451009750366,0.504162609577179,0.0006526947836391628,0.3984333574771881,0.5145965814590454,-0.011286262422800064,0.4325542151927948,0.4694322943687439,-0.010896922089159489,0.45016705989837646,0.48915359377861023,-0.008323484100401402,0.4562447667121887,0.5102892518043518,-0.006634083576500416,0.40741804242134094,0.5412214994430542,-0.023132048547267914,0.42943820357322693,0.4977642297744751,-0.021720735356211662,0.44189366698265076,0.502423882484436,-0.01700398325920105,0.4479232430458069,0.5155884623527527,-0.013457806780934334
0.3519096374511719,0.6102098822593689,-6.679152342314865e-09,0.37126997113227844,0.5733887553215027,0.019387798383831978,0.3891337811946869,0.5370879173278809,0.024256577715277672,0.405771940946579,0.5228886008262634,0.023350493982434273,0.4178670644760132,0.5173778533935547,0.021610435098409653,0.3876434862613678,0.4904336631298065,0.014775718562304974,0.42565420269966125,0.46697545051574707,0.013023224659264088,0.4419817328453064,0.48723769187927246,0.011707371100783348,0.44814980030059814,0.506852388381958,0.011274924501776695,0.3921602666378021,0.4955114424228668,0.0007550613954663277,0.4350666403770447,0.4625535011291504,0.0004058595222886652,0.4519354999065399,0.4862488806247711,0.0004233799409121275,0.4551392197608948,0.5086740255355835,0.0009300057427026331,0.3992662727832794,0.513573944568634,-0.012109695933759212,0.43531084060668945,0.4689416289329529,-0.01201670616865158,0.4522765576839447,0.4910709261894226,-0.008995010517537594,0.4561145007610321,0.5131327509880066,-0.006802675314247608,0.4072725772857666,0.54137122631073,-0.02368992380797863,0.4313293993473053,0.49934282898902893,-0.022773291915655136,0.44400936365127563,0.5052083730697632,-0.018003616482019424,0.44878166913986206,0.518721878528595,-0.01425902545452118
0.3493013083934784,0.6103600263595581,9.041905713047527e-08,0.3815082907676697,0.6036649942398071,-0.00023579358821734786,0.40574541687965393,0.5661534070968628,0.0013387622311711311,0.4193829894065857,0.5365838408470154,0.0030764094553887844,0.4273974597454071,0.517061710357666,0.005867881700396538,0.39730721712112427,0.5030181407928467,-0.0023313378915190697,0.43499380350112915,0.47773581743240356,-0.0037015918642282486,0.45146188139915466,0.4942006468772888,-0.0036234441213309765,0.4583335816860199,0.5107696056365967,-0.002642608480527997,0.39391350746154785,0.497495174407959,-0.0024013323709368706,0.4367733895778656,0.4667743444442749,-0.003352405736222863,0.45368704199790955,0.4874677360057831,-0.0027930086944252253,0.45958411693573,0.5084167122840881,-0.0014101512497290969,0.394124299287796,0.5068144202232361,-0.0021510322112590075,0.43041256070137024,0.47571903467178345,-0.0023037560749799013,0.44674408435821533,0.49439749121665955,-0.0011976859532296658,0.45255476236343384,0.5146018862724304,-0.0001271543005714193,0.3969402611255646,0.526069164276123,-0.0018340426031500101,0.4234306514263153,0.49845632910728455,-0.0007268759072758257,0.43652182817459106,0.5054972171783447,0.001774596981704235,0.4424144923686981,0.5190529227256775,0.004074116237461567
0.3490006923675537,0.610360324382782,4.663702313223439e-08,0.3746187090873718,0.5747820138931274,0.016219917684793472,0.3972209393978119,0.5404750108718872,0.02069764956831932,0.41539958119392395,0.5245019793510437,0.020710160955786705,0.4303796589374542,0.5148299336433411,0.020726868882775307,0.3911011219024658,0.4942755103111267,0.01295700203627348,0.43010497093200684,0.4725288152694702,0.012459835968911648,0.4467238783836365,0.4881639778614044,0.012617184780538082,0.45623117685317993,0.5034083724021912,0.012715435586869717,0.39412203431129456,0.5017561316490173,0.0011132912477478385,0.43776124715805054,0.47048985958099365,0.0003130477562081069,0.456163614988327,0.4876818060874939,0.0002001625980483368,0.4649554491043091,0.5062383413314819,0.0007084368262439966,0.3994431495666504,0.522051215171814,-0.009730318561196327,0.4369843900203705,0.4799707233905792,-0.010259171016514301,0.4563581645488739,0.4929834008216858,-0.007975422777235508,0.46694672107696533,0.5084242820739746,-0.006500172428786755,0.406726598739624,0.5518342852592468,-0.019451672211289406,0.43061837553977966,0.5122772455215454,-0.01912100613117218,0.4443800747394562,0.5085862278938293,-0.0156644806265831,0.45397472381591797,0.5123342871665955,-0.013042053207755089
0.3470134437084198,0.6099721789360046,4.7437826111718095e-08,0.36745524406433105,0.5656498074531555,0.01811336539685726,0.38792291283607483,0.5316310524940491,0.02283875271677971,0.40542128682136536,0.5185170769691467,0.022723477333784103,0.42050233483314514,0.5119684338569641,0.02238120697438717,0.38816067576408386,0.49817153811454773,0.012796648778021336,0.42475825548171997,0.4704723656177521,0.01148937363177538,0.44303762912750244,0.48182374238967896,0.011833532713353634,0.45426422357559204,0.4959248900413513,0.012405912391841412,0.3926636278629303,0.5060662031173706,-0.00011556832032511011,0.4332636296749115,0.46834540367126465,-0.0018104022601619363,0.4532592296600342,0.48134666681289673,-0.0012544606579467654,0.46370020508766174,0.4990212321281433,0.00012568449892569333,0.3989688754081726,0.5262349247932434,-0.011873739771544933,0.43367689847946167,0.47960737347602844,-0.012594387866556644,0.45394280552864075,0.4883228540420532,-0.009462877176702023,0.46668383479118347,0.5017644762992859,-0.00709990318864584,0.4070518910884857,0.5570021271705627,-0.022436702623963356,0.4296371340751648,0.5142558217048645,-0.021787118166685104,0.44405773282051086,0.5081398487091064,-0.01766134425997734,0.4550374150276184,0.5112760066986084,-0.014348100870847702
0.34736958146095276,0.6087208986282349,5.325984098192293e-10,0.3635261654853821,0.5612902641296387,0.017325762659311295,0.3827296495437622,0.5273603200912476,0.02232571877539158,0.3988833427429199,0.5130648016929626,0.022755781188607216,0.4138023555278778,0.5064844489097595,0.02295193262398243,0.3864375948905945,0.498454213142395,0.012298651039600372,0.42010176181793213,0.4676990807056427,0.010818960145115852,0.4371483623981476,0.47925689816474915,0.011044071055948734,0.44760072231292725,0.4936923384666443,0.01136730145663023,0.39367589354515076,0.5065674185752869,0.00017192168161273003,0.43014344573020935,0.4672629237174988,-0.0015760789392516017,0.44793757796287537,0.4806143343448639,-0.001368322758935392,0.45712918043136597,0.4979771673679352,-0.0005331139545887709,0.40127572417259216,0.5257758498191833,-0.010899386368691921,0.4330272078514099,0.4825161099433899,-0.011365569196641445,0.45222049951553345,0.49011585116386414,-0.00879046879708767,0.4650512933731079,0.5015320181846619,-0.007254676427692175,0.4094094932079315,0.5552473068237305,-0.020858416333794594,0.4305211901664734,0.5180984139442444,-0.02018589712679386,0.44436755776405334,0.5120121836662292,-0.01676846854388714,0.4552001357078552,0.512648344039917,-0.014281618408858776
0.3479442894458771,0.6056119203567505,7.718281125335125e-09,0.36025944352149963,0.5546326637268066,0.013262661173939705,0.3780611455440521,0.52003014087677,0.016631854698061943,0.39439594745635986,0.5052591562271118,0.01655513420701027,0.4096360206604004,0.49950775504112244,0.016519349068403244,0.38609278202056885,0.4967142343521118,0.007253842893987894,0.41711553931236267,0.46571576595306396,0.005255474708974361,0.43238916993141174,0.47609859704971313,0.005912314634770155,0.4418734908103943,0.48996129631996155,0.006811247207224369,0.39535143971443176,0.5076205730438232,-0.002540929475799203,0.42860111594200134,0.4674193263053894,-0.005109359975904226,0.4453372359275818,0.4754127562046051,-0.0047096931375563145,0.4546717703342438,0.4899383783340454,-0.003467740025371313,0.40399158000946045,0.5277530550956726,-0.01136786863207817,0.43275994062423706,0.4853702783584595,-0.012261547148227692,0.45096006989479065,0.4876902103424072,-0.009538773447275162,0.46406638622283936,0.4953879714012146,-0.007541240192949772,0.4116869568824768,0.5568628907203674,-0.019332345575094223,0.4320486783981323,0.5179956555366516,-0.018477439880371094,0.44508102536201477,0.5090735554695129,-0.01450361032038927,0.4559059143066406,0.5078082084655762,-0.011288151144981384
0.34852251410484314,0.6046165227890015,3.7561893151405457e-08,0.3602025508880615,0.5528621077537537,0.014730868861079216,0.3771939277648926,0.5159001350402832,0.019039826467633247,0.3929128646850586,0.4993847608566284,0.019283292815089226,0.40828800201416016,0.4919523000717163,0.01931438222527504,0.3859174847602844,0.4945560693740845,0.013996808789670467,0.4162996709346771,0.4674949645996094,0.01353004202246666,0.4329070448875427,0.4714432954788208,0.013862181454896927,0.4440174400806427,0.48120906949043274,0.014451094903051853,0.39406150579452515,0.5035513043403625,0.0036552324891090393,0.42605429887771606,0.46639442443847656,0.002985471161082387,0.44279977679252625,0.47157344222068787,0.003595903515815735,0.4532896876335144,0.4827805757522583,0.005053031258285046,0.40274491906166077,0.521985650062561,-0.006075493060052395,0.4302240014076233,0.4799259901046753,-0.005642970558255911,0.44742438197135925,0.48025235533714294,-0.0023711631074547768,0.4597695469856262,0.4860491454601288,0.00011772313882829621,0.411495178937912,0.549715518951416,-0.014981226995587349,0.43097466230392456,0.5081385374069214,-0.012846807949244976,0.4434370994567871,0.4990273714065552,-0.007938673719763756,0.4533945620059967,0.49790188670158386,-0.00392933702096343
0.3489742875099182,0.6029413342475891,5.982622042211005e-08,0.36042457818984985,0.5520226359367371,0.011710397899150848,0.3772483170032501,0.5146998763084412,0.015904832631349564,0.39286285638809204,0.4999765455722809,0.017011715099215508,0.40670931339263916,0.49327898025512695,0.01816081628203392,0.3854314982891083,0.49131643772125244,0.01245327852666378,0.4168738126754761,0.46749505400657654,0.01277977880090475,0.4335777759552002,0.47215116024017334,0.013366674073040485,0.4446650743484497,0.48094630241394043,0.014038009569048882,0.3937753140926361,0.49857765436172485,0.004665354732424021,0.42552241683006287,0.46605396270751953,0.004647255875170231,0.441066175699234,0.4730786085128784,0.0052354163490235806,0.4503460228443146,0.48391684889793396,0.006666609551757574,0.40266329050064087,0.5156331062316895,-0.002616995247080922,0.429379940032959,0.47739505767822266,-0.0019304020097479224,0.4461023807525635,0.4798460304737091,0.000849756586831063,0.4578590989112854,0.4858264923095703,0.003153169760480523,0.41089192032814026,0.5417081117630005,-0.009196222759783268,0.4300331473350525,0.5011253356933594,-0.0068928636610507965,0.4420453608036041,0.4940780997276306,-0.002124407794326544,0.45135489106178284,0.4942164123058319,0.001927523291669786
0.34848111867904663,0.6014115810394287,3.611535603909033e-08,0.3592543601989746,0.5505370497703552,0.012158839032053947,0.3743109107017517,0.5131009817123413,0.016519084572792053,0.38884225487709045,0.49922946095466614,0.017703503370285034,0.401956170797348,0.4937106668949127,0.018792416900396347,0.3842746317386627,0.48841047286987305,0.012751344591379166,0.4149552583694458,0.46803799271583557,0.013268507085740566,0.43087533116340637,0.4740760028362274,0.01375843957066536,0.44106611609458923,0.48324835300445557,0.014117831364274025,0.3931252658367157,0.4960707426071167,0.004474045243114233,0.423761248588562,0.4648522436618805,0.0046961563639342785,0.43824222683906555,0.4733838438987732,0.005009819287806749,0.44605717062950134,0.48619523644447327,0.005989746656268835,0.4020509719848633,0.5138521790504456,-0.0032363764476031065,0.4278824031352997,0.4769741892814636,-0.0024264457169920206,0.4441505968570709,0.4798738956451416,5.084454460302368e-05,0.4552605450153351,0.4868771433830261,0.0018758822698146105,0.4107903242111206,0.5419874787330627,-0.010211270302534103,0.4295594394207001,0.5030056834220886,-0.008356111124157906,0.441649466753006,0.49487534165382385,-0.004129142500460148,0.45126965641975403,0.4931703805923462,-0.0006269510486163199
0.34825146198272705,0.5966402888298035,6.502691718424103e-08,0.35744398832321167,0.5450817346572876,0.012320026755332947,0.37130311131477356,0.509095311164856,0.01572905294597149,0.3850135803222656,0.4962577819824219,0.015709444880485535,0.3974502682685852,0.49335038661956787,0.015391587279736996,0.38389039039611816,0.48639166355133057,0.011820645071566105,0.4150010049343109,0.4676131308078766,0.011601509526371956,0.4308181405067444,0.473810613155365,0.011671754531562328,0.44048359990119934,0.48348432779312134,0.012066332623362541,0.3929431736469269,0.4945133626461029,0.0030805724672973156,0.4250836670398712,0.4640336334705353,0.0032858543563634157,0.44095516204833984,0.47105157375335693,0.004013790749013424,0.44973063468933105,0.4828185737133026,0.005481306463479996,0.4020817279815674,0.5128102898597717,-0.005042050499469042,0.4286974370479584,0.4760119616985321,-0.0038248347118496895,0.44507890939712524,0.4790270924568176,-0.0008751131244935095,0.45571935176849365,0.486024409532547,0.00148428650572896,0.41046342253685,0.5407119989395142,-0.012485802173614502,0.4293978214263916,0.5015183091163635,-0.009735858999192715,0.44086483120918274,0.49467262625694275,-0.0045178295113146305,0.44925498962402344,0.49504515528678894,-0.00010937830666080117
0.3476289212703705,0.5893037915229797,3.886503208150316e-08,0.3577120304107666,0.5359067916870117,0.015466571785509586,0.3716749846935272,0.5025928616523743,0.019989527761936188,0.38651660084724426,0.49259886145591736,0.020209146663546562,0.400322824716568,0.4939802885055542,0.01991010457277298,0.38340651988983154,0.4831385016441345,0.016140280291438103,0.4128483831882477,0.46647778153419495,0.017269384115934372,0.42769765853881836,0.4735054671764374,0.01828097179532051,0.4362846314907074,0.4847848117351532,0.019250594079494476,0.39297160506248474,0.4905841648578644,0.006031692493706942,0.42399832606315613,0.4607219994068146,0.0074315145611763,0.4384252429008484,0.4682103991508484,0.009023762308061123,0.44610029458999634,0.48100149631500244,0.011048919521272182,0.4025396406650543,0.5078768730163574,-0.003336192574352026,0.42888909578323364,0.4710776209831238,-0.0008138883858919144,0.4439161717891693,0.47519880533218384,0.002980254590511322,0.4537090063095093,0.4832891523838043,0.005730162374675274,0.41112956404685974,0.5352505445480347,-0.01186466682702303,0.43080490827560425,0.49812108278274536,-0.00808884296566248,0.44189372658729553,0.49320220947265625,-0.0021723732352256775,0.4496806263923645,0.49496179819107056,0.0026191629003733397
0.34838414192199707,0.5820667147636414,2.0204382167321455e-08,0.3595724403858185,0.5289356112480164,0.017455194145441055,0.37453874945640564,0.4982585906982422,0.02293672226369381,0.38990649580955505,0.4897814989089966,0.02379157394170761,0.4042045474052429,0.49306395649909973,0.024022527039051056,0.3830789029598236,0.47785016894340515,0.01819108985364437,0.412380188703537,0.46507200598716736,0.020257892087101936,0.4268704652786255,0.4741378128528595,0.021773917600512505,0.4349595010280609,0.4866446852684021,0.022898096591234207,0.3935559093952179,0.4858572483062744,0.007442201487720013,0.4242108166217804,0.45933836698532104,0.009998250752687454,0.4380039870738983,0.4679306745529175,0.011520599015057087,0.4451000690460205,0.48136648535728455,0.012997000478208065,0.40366342663764954,0.5032628774642944,-0.0023675761185586452,0.4301230013370514,0.47007647156715393,0.001464469125494361,0.4442993998527527,0.47566038370132446,0.004874394275248051,0.45343756675720215,0.4843881130218506,0.006727919913828373,0.4128110706806183,0.5299980640411377,-0.011158458888530731,0.43302685022354126,0.4969908893108368,-0.006569453049451113,0.4439634680747986,0.4943500757217407,-0.0009091970277950168,0.4516553282737732,0.49697864055633545,0.003284905105829239
0.34799474477767944,0.5725125074386597,4.166863121213282e-08,0.35854920744895935,0.5199942588806152,0.016288530081510544,0.37269023060798645,0.4894343316555023,0.02102048695087433,0.3878302574157715,0.4827384948730469,0.021252768114209175,0.4010710120201111,0.4886343479156494,0.02074592374265194,0.38208308815956116,0.47164732217788696,0.01607483997941017,0.411435067653656,0.46173620223999023,0.017327046021819115,0.4254611134529114,0.47215819358825684,0.018325112760066986,0.43277084827423096,0.486654132604599,0.01922430284321308,0.39364829659461975,0.4806237518787384,0.005716162733733654,0.4246350824832916,0.456474632024765,0.007868054322898388,0.4387916922569275,0.4657331705093384,0.009328118525445461,0.44600147008895874,0.4804196357727051,0.010812574066221714,0.40435439348220825,0.498862624168396,-0.00373919983394444,0.4315425157546997,0.468188613653183,-0.0002351686271140352,0.445367693901062,0.474853515625,0.003317742608487606,0.45382457971572876,0.48424771428108215,0.005421504843980074,0.41341713070869446,0.5257907509803772,-0.012248009443283081,0.43432343006134033,0.4958913326263428,-0.00771563034504652,0.44516444206237793,0.49448370933532715,-0.0016794543480500579,0.4525454640388489,0.49783632159233093,0.00296310824342072
0.350003182888031,0.5670304894447327,3.6424967930770435e-08,0.35913920402526855,0.5188467502593994,0.01495584100484848,0.3715255558490753,0.48816630244255066,0.018713615834712982,0.38589635491371155,0.4782870411872864,0.01830063946545124,0.39738836884498596,0.48045238852500916,0.017077717930078506,0.3830956518650055,0.4692455232143402,0.01247556135058403,0.41288289427757263,0.4574153423309326,0.013087092898786068,0.4271031618118286,0.46697568893432617,0.014324548654258251,0.43446415662765503,0.48121243715286255,0.015578173100948334,0.3942153751850128,0.47793248295783997,0.0026055527850985527,0.425851047039032,0.4512292444705963,0.0040331813506782055,0.43994688987731934,0.46020740270614624,0.0059729344211518764,0.4467218816280365,0.47540831565856934,0.008082958869636059,0.40432310104370117,0.49611279368400574,-0.0063166567124426365,0.4320955276489258,0.46247053146362305,-0.0034914042335003614,0.44641056656837463,0.46912553906440735,6.793168722651899e-05,0.45479616522789,0.4794155955314636,0.0023682054597884417,0.4127436876296997,0.522560715675354,-0.01430902723222971,0.4340217113494873,0.4890448749065399,-0.011080828495323658,0.44521716237068176,0.48702681064605713,-0.005905758589506149,0.45269298553466797,0.4906633496284485,-0.0016412335680797696
0.35091766715049744,0.5662907361984253,3.138421078574538e-08,0.36136308312416077,0.5178465247154236,0.014574328437447548,0.37476298213005066,0.489065945148468,0.017460273578763008,0.39058181643486023,0.48107579350471497,0.016391266137361526,0.4040975570678711,0.48561999201774597,0.014695401303470135,0.3832987844944,0.4699334502220154,0.009679694660007954,0.41435495018959045,0.460850328207016,0.009805550798773766,0.4283272624015808,0.47185009717941284,0.011630535125732422,0.4355865716934204,0.48664605617523193,0.013448636047542095,0.393645316362381,0.4782705307006836,-0.00011561511200852692,0.4264131486415863,0.45030033588409424,-6.994804425630718e-05,0.4400612711906433,0.4593324065208435,0.0024494496174156666,0.4466756284236908,0.4744507670402527,0.005415480583906174,0.40337181091308594,0.49639448523521423,-0.008761702105402946,0.43227189779281616,0.4601384699344635,-0.007048409897834063,0.4470321536064148,0.4664364159107208,-0.002461208263412118,0.4558011293411255,0.4765148460865021,0.0009972400730475783,0.41182324290275574,0.523582398891449,-0.016410741955041885,0.4339448809623718,0.48772504925727844,-0.013325628824532032,0.44583332538604736,0.484612375497818,-0.007177246268838644,0.45414555072784424,0.4869562089443207,-0.002011990174651146
0.3531745672225952,0.5726436376571655,7.453997596940098e-08,0.3661063313484192,0.5285540819168091,0.00969659723341465,0.3826424479484558,0.4971989393234253,0.011274744756519794,0.39955753087997437,0.48722580075263977,0.01014487911015749,0.41308894753456116,0.4873141050338745,0.008906707167625427,0.3896750211715698,0.47739067673683167,0.003912337590008974,0.42458704113960266,0.4614717662334442,0.001082339440472424,0.4404574930667877,0.47086137533187866,0.00023816122848074883,0.4499066472053528,0.48161235451698303,0.00032976799411699176,0.3959895372390747,0.4865296483039856,-0.003761840285733342,0.4322913885116577,0.4601980447769165,-0.006748558487743139,0.44924816489219666,0.47033408284187317,-0.007085762452334166,0.4582129120826721,0.48380565643310547,-0.006036878097802401,0.4030735194683075,0.5050556659698486,-0.010625517927110195,0.43444445729255676,0.4724782407283783,-0.012275753542780876,0.45220211148262024,0.4782910645008087,-0.010796139016747475,0.4634452760219574,0.4870724081993103,-0.009074998088181019,0.410261332988739,0.5321725010871887,-0.016760464757680893,0.4328781068325043,0.4981395900249481,-0.01649891585111618,0.445778489112854,0.49307990074157715,-0.01316417008638382,0.45543211698532104,0.4936022162437439,-0.010001182556152344
0.3502671718597412,0.5817700028419495,9.007406731598167e-08,0.3642631471157074,0.5341078042984009,0.01045474223792553,0.38233253359794617,0.5036748051643372,0.011549307033419609,0.40022802352905273,0.49541011452674866,0.009479081258177757,0.41422605514526367,0.49533045291900635,0.007307286839932203,0.39083153009414673,0.4869549870491028,0.004454680718481541,0.4257391095161438,0.4664290249347687,0.00030360303935594857,0.4436914324760437,0.47334685921669006,-0.001299818861298263,0.45476216077804565,0.4844808578491211,-0.0014999581035226583,0.39746078848838806,0.49896347522735596,-0.004439190030097961,0.43293386697769165,0.46675413846969604,-0.008695125579833984,0.4516465365886688,0.47454914450645447,-0.009272840805351734,0.46205949783325195,0.48716405034065247,-0.008090854622423649,0.40459147095680237,0.5189412236213684,-0.012564977630972862,0.4357795715332031,0.4819771647453308,-0.014978183433413506,0.45446982979774475,0.48586505651474,-0.012650958262383938,0.4664212465286255,0.4935958683490753,-0.010039037093520164,0.4113534688949585,0.5471199750900269,-0.02008252963423729,0.43367141485214233,0.5109130144119263,-0.020228149369359016,0.44737884402275085,0.5033448338508606,-0.016417047008872032,0.4577520191669464,0.5022227168083191,-0.012686498463153839
0.3486076891422272,0.5888979434967041,8.418196273396461e-08,0.3658446967601776,0.5394548177719116,0.013422919437289238,0.3827003836631775,0.5122014284133911,0.015711292624473572,0.3995855748653412,0.5055016875267029,0.014241309836506844,0.41281744837760925,0.5081552863121033,0.012209825217723846,0.39089837670326233,0.49411046504974365,0.007241647690534592,0.42743587493896484,0.4762353003025055,0.004047692753374577,0.44515857100486755,0.4838281571865082,0.0030445847660303116,0.45654720067977905,0.4952806830406189,0.0028854806441813707,0.39816850423812866,0.5063961148262024,-0.0030855692457407713,0.43439480662345886,0.4744302034378052,-0.006748854648321867,0.4535852372646332,0.4807116687297821,-0.006968267261981964,0.4653968811035156,0.49248990416526794,-0.005765069741755724,0.40468722581863403,0.5270863175392151,-0.012481987476348877,0.43674618005752563,0.48747316002845764,-0.014530975371599197,0.45563170313835144,0.48948732018470764,-0.0118199298158288,0.4689684808254242,0.4950166344642639,-0.009164431132376194,0.41057759523391724,0.5562783479690552,-0.021020730957388878,0.43385612964630127,0.5178327560424805,-0.021623238921165466,0.44819357991218567,0.5068457126617432,-0.01811598241329193,0.46041393280029297,0.501533567905426,-0.014627194963395596
0.3474135398864746,0.5966861248016357,8.655487704345433e-08,0.36739832162857056,0.5476242303848267,0.013848095200955868,0.3862278461456299,0.521186351776123,0.016343284398317337,0.40395405888557434,0.5150126814842224,0.014982352964580059,0.41867774724960327,0.5164985060691833,0.013214661739766598,0.3912457525730133,0.5016785860061646,0.007154395803809166,0.42854204773902893,0.4811318814754486,0.0035350648686289787,0.44673284888267517,0.4893447160720825,0.0023618971463292837,0.45875826478004456,0.5010390281677246,0.002074912190437317,0.39779365062713623,0.5140771269798279,-0.003583563957363367,0.4351477026939392,0.48037290573120117,-0.0077188932336866856,0.45554617047309875,0.486441969871521,-0.008470789529383183,0.4677209258079529,0.49883338809013367,-0.007755672559142113,0.4036397635936737,0.5350160002708435,-0.013341698795557022,0.43652990460395813,0.4940869212150574,-0.01586037315428257,0.45633572340011597,0.4969170391559601,-0.013739429414272308,0.47034066915512085,0.5038987398147583,-0.011576038785278797,0.4088573455810547,0.5642629861831665,-0.022193944081664085,0.43132179975509644,0.5249770879745483,-0.023399997502565384,0.44540271162986755,0.5146465301513672,-0.020459027960896492,0.45746156573295593,0.5113756060600281,-0.017440257593989372
0.34753313660621643,0.6022745966911316,8.660477845978676e-08,0.36617639660835266,0.5555698275566101,0.01251275185495615,0.3851461708545685,0.5259354114532471,0.01494654081761837,0.4033176004886627,0.5162259936332703,0.013575357384979725,0.417677640914917,0.5144370794296265,0.011865788139402866,0.3901950716972351,0.5027408003807068,0.007515290752053261,0.4264141917228699,0.48217228055000305,0.003664131974801421,0.44584518671035767,0.48927581310272217,0.002074458170682192,0.45863229036331177,0.5006882548332214,0.0015068732900545,0.39663174748420715,0.5137141942977905,-0.0027758548967540264,0.43415793776512146,0.4820234179496765,-0.0067229922860860825,0.45460182428359985,0.4886496663093567,-0.007684674579650164,0.4674272835254669,0.500345766544342,-0.007273336406797171,0.4029674232006073,0.5344896912574768,-0.012432844378054142,0.435753732919693,0.49664434790611267,-0.015277125872671604,0.4567050039768219,0.4997517168521881,-0.01384859997779131,0.47168195247650146,0.5078482031822205,-0.012233029119670391,0.4091305732727051,0.5642997026443481,-0.02136600762605667,0.4322909116744995,0.524672269821167,-0.022884001955389977,0.4471242129802704,0.5160671472549438,-0.020388711243867874,0.45992574095726013,0.5157171487808228,-0.01781878061592579
0.3482184410095215,0.6049900650978088,9.818577240139348e-08,0.36595210433006287,0.5579942464828491,0.010348533280193806,0.3853977918624878,0.526265025138855,0.011991077102720737,0.40415138006210327,0.5145325660705566,0.010229521431028843,0.4190211594104767,0.5101674199104309,0.008382710628211498,0.3886604905128479,0.5019858479499817,0.00622851587831974,0.42451611161231995,0.4780573546886444,0.0016426608199253678,0.44440144300460815,0.48562490940093994,-0.0006891119410283864,0.45753294229507446,0.4971913695335388,-0.0016811807872727513,0.3954632580280304,0.5141543745994568,-0.003068957244977355,0.4317583441734314,0.48041877150535583,-0.0072657265700399876,0.45253986120224,0.4873259365558624,-0.009122327901422977,0.46556657552719116,0.49930131435394287,-0.009533238597214222,0.40245485305786133,0.5351570844650269,-0.011925860308110714,0.4333859086036682,0.4961404800415039,-0.014817306771874428,0.4547147750854492,0.49886155128479004,-0.014231863431632519,0.4699695110321045,0.506764829158783,-0.013415607623755932,0.40958064794540405,0.5635722279548645,-0.02025722712278366,0.43088409304618835,0.5243305563926697,-0.02183505706489086,0.44549813866615295,0.5148773193359375,-0.02003958821296692,0.4581812918186188,0.5136157274246216,-0.018162701278924942
0.34780368208885193,0.6053978204727173,1.1274503464164809e-07,0.3666576147079468,0.5616430044174194,0.010076355189085007,0.3872736990451813,0.5298183560371399,0.01181751862168312,0.4072974622249603,0.519063413143158,0.01035373192280531,0.42391738295555115,0.5166292190551758,0.008921481668949127,0.3870988190174103,0.4995865225791931,0.006341732572764158,0.4245322048664093,0.4785076081752777,0.00272225309163332,0.44386154413223267,0.4867073893547058,0.0007882009958848357,0.4569574296474457,0.4973527193069458,-0.0002494265791028738,0.39340701699256897,0.5105223059654236,-0.002731570741161704,0.43149784207344055,0.479286789894104,-0.00607701763510704,0.45230674743652344,0.48712536692619324,-0.007991489954292774,0.4653863310813904,0.4994734823703766,-0.008588166907429695,0.4004366397857666,0.5313265919685364,-0.011291982606053352,0.4321739375591278,0.49412354826927185,-0.013459356501698494,0.4532927870750427,0.49727919697761536,-0.013057288713753223,0.46833521127700806,0.504141092300415,-0.012614666484296322,0.40819045901298523,0.5599605441093445,-0.01929469406604767,0.4297887980937958,0.5217229723930359,-0.020267395302653313,0.44384893774986267,0.5134729146957397,-0.01821840927004814,0.45585617423057556,0.5125863552093506,-0.016346577554941177
0.3482392430305481,0.6070030927658081,1.0312518128330339e-07,0.36821046471595764,0.5656287670135498,0.011908589862287045,0.3888557255268097,0.5328601002693176,0.014013403095304966,0.40915152430534363,0.5207334756851196,0.012522883713245392,0.4260140359401703,0.5173779726028442,0.010968348942697048,0.38727256655693054,0.5005494952201843,0.006612411234527826,0.4249957799911499,0.47970065474510193,0.00310340104624629,0.4442446231842041,0.4887060523033142,0.001317999791353941,0.4575854539871216,0.49925941228866577,0.00020129559561610222,0.39270010590553284,0.5104174017906189,-0.0037887301295995712,0.43178221583366394,0.47796711325645447,-0.007309691049158573,0.45303860306739807,0.48614102602005005,-0.008961468003690243,0.46610429883003235,0.4992836117744446,-0.009402001276612282,0.3993755578994751,0.5314721465110779,-0.013486254960298538,0.4320721924304962,0.4926547706127167,-0.015869298949837685,0.45388033986091614,0.49604010581970215,-0.015295309014618397,0.4692019820213318,0.5026291012763977,-0.014856657944619656,0.4074138104915619,0.5611113905906677,-0.022448083385825157,0.42905259132385254,0.5227327346801758,-0.023757074028253555,0.44318580627441406,0.5142101049423218,-0.02182583510875702,0.4553121328353882,0.5127591490745544,-0.020160382613539696
0.3489669859409332,0.6093301177024841,9.509120246775637e-08,0.3694387972354889,0.5703940391540527,0.012674798257648945,0.3896294832229614,0.5371673107147217,0.015128160826861858,0.40944018959999084,0.5236496925354004,0.013754777610301971,0.42659732699394226,0.5198151469230652,0.012344450689852238,0.38687726855278015,0.500188410282135,0.00835941731929779,0.42509594559669495,0.48046615719795227,0.005575757473707199,0.44363197684288025,0.4910394847393036,0.004223757889121771,0.4563325345516205,0.5024781823158264,0.0032545505091547966,0.3920826315879822,0.508842945098877,-0.002480854978784919,0.43245798349380493,0.4778400659561157,-0.0057917567901313305,0.45272529125213623,0.4884569048881531,-0.007239862810820341,0.4650072157382965,0.5026922821998596,-0.007466101087629795,0.39881202578544617,0.5292806029319763,-0.012635174207389355,0.4328090250492096,0.49218833446502686,-0.014852049760520458,0.4539753496646881,0.49803441762924194,-0.01399151235818863,0.4685710668563843,0.5057515501976013,-0.013344223611056805,0.40712040662765503,0.5590348243713379,-0.021987395361065865,0.4298371374607086,0.5219430923461914,-0.022725684568285942,0.4436900019645691,0.5155875086784363,-0.02022072672843933,0.4551333785057068,0.5154430270195007,-0.018231388181447983
0.3498152792453766,0.6105601787567139,1.0043089559985674e-07,0.3688971698284149,0.5677028298377991,0.013692609965801239,0.3885171413421631,0.5333215594291687,0.01606769859790802,0.40797683596611023,0.5211610198020935,0.014489998109638691,0.4249391257762909,0.5186707973480225,0.012742218561470509,0.3862801492214203,0.4984772801399231,0.007577140815556049,0.42473018169403076,0.47844842076301575,0.004701344761997461,0.44319257140159607,0.4884435534477234,0.003456559032201767,0.4560229778289795,0.4997033476829529,0.0027021346613764763,0.3915615677833557,0.5082634091377258,-0.0036976677365601063,0.432207316160202,0.47707679867744446,-0.006896243430674076,0.45238056778907776,0.4868335723876953,-0.007963745854794979,0.4649450480937958,0.5005214214324951,-0.0078860679641366,0.3985840380191803,0.5291793346405029,-0.01406473945826292,0.43244391679763794,0.4917691946029663,-0.01579965651035309,0.4533956050872803,0.4959983229637146,-0.01449525821954012,0.4680723249912262,0.5027512311935425,-0.013584698550403118,0.40726467967033386,0.5587307810783386,-0.02351788990199566,0.4297410845756531,0.5207698941230774,-0.023499347269535065,0.44318264722824097,0.5141996741294861,-0.020195763558149338,0.4542081356048584,0.5142838358879089,-0.017625372856855392
0.3502924144268036,0.6124483346939087,7.733804352483276e-08,0.370783269405365,0.5752987265586853,0.014508554711937904,0.39022573828697205,0.5404488444328308,0.01747189834713936,0.40859079360961914,0.5252280831336975,0.016077158972620964,0.4244358539581299,0.5197461247444153,0.014370881952345371,0.3873838782310486,0.5026934146881104,0.009572213515639305,0.42418372631073,0.4817236363887787,0.006956564728170633,0.44236576557159424,0.4914848208427429,0.005473557393997908,0.45547544956207275,0.5020580887794495,0.004208779893815517,0.39230817556381226,0.5097265243530273,-0.002543848706409335,0.43210911750793457,0.47714948654174805,-0.005925224162638187,0.45271480083465576,0.4868527352809906,-0.00738937733694911,0.46570760011672974,0.5008758902549744,-0.007698054891079664,0.39908260107040405,0.5287466049194336,-0.013872562907636166,0.43274566531181335,0.48881804943084717,-0.016202598810195923,0.45425593852996826,0.49393558502197266,-0.015327905304729939,0.46911972761154175,0.5017734169960022,-0.014801796525716782,0.40816730260849,0.557402491569519,-0.0242636576294899,0.4300592541694641,0.5191208124160767,-0.025223590433597565,0.44377756118774414,0.5123690366744995,-0.02279595285654068,0.45506468415260315,0.5117949843406677,-0.020986469462513924
0.3503344655036926,0.613572895526886,7.870071527804612e-08,0.3710748255252838,0.580623984336853,0.012234470807015896,0.39111077785491943,0.5441758036613464,0.014925207011401653,0.40946006774902344,0.5262813568115234,0.013781561516225338,0.42504701018333435,0.5196428894996643,0.012556994333863258,0.3890444338321686,0.5025542974472046,0.008809324353933334,0.42548877000808716,0.4836018681526184,0.006096994504332542,0.4437628388404846,0.4956763982772827,0.004282892681658268,0.45605066418647766,0.5077905058860779,0.0029049227014184,0.3932468295097351,0.509084939956665,-0.0018709067953750491,0.43336912989616394,0.4794999361038208,-0.00540900370106101,0.45407718420028687,0.49123072624206543,-0.007256850600242615,0.4662969708442688,0.5068342089653015,-0.007758079096674919,0.39955848455429077,0.527829647064209,-0.011975985020399094,0.43377986550331116,0.49125584959983826,-0.014724715612828732,0.4554833471775055,0.49831971526145935,-0.014474183320999146,0.46976059675216675,0.5084670186042786,-0.014160484075546265,0.4081924557685852,0.5564616322517395,-0.02129068784415722,0.43120670318603516,0.5196567177772522,-0.02229723520576954,0.4454701542854309,0.5148447751998901,-0.020014122128486633,0.45652949810028076,0.5168845057487488,-0.018220145255327225
0.35153552889823914,0.6150327324867249,8.812920526679591e-08,0.37036222219467163,0.5807085633277893,0.010574850253760815,0.3900121748447418,0.5435553193092346,0.013052604161202908,0.40809229016304016,0.5251819491386414,0.01226072572171688,0.42384544014930725,0.5173397660255432,0.011703306809067726,0.38800546526908875,0.5037323832511902,0.007222351152449846,0.4247104227542877,0.48037874698638916,0.004459272604435682,0.4434446394443512,0.49189287424087524,0.0031008035875856876,0.45535019040107727,0.5042160153388977,0.0024148067459464073,0.39205145835876465,0.508845329284668,-0.0018173643620684743,0.4321276545524597,0.4778299033641815,-0.004962574224919081,0.45242273807525635,0.4902755916118622,-0.006115659140050411,0.4639795124530792,0.505741536617279,-0.006052844226360321,0.3985731303691864,0.5257205367088318,-0.01034071110188961,0.43275317549705505,0.4887832701206207,-0.012379289604723454,0.4538320004940033,0.49634474515914917,-0.011657184921205044,0.4675161838531494,0.5072645545005798,-0.010944003239274025,0.4074799120426178,0.5518891215324402,-0.018215490505099297,0.4314876198768616,0.5152078866958618,-0.01847418211400509,0.4458562433719635,0.5117071866989136,-0.015775766223669052,0.4564231336116791,0.5157294869422913,-0.013545837253332138
0.35191160440444946,0.6144887208938599,6.477031888607598e-08,0.3675779104232788,0.5711877942085266,0.015752701088786125,0.3855307102203369,0.5357758402824402,0.019300052896142006,0.40326622128486633,0.5225305557250977,0.018436497077345848,0.4190369248390198,0.5182852745056152,0.01719529926776886,0.3864126205444336,0.5035039782524109,0.010139461606740952,0.423084557056427,0.479105144739151,0.00814566295593977,0.4410823583602905,0.4900486171245575,0.007743768393993378,0.4529045820236206,0.5022336840629578,0.007644438184797764,0.3918816149234772,0.5103343725204468,-0.0016963264206424356,0.43157705664634705,0.4756423830986023,-0.004506763070821762,0.4512230157852173,0.4880408048629761,-0.004723436199128628,0.46238383650779724,0.5038145184516907,-0.003834704402834177,0.3990798592567444,0.5285440683364868,-0.012529769912362099,0.4326257109642029,0.48703446984291077,-0.01415406446903944,0.4530881643295288,0.4950944781303406,-0.012073320336639881,0.4663126766681671,0.5063390731811523,-0.010304290801286697,0.4079069495201111,0.5562700033187866,-0.022287042811512947,0.43079274892807007,0.515735924243927,-0.022164566442370415,0.44461989402770996,0.5114221572875977,-0.018496092408895493,0.45500418543815613,0.5143676996231079,-0.015490067191421986
0.35315683484077454,0.618838369846344,8.577212895488628e-08,0.3711923658847809,0.5822808146476746,0.012211938388645649,0.39049145579338074,0.5458574295043945,0.014433098025619984,0.40841251611709595,0.528218686580658,0.012862083502113819,0.42440304160118103,0.5205215215682983,0.011252878233790398,0.38792741298675537,0.5058525204658508,0.00745837576687336,0.4242578446865082,0.48051705956459045,0.0040873996913433075,0.4430525600910187,0.49173563718795776,0.0023877157364040613,0.45533111691474915,0.5038045644760132,0.0014581577852368355,0.3911394476890564,0.5124804973602295,-0.0031530754640698433,0.43124479055404663,0.4786180555820465,-0.007567722350358963,0.4520929455757141,0.4901326894760132,-0.009264844469726086,0.46383148431777954,0.5057917833328247,-0.009297836571931839,0.3972221910953522,0.5304117798805237,-0.01309187337756157,0.4311659038066864,0.4886245131492615,-0.016152357682585716,0.4524862468242645,0.4962847828865051,-0.015122720040380955,0.4661824703216553,0.5075433850288391,-0.013859597966074944,0.40576282143592834,0.5574588179588318,-0.02223515324294567,0.4287111163139343,0.5170039534568787,-0.023122968152165413,0.44288259744644165,0.5124784111976624,-0.02019994705915451,0.45343834161758423,0.5158573985099792,-0.01764303259551525
0.3550710082054138,0.621647834777832,8.647273830320046e-08,0.3724104166030884,0.5848714709281921,0.012673243880271912,0.39059779047966003,0.5477688908576965,0.01480945199728012,0.407987117767334,0.5312490463256836,0.01299378927797079,0.4228420555591583,0.5237525105476379,0.011004624888300896,0.3882448375225067,0.507529079914093,0.0076742651872336864,0.42371630668640137,0.4828668534755707,0.00440819701179862,0.44271615147590637,0.4926382899284363,0.002536454237997532,0.4554041624069214,0.5037161111831665,0.001315732137300074,0.3919077217578888,0.5133569836616516,-0.003310498548671603,0.43118226528167725,0.47953832149505615,-0.0074034519493579865,0.4523620009422302,0.4903486669063568,-0.00917405541986227,0.4647260308265686,0.5053296685218811,-0.009518531151115894,0.3980625569820404,0.5300506353378296,-0.013577324338257313,0.43118780851364136,0.4878517687320709,-0.016517318785190582,0.4525480270385742,0.49564307928085327,-0.01556736882776022,0.466220498085022,0.5074889063835144,-0.014549244195222855,0.4069521129131317,0.5558128952980042,-0.02303478494286537,0.4289385974407196,0.5149818062782288,-0.02412107028067112,0.4431701600551605,0.5104192495346069,-0.02141573652625084,0.4538494348526001,0.5138705968856812,-0.019124045968055725
0.3581749200820923,0.626047670841217,9.910402098967097e-08,0.3739381432533264,0.5890370607376099,0.012882399372756481,0.3912338316440582,0.5497831106185913,0.015662366524338722,0.40737423300743103,0.5299188494682312,0.01430018711835146,0.4215072989463806,0.5188280940055847,0.012689521536231041,0.38879871368408203,0.5105470418930054,0.009845971129834652,0.42310723662376404,0.483844131231308,0.006183311343193054,0.44374287128448486,0.4892336130142212,0.003616010770201683,0.45784392952919006,0.49784308671951294,0.0021054435055702925,0.3917241096496582,0.514968752861023,-0.0012093610130250454,0.42959293723106384,0.4808897078037262,-0.005344730336219072,0.45198702812194824,0.4881584644317627,-0.007925924845039845,0.46561509370803833,0.501733124256134,-0.008914562873542309,0.39765995740890503,0.5296126008033752,-0.011750617995858192,0.4294075667858124,0.48785048723220825,-0.014983405359089375,0.45113956928253174,0.49358832836151123,-0.01500299759209156,0.4652412533760071,0.5054834485054016,-0.014581756666302681,0.4070228040218353,0.5523712038993835,-0.021514493972063065,0.42778143286705017,0.5119323134422302,-0.022887825965881348,0.44183558225631714,0.5068008899688721,-0.02077437937259674,0.45258936285972595,0.5108427405357361,-0.018852494657039642
0.35823896527290344,0.6286294460296631,1.0089123492207364e-07,0.3721369206905365,0.587040901184082,0.013815226964652538,0.38846221566200256,0.5486302971839905,0.0163591206073761,0.4040940999984741,0.530897319316864,0.014537088572978973,0.41750434041023254,0.521710991859436,0.012218345887959003,0.3876228332519531,0.5134062767028809,0.009298659861087799,0.4212912619113922,0.4877747893333435,0.005294796545058489,0.4418381154537201,0.4917793869972229,0.0025380828883498907,0.45648834109306335,0.4989067614078522,0.0007954852771945298,0.3917589485645294,0.5187481641769409,-0.002625212771818042,0.42842352390289307,0.48416662216186523,-0.007036199327558279,0.4515438973903656,0.4888216257095337,-0.009651562198996544,0.46633100509643555,0.5000595450401306,-0.010710816830396652,0.3981657922267914,0.5343985557556152,-0.013871807605028152,0.42750969529151917,0.49066898226737976,-0.017429200932383537,0.4493013024330139,0.4949285089969635,-0.017109373584389687,0.46393680572509766,0.50514155626297,-0.016372695565223694,0.40764403343200684,0.5583539009094238,-0.024278858676552773,0.4263637959957123,0.5159832835197449,-0.02584456093609333,0.4401604235172272,0.5093439817428589,-0.023441817611455917,0.45115846395492554,0.5119718909263611,-0.021287597715854645
0.3600442409515381,0.6300677061080933,1.0519891446847396e-07,0.3730577230453491,0.5863745808601379,0.012606187723577023,0.38894447684288025,0.5468454360961914,0.014444022439420223,0.4048009514808655,0.5282213091850281,0.012069342657923698,0.4195210337638855,0.5196327567100525,0.009316560812294483,0.3880384564399719,0.5149464011192322,0.00794372707605362,0.42178380489349365,0.4892253577709198,0.0032180214766412973,0.4424952566623688,0.4940750300884247,8.49053030833602e-05,0.45706894993782043,0.5028951168060303,-0.0016980519285425544,0.3921651840209961,0.5203689336776733,-0.003317038994282484,0.4280376732349396,0.48694950342178345,-0.008556746877729893,0.45092877745628357,0.4931458532810211,-0.011470566503703594,0.4654867351055145,0.5058495402336121,-0.012596715241670609,0.3987640142440796,0.5353603363037109,-0.013984492048621178,0.4285562038421631,0.49377596378326416,-0.017888307571411133,0.45073848962783813,0.4988633990287781,-0.017978256568312645,0.4653518795967102,0.5095638036727905,-0.017457665875554085,0.4083690047264099,0.5579862594604492,-0.023881016299128532,0.4284585118293762,0.5165700912475586,-0.0255126990377903,0.4428400695323944,0.5100899338722229,-0.02331339754164219,0.45397281646728516,0.5124735832214355,-0.02126476541161537
0.36117324233055115,0.6298069953918457,1.1172670610903879e-07,0.3731430768966675,0.58717942237854,0.01139876525849104,0.3880704641342163,0.548150897026062,0.013449542224407196,0.4021221697330475,0.5292486548423767,0.011364554055035114,0.4153892695903778,0.5188943147659302,0.008949617855250835,0.38718658685684204,0.5164912343025208,0.010303241200745106,0.4181425869464874,0.48930513858795166,0.005373185966163874,0.43979769945144653,0.4903053343296051,0.0013079083291813731,0.45529744029045105,0.4973767399787903,-0.0010746653424575925,0.39200475811958313,0.5202952027320862,-0.00017939021927304566,0.42428022623062134,0.4855344891548157,-0.004952050279825926,0.4475612938404083,0.48961499333381653,-0.0087110111489892,0.4632326066493988,0.50221186876297,-0.010552747175097466,0.3991601765155792,0.5335047245025635,-0.010440132580697536,0.4260925352573395,0.4913559854030609,-0.013875490985810757,0.4482134282588959,0.49457183480262756,-0.0149135896936059,0.46378225088119507,0.5052018165588379,-0.015176922082901001,0.40927737951278687,0.5543884038925171,-0.020172711461782455,0.42674437165260315,0.5141385793685913,-0.02155936323106289,0.4405018091201782,0.5070639252662659,-0.020059987902641296,0.4519210159778595,0.5093751549720764,-0.01862862892448902
0.36250829696655273,0.6274356842041016,1.1432997837346193e-07,0.374712198972702,0.5853233337402344,0.011848308145999908,0.38944724202156067,0.5464202761650085,0.01428337674587965,0.40352943539619446,0.5274671316146851,0.012407645583152771,0.41620969772338867,0.5164168477058411,0.010169916786253452,0.3862476348876953,0.5147556662559509,0.010959266684949398,0.41723936796188354,0.48629751801490784,0.006262941285967827,0.43903520703315735,0.489164799451828,0.0023943246342241764,0.45439308881759644,0.49756112694740295,0.00014132751675788313,0.39072132110595703,0.5181101560592651,0.00030890305060893297,0.42303961515426636,0.4824069142341614,-0.00466570258140564,0.44655847549438477,0.4885386526584625,-0.008567141368985176,0.4616900086402893,0.5029643774032593,-0.010408831760287285,0.3979586064815521,0.5310338735580444,-0.01010962389409542,0.4251731336116791,0.4875045716762543,-0.01347361784428358,0.44776010513305664,0.49301645159721375,-0.014748601242899895,0.46295565366744995,0.5056301355361938,-0.015146627090871334,0.40826892852783203,0.5512950420379639,-0.019967086613178253,0.42606788873672485,0.5107932090759277,-0.02129274420440197,0.4401434361934662,0.5054822564125061,-0.02011558786034584,0.45132961869239807,0.5100293755531311,-0.018943052738904953
0.3624937832355499,0.6257449984550476,8.261148565225085e-08,0.37603041529655457,0.5850989818572998,0.015444009564816952,0.39137983322143555,0.5463570356369019,0.01900043711066246,0.40603336691856384,0.5285703539848328,0.017536427825689316,0.4183170795440674,0.5188181400299072,0.015453736297786236,0.3857507109642029,0.5112841129302979,0.013467111624777317,0.4180813431739807,0.484665185213089,0.010346057824790478,0.4392319917678833,0.49219152331352234,0.007452233228832483,0.4536394476890564,0.5044004321098328,0.005754792597144842,0.39017170667648315,0.5146815180778503,0.0010617503430694342,0.42406848073005676,0.48020806908607483,-0.0019268834730610251,0.44714850187301636,0.4899631142616272,-0.004801812116056681,0.4604335129261017,0.5081401467323303,-0.006255530286580324,0.39750099182128906,0.5275942087173462,-0.010752622969448566,0.4255334734916687,0.4844721555709839,-0.012219426222145557,0.44833508133888245,0.4927699565887451,-0.012599421665072441,0.4620835483074188,0.5085147023200989,-0.012825052253901958,0.4082701504230499,0.5471721291542053,-0.02172352932393551,0.42689478397369385,0.5054149627685547,-0.02166939340531826,0.4417279362678528,0.5027342438697815,-0.019613826647400856,0.4522451162338257,0.5107409358024597,-0.018085598945617676
0.36152249574661255,0.6258003115653992,4.852391555232316e-08,0.3740684688091278,0.5819869637489319,0.017794843763113022,0.38930419087409973,0.5435531139373779,0.022347822785377502,0.4035273492336273,0.526848554611206,0.02112981304526329,0.4156564474105835,0.5178449749946594,0.019156726077198982,0.38535451889038086,0.5093847513198853,0.018542852252721786,0.4165944755077362,0.48277753591537476,0.016343459486961365,0.43699148297309875,0.4911297857761383,0.013614432886242867,0.45024144649505615,0.5062505006790161,0.012056690640747547,0.39029550552368164,0.5123971104621887,0.0048827254213392735,0.42257454991340637,0.4787212014198303,0.002736875554546714,0.4450010061264038,0.490600049495697,-0.00031892009428702295,0.45705536007881165,0.5116757750511169,-0.0018339718226343393,0.39794978499412537,0.5245433449745178,-0.008248340338468552,0.4246392846107483,0.4816018342971802,-0.008946405723690987,0.44701042771339417,0.4920758306980133,-0.009070685133337975,0.45987385511398315,0.5102092027664185,-0.009143554605543613,0.40905874967575073,0.5436066389083862,-0.02047818899154663,0.427228182554245,0.5018560290336609,-0.02015138603746891,0.44237348437309265,0.49891239404678345,-0.018094342201948166,0.45259422063827515,0.5070046782493591,-0.016566526144742966
0.36116844415664673,0.6273626089096069,3.93802146447797e-08,0.37389376759529114,0.5798755884170532,0.020574131980538368,0.3880365192890167,0.5420334935188293,0.02575967088341713,0.4016591012477875,0.5251768231391907,0.024403713643550873,0.41439223289489746,0.5152735114097595,0.021833613514900208,0.38495010137557983,0.5097334980964661,0.019913770258426666,0.41586700081825256,0.48337095975875854,0.01805403269827366,0.4362046420574188,0.49235811829566956,0.016044631600379944,0.4497704803943634,0.508057177066803,0.014977414160966873,0.3891761898994446,0.5135640501976013,0.0044373515993356705,0.4226616621017456,0.4804086983203888,0.001777891768142581,0.44517257809638977,0.49390891194343567,-0.0010602986440062523,0.4573943316936493,0.5161212682723999,-0.0020836475305259228,0.39633312821388245,0.5263932347297668,-0.010255404748022556,0.42382314801216125,0.48265939950942993,-0.011506769806146622,0.44643500447273254,0.4946192502975464,-0.01131734624505043,0.4594803750514984,0.5137917399406433,-0.010922419838607311,0.40689268708229065,0.5455897450447083,-0.023827478289604187,0.4250338673591614,0.5012696385383606,-0.024612491950392723,0.4403444230556488,0.49622175097465515,-0.02303166501224041,0.4510555565357208,0.5029343366622925,-0.021604198962450027
0.35952621698379517,0.6277557015419006,2.792245190619269e-08,0.37167832255363464,0.5793712735176086,0.02096334658563137,0.38656556606292725,0.5428375601768494,0.025881348177790642,0.4006568491458893,0.5271498560905457,0.024164395406842232,0.41380441188812256,0.5176671743392944,0.021152693778276443,0.383784681558609,0.5108121633529663,0.018133746460080147,0.41512927412986755,0.4832065999507904,0.015413227491080761,0.4351692199707031,0.4937301278114319,0.013363582082092762,0.4485519528388977,0.5096998810768127,0.012508136220276356,0.387768417596817,0.5148953199386597,0.0021796307992190123,0.42156434059143066,0.48018935322761536,-0.0010498984484001994,0.44376274943351746,0.49406909942626953,-0.00321804522536695,0.4556523859500885,0.5157530903816223,-0.0035956292413175106,0.39486658573150635,0.5286170840263367,-0.012921569868922234,0.422857403755188,0.484512060880661,-0.014971227385103703,0.445060133934021,0.49675652384757996,-0.014206811785697937,0.4575132131576538,0.5152349472045898,-0.013108777813613415,0.4054658114910126,0.5490971207618713,-0.026799531653523445,0.42410606145858765,0.503905713558197,-0.0281989723443985,0.4395714998245239,0.5006551742553711,-0.02612120285630226,0.45012837648391724,0.5091850161552429,-0.024058399721980095
0.36168161034584045,0.6305416822433472,2.2947572730913635e-08,0.37146449089050293,0.5805405974388123,0.01872885599732399,0.38503289222717285,0.5412935614585876,0.022701233625411987,0.39846116304397583,0.5227888226509094,0.020759185776114464,0.4117564558982849,0.5121822953224182,0.017918415367603302,0.38295963406562805,0.5116021633148193,0.015550747513771057,0.4126589894294739,0.48176607489585876,0.0127077242359519,0.431084007024765,0.48973947763442993,0.01083320751786232,0.442779541015625,0.504020631313324,0.010283978655934334,0.387185662984848,0.5146552324295044,0.0012565555516630411,0.4186194837093353,0.47989946603775024,-0.0012718196958303452,0.43829846382141113,0.49101951718330383,-0.0026058244984596968,0.44809022545814514,0.5106914043426514,-0.0024582732003182173,0.39416515827178955,0.5281686782836914,-0.012213671579957008,0.42095494270324707,0.48638013005256653,-0.013021852821111679,0.44037914276123047,0.49503910541534424,-0.011231186799705029,0.4509657919406891,0.5109286308288574,-0.009558087214827538,0.4043903648853302,0.5491013526916504,-0.024638328701257706,0.4225172698497772,0.5057063698768616,-0.023995263502001762,0.4363701343536377,0.5022434592247009,-0.02026473544538021,0.4455622434616089,0.5105496644973755,-0.01703997515141964
0.36209169030189514,0.6290385723114014,1.772019153634119e-08,0.3731498122215271,0.5852575898170471,0.012756984680891037,0.38894182443618774,0.5429129004478455,0.015697486698627472,0.40527579188346863,0.5218978524208069,0.01441948488354683,0.4195188879966736,0.5096598863601685,0.012772955931723118,0.38392096757888794,0.5115728378295898,0.009134280495345592,0.4166809022426605,0.47943243384361267,0.0038174239452928305,0.4347487688064575,0.4923090934753418,0.00093517464119941,0.44399482011795044,0.5092599987983704,0.0005366245750337839,0.38766396045684814,0.5157512426376343,-0.0014015616616234183,0.422693133354187,0.47849327325820923,-0.0060690646059811115,0.44164201617240906,0.49456438422203064,-0.008070497773587704,0.44859012961387634,0.5180811285972595,-0.007568718865513802,0.39446863532066345,0.5308151245117188,-0.011521480046212673,0.42368367314338684,0.48927825689315796,-0.015361440367996693,0.4422844350337982,0.5022250413894653,-0.014744075015187263,0.45033782720565796,0.521604597568512,-0.012644406408071518,0.4038168489933014,0.552524209022522,-0.020736148580908775,0.42238566279411316,0.509766697883606,-0.022812411189079285,0.43547624349594116,0.5072659850120544,-0.02063436061143875,0.44319677352905273,0.5157195329666138,-0.017778510227799416
0.3615594208240509,0.6290358304977417,1.270426874810937e-09,0.37136781215667725,0.5835849046707153,0.016918599605560303,0.38492774963378906,0.5422285795211792,0.0200318805873394,0.39938589930534363,0.5226259231567383,0.01789345033466816,0.4133562445640564,0.510842502117157,0.01493983156979084,0.3822477161884308,0.5127128958702087,0.0077171651646494865,0.415768563747406,0.47572797536849976,0.0021385429427027702,0.43320903182029724,0.49099934101104736,-0.0001885064848465845,0.44207173585891724,0.5102536678314209,-0.00036995121627114713,0.38588130474090576,0.5167583227157593,-0.005554761737585068,0.4223209321498871,0.4720863699913025,-0.01072570402175188,0.4414670765399933,0.4908517301082611,-0.011695905588567257,0.44820839166641235,0.5157943367958069,-0.010619575157761574,0.39265432953834534,0.5320836901664734,-0.017814267426729202,0.42289435863494873,0.48263201117515564,-0.0215574000030756,0.441990464925766,0.4997755289077759,-0.019189070910215378,0.4499174952507019,0.5218557715415955,-0.01625782437622547,0.40192896127700806,0.5545076727867126,-0.028893183916807175,0.4210312068462372,0.5090630650520325,-0.03150264918804169,0.43441662192344666,0.5077563524246216,-0.028953442350029945,0.4421311020851135,0.5168607234954834,-0.02597428672015667
0.36103126406669617,0.6302357316017151,-1.7220449066712717e-08,0.3695521056652069,0.5842387080192566,0.01828683353960514,0.38173332810401917,0.5434895157814026,0.021750109270215034,0.3958487808704376,0.524543821811676,0.019436534494161606,0.40897923707962036,0.5144301652908325,0.015979181975126266,0.3813199996948242,0.5114055871963501,0.00910276547074318,0.41473230719566345,0.4746979773044586,0.004028716590255499,0.43232619762420654,0.4898265600204468,0.001688612625002861,0.44074690341949463,0.5097708106040955,0.0014602760784327984,0.38537800312042236,0.5147149562835693,-0.004786517471075058,0.42223528027534485,0.4699784219264984,-0.00901227816939354,0.4411248564720154,0.48970335721969604,-0.009861448779702187,0.4467715322971344,0.5158137679100037,-0.008963496424257755,0.39259999990463257,0.5296620726585388,-0.017520740628242493,0.4235594868659973,0.4799387454986572,-0.020633721724152565,0.4424278140068054,0.5013997554779053,-0.018340378999710083,0.44896259903907776,0.5271762609481812,-0.015531906858086586,0.402029424905777,0.5521016120910645,-0.028965463861823082,0.4225974380970001,0.5067226886749268,-0.030812937766313553,0.43573707342147827,0.509452760219574,-0.02771933004260063,0.44201233983039856,0.5230053067207336,-0.02447991445660591
0.3610363304615021,0.6288409233093262,-2.783732888644863e-08,0.36961862444877625,0.5815238952636719,0.019932202994823456,0.38153010606765747,0.5417386293411255,0.023526016622781754,0.39583948254585266,0.5238790512084961,0.020777596160769463,0.408583402633667,0.5156676173210144,0.01662253774702549,0.38106703758239746,0.5093675255775452,0.01090248953551054,0.4150797724723816,0.4752064347267151,0.006635820958763361,0.4325132369995117,0.49067971110343933,0.004476087633520365,0.4403955340385437,0.5110153555870056,0.004232381004840136,0.385407954454422,0.511702299118042,-0.0038650925271213055,0.4233497381210327,0.46868500113487244,-0.006656579673290253,0.441676527261734,0.4902835786342621,-0.007037593051791191,0.4462253451347351,0.5170497894287109,-0.006225901190191507,0.393106073141098,0.5259929299354553,-0.01732841692864895,0.4250508248806,0.47666484117507935,-0.01887836493551731,0.44330984354019165,0.5013855695724487,-0.016048988327383995,0.44851523637771606,0.5289403200149536,-0.013386986218392849,0.40283915400505066,0.5481047034263611,-0.02944847196340561,0.424159437417984,0.5032205581665039,-0.029702186584472656,0.43712732195854187,0.5088104605674744,-0.025668233633041382,0.4424956142902374,0.5249226093292236,-0.02217639796435833
0.36144113540649414,0.6289052367210388,-3.9306030430452665e-08,0.3694733679294586,0.578774094581604,0.021089477464556694,0.38097935914993286,0.538375198841095,0.024920420721173286,0.3953726589679718,0.5202962756156921,0.02216598391532898,0.40846097469329834,0.5117764472961426,0.017864318564534187,0.381681889295578,0.5075293779373169,0.01132769975811243,0.4159841537475586,0.47384127974510193,0.006702107843011618,0.43300434947013855,0.48895999789237976,0.004489594139158726,0.44004833698272705,0.5104972720146179,0.004451849963515997,0.3859173059463501,0.5110761523246765,-0.004185170866549015,0.42418721318244934,0.46837925910949707,-0.0074847848154604435,0.4423176348209381,0.49015146493911743,-0.007820327766239643,0.44590744376182556,0.5186380743980408,-0.006712981499731541,0.39324450492858887,0.526252806186676,-0.018332045525312424,0.42576971650123596,0.47607848048210144,-0.02039421908557415,0.4440540671348572,0.5005238652229309,-0.01744060404598713,0.4487146735191345,0.5287511944770813,-0.014429133385419846,0.40267303586006165,0.5487574934959412,-0.030993910506367683,0.42506134510040283,0.5021189451217651,-0.03228432312607765,0.4378702640533447,0.506050169467926,-0.028664277866482735,0.44243863224983215,0.5211361646652222,-0.02513984590768814
0.36081385612487793,0.6318732500076294,-4.4985224434412885e-08,0.3693219721317291,0.5807664394378662,0.021524926647543907,0.3811402916908264,0.5403383374214172,0.025861116126179695,0.3959603011608124,0.5223650932312012,0.023466797545552254,0.40929514169692993,0.5130939483642578,0.019405104219913483,0.3813186585903168,0.5087810754776001,0.01270491536706686,0.4152796268463135,0.47770023345947266,0.008522233925759792,0.4326525628566742,0.4926508665084839,0.0063253906555473804,0.440801739692688,0.5122256875038147,0.006044070236384869,0.38519158959388733,0.512394905090332,-0.0031459718011319637,0.4230920970439911,0.47388017177581787,-0.006513513159006834,0.441721111536026,0.49608704447746277,-0.007447683718055487,0.4466349482536316,0.5231729745864868,-0.006865765433758497,0.39237111806869507,0.5275920033454895,-0.017637288197875023,0.4244333803653717,0.4813648462295532,-0.019893256947398186,0.4436796307563782,0.5045772790908813,-0.017863569781184196,0.4499206244945526,0.5307598114013672,-0.015533240512013435,0.40201088786125183,0.5500496029853821,-0.03059159219264984,0.42412224411964417,0.5032364726066589,-0.03148791193962097,0.43755877017974854,0.5078740119934082,-0.02787107042968273,0.4433920085430145,0.5229585766792297,-0.02452581562101841
0.3616582453250885,0.6314963102340698,-2.972709722826039e-08,0.3693743050098419,0.5824849009513855,0.018880346789956093,0.3808850049972534,0.5418489575386047,0.022310104221105576,0.39574265480041504,0.5229372978210449,0.019622841849923134,0.40883979201316833,0.5151788592338562,0.015538634732365608,0.38055190443992615,0.5068480968475342,0.011323334649205208,0.4154979884624481,0.4774888753890991,0.006341258063912392,0.43327340483665466,0.4948303997516632,0.003237575525417924,0.4415215849876404,0.5160447955131531,0.0024957999121397734,0.3853165805339813,0.5101104974746704,-0.0029220448341220617,0.42321324348449707,0.47432583570480347,-0.007002346683293581,0.44178128242492676,0.4983334243297577,-0.008800663985311985,0.4465939700603485,0.5263046622276306,-0.008625746704638004,0.3930549621582031,0.5249254703521729,-0.016006529331207275,0.4246654510498047,0.48237842321395874,-0.018476616591215134,0.4435715973377228,0.5064486861228943,-0.01713760755956173,0.44943052530288696,0.5326136350631714,-0.015077345073223114,0.4024021327495575,0.5462716221809387,-0.027775602415204048,0.42422133684158325,0.5023577809333801,-0.028309984132647514,0.43705883622169495,0.5068069100379944,-0.024878226220607758,0.44235020875930786,0.520676851272583,-0.021599655970931053
0.36072367429733276,0.6299045085906982,-1.5385893448183197e-08,0.36925673484802246,0.5787749886512756,0.020727872848510742,0.38059502840042114,0.5398772358894348,0.025220651179552078,0.3944658637046814,0.521588146686554,0.023377813398838043,0.4061214029788971,0.5142687559127808,0.019948424771428108,0.3798173666000366,0.5048815011978149,0.014748693443834782,0.4122949242591858,0.47820600867271423,0.01224956102669239,0.4305710196495056,0.4895016551017761,0.010150275193154812,0.44119593501091003,0.5052447319030762,0.00928844977170229,0.38541972637176514,0.5089964866638184,-0.0003669128636829555,0.4201262891292572,0.47516149282455444,-0.0021350192837417126,0.4391670823097229,0.4920034408569336,-0.0035924443509429693,0.4464735686779022,0.5157190561294556,-0.0038921392988413572,0.39334526658058167,0.5240735411643982,-0.014136046171188354,0.4225807189941406,0.48352497816085815,-0.014432284981012344,0.44153597950935364,0.5003275871276855,-0.012457496486604214,0.44938424229621887,0.5220146775245667,-0.010784448124468327,0.4030229151248932,0.545818567276001,-0.026604220271110535,0.42158812284469604,0.5023790597915649,-0.025637036189436913,0.4345594048500061,0.502173662185669,-0.02159298211336136,0.4416356086730957,0.5121811628341675,-0.01830625720322132
0.36128467321395874,0.6293993592262268,-2.0495942720799576e-08,0.3697258532047272,0.5797607898712158,0.021180182695388794,0.38115206360816956,0.5404808521270752,0.025785457342863083,0.3946995735168457,0.5222492218017578,0.024027811363339424,0.4067769944667816,0.5152548551559448,0.020573386922478676,0.38173022866249084,0.5038002133369446,0.014658140949904919,0.4148925542831421,0.478711873292923,0.012097674421966076,0.4333580732345581,0.4914538860321045,0.009711175225675106,0.4434119462966919,0.5077031254768372,0.008653375320136547,0.3863445818424225,0.5079569220542908,-0.0006303186528384686,0.4227135181427002,0.4794488251209259,-0.0027277038898319006,0.4416947066783905,0.499639093875885,-0.004707453306764364,0.44788166880607605,0.5249961614608765,-0.005361755844205618,0.39317598938941956,0.5230737328529358,-0.014481314457952976,0.42377400398254395,0.4858938753604889,-0.014797840267419815,0.4431565999984741,0.5050039291381836,-0.013226530514657497,0.4505864679813385,0.5283159613609314,-0.011903938837349415,0.4015263617038727,0.5442246198654175,-0.02695903740823269,0.42130720615386963,0.5027004480361938,-0.02589334361255169,0.43450671434402466,0.5029205679893494,-0.022077210247516632,0.44116029143333435,0.5127213597297668,-0.019091665744781494
0.3586539328098297,0.6258166432380676,7.711087768313973e-09,0.36979803442955017,0.5758768916130066,0.018604153767228127,0.38302886486053467,0.5373993515968323,0.022435633465647697,0.3975715637207031,0.5212090015411377,0.020250989124178886,0.4093709886074066,0.5149162411689758,0.01673887111246586,0.38210010528564453,0.5034345984458923,0.014294580556452274,0.41562020778656006,0.48005807399749756,0.010234984569251537,0.43459418416023254,0.49392205476760864,0.006702285259962082,0.44519737362861633,0.5116255879402161,0.005094798281788826,0.38649579882621765,0.5084241032600403,-7.137351349228993e-05,0.42256960272789,0.47923773527145386,-0.003973872866481543,0.44257187843322754,0.49829939007759094,-0.007133184466511011,0.4499148428440094,0.523703932762146,-0.008078297600150108,0.3932379186153412,0.5233328938484192,-0.013407372869551182,0.4234623312950134,0.4851340651512146,-0.015576937235891819,0.44355884194374084,0.5032422542572021,-0.014679762534797192,0.45161089301109314,0.5261291265487671,-0.01302652433514595,0.40197816491127014,0.5445654988288879,-0.025631148368120193,0.4216262996196747,0.5028364658355713,-0.025975452736020088,0.4352240562438965,0.5029535293579102,-0.022677872329950333,0.4421922564506531,0.5131270289421082,-0.019522476941347122
0.3574647605419159,0.6225995421409607,1.747074662716841e-08,0.3686862587928772,0.5713884234428406,0.018849002197384834,0.3829672336578369,0.5332183837890625,0.02269318886101246,0.3976987302303314,0.5185744762420654,0.020611785352230072,0.4103888273239136,0.5117402076721191,0.017286520451307297,0.3831898868083954,0.5022816061973572,0.013814630918204784,0.41634097695350647,0.47856539487838745,0.009495030157268047,0.4354148507118225,0.49251604080200195,0.006120182108134031,0.44583290815353394,0.5102748870849609,0.004704893101006746,0.3877042531967163,0.507999837398529,-0.0006013347883708775,0.4230926036834717,0.4768284559249878,-0.004942389205098152,0.44307056069374084,0.49546653032302856,-0.007642336189746857,0.4501110315322876,0.5203251838684082,-0.008083898574113846,0.3940863311290741,0.5237003564834595,-0.01397843100130558,0.4239732623100281,0.4840650260448456,-0.016512112691998482,0.4440512955188751,0.5006008148193359,-0.015225062146782875,0.45207679271698,0.5222108960151672,-0.013205103576183319,0.4025125801563263,0.5467348694801331,-0.026158608496189117,0.42334628105163574,0.5055041313171387,-0.02703690528869629,0.4371234178543091,0.5054957270622253,-0.023788725957274437,0.4439142644405365,0.5152816772460938,-0.020511973649263382
0.3576287031173706,0.6203462481498718,2.4554243083230176e-09,0.36921167373657227,0.5699335932731628,0.02015509456396103,0.383896142244339,0.5315343737602234,0.02503158710896969,0.3983970582485199,0.5178732872009277,0.023840587586164474,0.4112741947174072,0.5109336376190186,0.02153012715280056,0.38522252440452576,0.5010867714881897,0.01552370935678482,0.41829437017440796,0.47511306405067444,0.011510143056511879,0.43671464920043945,0.49015626311302185,0.008811336010694504,0.4461307227611542,0.509503960609436,0.008107729256153107,0.3897176682949066,0.5071761608123779,0.0008041389519348741,0.4247504770755768,0.47455260157585144,-0.003067642217501998,0.44406306743621826,0.4928068518638611,-0.004926897585391998,0.4501919150352478,0.517871618270874,-0.00460949307307601,0.39576223492622375,0.5230458974838257,-0.012914761900901794,0.42541149258613586,0.48245182633399963,-0.015124828554689884,0.4447093605995178,0.498091459274292,-0.013151640072464943,0.45214077830314636,0.5191895961761475,-0.010546927340328693,0.40382277965545654,0.5461912751197815,-0.02532634511590004,0.42434486746788025,0.5045933723449707,-0.02634727582335472,0.43780606985092163,0.5035915374755859,-0.023137465119361877,0.4442759156227112,0.5125745534896851,-0.019686954095959663
0.3581436574459076,0.6198697090148926,-7.739870078182776e-09,0.3713415563106537,0.5696088671684265,0.019381968304514885,0.3865708112716675,0.5308363437652588,0.024371447041630745,0.4011228680610657,0.5158635377883911,0.023522991687059402,0.4136956036090851,0.5080111026763916,0.02153182029724121,0.3874910771846771,0.4996657371520996,0.015819448977708817,0.4221310019493103,0.47680166363716125,0.012237640097737312,0.4398946762084961,0.49257031083106995,0.009819204919040203,0.4481661915779114,0.5114436745643616,0.009333576075732708,0.39116325974464417,0.504583477973938,0.002054530428722501,0.42902275919914246,0.47584617137908936,-0.0010249868500977755,0.4469698965549469,0.4968540072441101,-0.002853082725778222,0.4516138434410095,0.5223864912986755,-0.002653667004778981,0.396648108959198,0.5198778510093689,-0.010727603919804096,0.4286920130252838,0.4814906120300293,-0.012331563979387283,0.44651591777801514,0.5008254647254944,-0.010794105008244514,0.45204365253448486,0.5234895944595337,-0.008663260377943516,0.4036489427089691,0.5429394841194153,-0.022185172885656357,0.42540889978408813,0.5016726851463318,-0.022975586354732513,0.43826207518577576,0.5024654269218445,-0.0200396366417408,0.44349873065948486,0.5121942162513733,-0.01690230891108513
0.359236478805542,0.6191275119781494,-1.3400594411905331e-08,0.3756345808506012,0.5742303729057312,0.02094813622534275,0.3913583755493164,0.537451982498169,0.0263880155980587,0.4060661792755127,0.5224079489707947,0.02564961276948452,0.417019784450531,0.5145868062973022,0.023641249164938927,0.3900209665298462,0.501234233379364,0.017446104437112808,0.42543819546699524,0.47973117232322693,0.015251812525093555,0.4424690306186676,0.49605417251586914,0.013165255077183247,0.45016729831695557,0.5135130286216736,0.012325946241617203,0.3931847810745239,0.5055679082870483,0.0027754493057727814,0.43251919746398926,0.4773850440979004,0.001008919207379222,0.44987985491752625,0.4996282458305359,-0.0008272501872852445,0.4540557265281677,0.5242693424224854,-0.0011369824642315507,0.3986245393753052,0.5205530524253845,-0.010654560290277004,0.4308083653450012,0.4804563522338867,-0.010934378951787949,0.4475110173225403,0.5018196105957031,-0.008997793309390545,0.45216938853263855,0.524227499961853,-0.007258187048137188,0.4054156541824341,0.5430585145950317,-0.022686168551445007,0.4255427122116089,0.5020256638526917,-0.022277293726801872,0.43713003396987915,0.5039304494857788,-0.018643539398908615,0.4417199492454529,0.5137300491333008,-0.015537332743406296
0.35857123136520386,0.6193199157714844,-1.5927996699360847e-08,0.37438294291496277,0.5771892070770264,0.020579438656568527,0.39076632261276245,0.5415103435516357,0.02649661712348461,0.4051457345485687,0.5269269347190857,0.026522653177380562,0.4156767725944519,0.5191918015480042,0.025556275621056557,0.389719158411026,0.5018078684806824,0.01910354383289814,0.42394202947616577,0.48101526498794556,0.018767857924103737,0.44069111347198486,0.4965903162956238,0.017577627673745155,0.44933897256851196,0.5126206278800964,0.016891425475478172,0.3936808109283447,0.5042212009429932,0.005112605169415474,0.4317866563796997,0.4790582060813904,0.005669621285051107,0.44850781559944153,0.49985018372535706,0.004620549734681845,0.4534579813480377,0.5214086174964905,0.004145082086324692,0.39991307258605957,0.5186115503311157,-0.007740476634353399,0.43035414814949036,0.48007720708847046,-0.006502711214125156,0.446486234664917,0.5001652240753174,-0.004429177846759558,0.4518837034702301,0.5214716792106628,-0.0032381133642047644,0.4075694978237152,0.5408589243888855,-0.019302094355225563,0.4259014427661896,0.501480221748352,-0.01806427352130413,0.43746238946914673,0.5036116242408752,-0.014479384757578373,0.44332361221313477,0.5133894681930542,-0.011789471842348576
0.35808664560317993,0.6191579103469849,2.2530405985321522e-08,0.37668874859809875,0.5822848677635193,0.01459391601383686,0.3943280577659607,0.544180691242218,0.01956014335155487,0.40732577443122864,0.5260156393051147,0.020188946276903152,0.41644155979156494,0.514880895614624,0.020686941221356392,0.39137691259384155,0.5028525590896606,0.015767576172947884,0.42524072527885437,0.48149240016937256,0.015228861942887306,0.4414917826652527,0.49563223123550415,0.014032799750566483,0.44957372546195984,0.5115545392036438,0.013642234727740288,0.3938122093677521,0.5029997229576111,0.005641516298055649,0.43051016330718994,0.4776277542114258,0.006034119985997677,0.44734784960746765,0.4946475625038147,0.005019177217036486,0.45363250374794006,0.514114260673523,0.004893904086202383,0.3993612825870514,0.5153964757919312,-0.003882736200466752,0.4291810095310211,0.48028743267059326,-0.0031008238438516855,0.44563305377960205,0.4968956708908081,-0.001952685066498816,0.45233139395713806,0.5162906646728516,-0.0010635327780619264,0.4076305031776428,0.5366206765174866,-0.012544339522719383,0.42725154757499695,0.5012342929840088,-0.011098814196884632,0.43910354375839233,0.5054211020469666,-0.0076943328604102135,0.4452187418937683,0.5174269676208496,-0.004902137443423271
0.3566330671310425,0.6201081275939941,1.6753382681145013e-08,0.3777114152908325,0.5905253887176514,0.01334962248802185,0.396253764629364,0.5509307980537415,0.018204661086201668,0.4090147912502289,0.530321478843689,0.019187279045581818,0.41762590408325195,0.5167378783226013,0.02022089995443821,0.39234164357185364,0.5078184008598328,0.012430512346327305,0.4266831576824188,0.4818952679634094,0.011096501722931862,0.44233226776123047,0.49689167737960815,0.01013584528118372,0.44893330335617065,0.514988899230957,0.010208899155259132,0.39319607615470886,0.5073617696762085,0.0031229108572006226,0.4317874312400818,0.47598105669021606,0.0022038468159735203,0.44814327359199524,0.49397173523902893,0.0018026384059339762,0.453267365694046,0.514684796333313,0.0024661957286298275,0.397494375705719,0.5191056132316589,-0.005577695555984974,0.4299616515636444,0.4805205166339874,-0.006137941498309374,0.44556063413619995,0.4979432225227356,-0.004545996896922588,0.4507761001586914,0.5181124210357666,-0.00306282308883965,0.4046900272369385,0.5397083163261414,-0.013402879238128662,0.42582565546035767,0.5041730403900146,-0.013280574232339859,0.43711739778518677,0.5092353224754333,-0.01032007485628128,0.4423138201236725,0.5219714641571045,-0.007663669530302286
0.3562701642513275,0.6215468049049377,3.790155300720244e-09,0.37594056129455566,0.5861784219741821,0.01590709201991558,0.39375507831573486,0.5470744371414185,0.020642396062612534,0.4077494144439697,0.5291211605072021,0.02071722410619259,0.41778674721717834,0.5179382562637329,0.020541450008749962,0.38977569341659546,0.5054888725280762,0.012840722687542439,0.4249655306339264,0.47946134209632874,0.011168662458658218,0.4404430091381073,0.4975111782550812,0.009726621210575104,0.4471209645271301,0.5171946883201599,0.009099263697862625,0.392432302236557,0.5074194073677063,0.0014960737898945808,0.43135693669319153,0.47332292795181274,0.0005700135370716453,0.4481034576892853,0.4921267628669739,-0.0004083063977304846,0.4534478783607483,0.5127042531967163,-0.0005480752442963421,0.3984163999557495,0.5219584703445435,-0.008896145969629288,0.4305638074874878,0.47608888149261475,-0.009249630384147167,0.446781724691391,0.4943001866340637,-0.007454792037606239,0.45253852009773254,0.5153711438179016,-0.006214022636413574,0.4070364236831665,0.5457955002784729,-0.01826809160411358,0.4273972809314728,0.506727933883667,-0.018365560099482536,0.43921515345573425,0.5107917785644531,-0.015374246053397655,0.44564324617385864,0.5229581594467163,-0.01286665815860033
0.3564993441104889,0.6210901141166687,2.841207802362078e-08,0.3787446618080139,0.5924533009529114,0.01126145664602518,0.39670830965042114,0.5530555248260498,0.014744749292731285,0.40936708450317383,0.5318155884742737,0.014749368652701378,0.417911559343338,0.5184730887413025,0.014899857342243195,0.3901783525943756,0.5032607913017273,0.008526459336280823,0.42590096592903137,0.47695061564445496,0.0065255314111709595,0.44135385751724243,0.49563300609588623,0.004839357919991016,0.4470667243003845,0.5148437023162842,0.004146911203861237,0.39158013463020325,0.5029297471046448,7.027652463875711e-05,0.4312768578529358,0.4686220586299896,-0.0008518050890415907,0.44780826568603516,0.4880317151546478,-0.0016189321177080274,0.4521673321723938,0.5088439583778381,-0.0016188195440918207,0.3969929814338684,0.5160911679267883,-0.007662239018827677,0.4305550456047058,0.4721471667289734,-0.008088198490440845,0.4464907646179199,0.49119076132774353,-0.006596613209694624,0.4511347711086273,0.5125916004180908,-0.0054519884288311005,0.40522485971450806,0.5389458537101746,-0.014664785005152225,0.4279685616493225,0.5029195547103882,-0.014426423236727715,0.43974974751472473,0.5102947354316711,-0.01130647026002407,0.4448290467262268,0.5252251029014587,-0.008659624494612217
0.35648423433303833,0.6166201233863831,3.9905652116090096e-09,0.3785044848918915,0.5859279632568359,0.013050343841314316,0.39603328704833984,0.5466954708099365,0.016691092401742935,0.40897229313850403,0.5269720554351807,0.016130318865180016,0.4176797866821289,0.5156581401824951,0.015346967615187168,0.3911978006362915,0.49898451566696167,0.009591224603354931,0.4270172417163849,0.47143542766571045,0.006995070725679398,0.4423697590827942,0.4919283390045166,0.005158204585313797,0.4471277892589569,0.5124682784080505,0.004552867729216814,0.392947256565094,0.49951422214508057,-0.00041638468974269927,0.4337446391582489,0.4641897678375244,-0.0018533698748797178,0.4495914876461029,0.4871145784854889,-0.002583563793450594,0.4516866207122803,0.5107271671295166,-0.0023476534988731146,0.3986055254936218,0.513468325138092,-0.009635752066969872,0.4333692193031311,0.46986737847328186,-0.010195545852184296,0.44885942339897156,0.49177706241607666,-0.00810926128178835,0.4517936706542969,0.5145047903060913,-0.006426021456718445,0.40646687150001526,0.5372148752212524,-0.018031835556030273,0.42948395013809204,0.4993025064468384,-0.017961490899324417,0.44089415669441223,0.5074787139892578,-0.01435527391731739,0.4446257948875427,0.5230743885040283,-0.01123583409935236
0.3555227816104889,0.6133261919021606,-2.2335928662187143e-08,0.3742028772830963,0.5701825022697449,0.01926305517554283,0.3910859525203705,0.5342342257499695,0.02349969930946827,0.4068514108657837,0.521331250667572,0.021898122504353523,0.4185561537742615,0.5162108540534973,0.019437463954091072,0.38929256796836853,0.4961564540863037,0.012704414315521717,0.42706751823425293,0.46991902589797974,0.010237708687782288,0.4418589472770691,0.4899497628211975,0.008712062612175941,0.4466898739337921,0.5098368525505066,0.008283332921564579,0.39323896169662476,0.500890851020813,-0.001242443802766502,0.4353777766227722,0.46445971727371216,-0.0022852106485515833,0.45039018988609314,0.48730283975601196,-0.0026329639367759228,0.451922208070755,0.509680986404419,-0.0022225030697882175,0.40025344491004944,0.5181518197059631,-0.013799411244690418,0.43560218811035156,0.46969515085220337,-0.013604966923594475,0.4503958821296692,0.4918053150177002,-0.010165375657379627,0.45242440700531006,0.5140764713287354,-0.007679591421037912,0.40897056460380554,0.5448680520057678,-0.025051627308130264,0.4319438338279724,0.5018343925476074,-0.023949284106492996,0.4429384171962738,0.5086775422096252,-0.01877778023481369,0.4462391138076782,0.5228517651557922,-0.01465320773422718
0.35529136657714844,0.6138676404953003,-1.0676564521361342e-08,0.376227468252182,0.575571596622467,0.018474476411938667,0.3943709433078766,0.5387320518493652,0.02286204695701599,0.4103640913963318,0.5232906937599182,0.02187563292682171,0.42194247245788574,0.5153306126594543,0.020267758518457413,0.3913666903972626,0.496089905500412,0.01153069268912077,0.4289928078651428,0.4713554382324219,0.00941272173076868,0.443692684173584,0.49191439151763916,0.008403033018112183,0.4487805962562561,0.5118681192398071,0.008268546313047409,0.3942682445049286,0.49987250566482544,-0.0018875531386584044,0.4367443323135376,0.46355339884757996,-0.0031441799364984035,0.45276522636413574,0.4857467710971832,-0.0030660356860607862,0.455657958984375,0.5088090896606445,-0.0022330298088490963,0.4004495143890381,0.5168302059173584,-0.013933385722339153,0.43615710735321045,0.47054681181907654,-0.014034218154847622,0.4510435461997986,0.4924249053001404,-0.010637917555868626,0.4535638391971588,0.5147165656089783,-0.00820188783109188,0.4085458517074585,0.5436223745346069,-0.02470249868929386,0.43107423186302185,0.5033923983573914,-0.023969754576683044,0.44141554832458496,0.5106314420700073,-0.019215146079659462,0.44463837146759033,0.5253827571868896,-0.015375848859548569
0.35225391387939453,0.6143102645874023,5.7266404951406e-09,0.3783409595489502,0.5891785621643066,0.01266944594681263,0.3997054696083069,0.5545966029167175,0.016790522262454033,0.4150293171405792,0.5359340906143188,0.017450673505663872,0.4235369861125946,0.5251996517181396,0.018127141520380974,0.3948128819465637,0.5010066628456116,0.007969291880726814,0.43206214904785156,0.47806844115257263,0.006365454755723476,0.4470621943473816,0.49731209874153137,0.00570126436650753,0.45171865820884705,0.515903890132904,0.005831039976328611,0.39618170261383057,0.5011364221572876,-0.001017924165353179,0.43855059146881104,0.46645036339759827,-0.0018315804190933704,0.4554620385169983,0.4867352843284607,-0.001319240895099938,0.45977768301963806,0.5086637735366821,-0.0002516518288757652,0.4003623127937317,0.5160622596740723,-0.009053021669387817,0.4364546239376068,0.47514796257019043,-0.009504447691142559,0.4523012936115265,0.49513158202171326,-0.0072789741680026054,0.4564121961593628,0.5166442394256592,-0.0056540886871516705,0.406850129365921,0.5419719815254211,-0.016129352152347565,0.43159055709838867,0.5091331601142883,-0.015820177271962166,0.44240519404411316,0.5163705348968506,-0.012362783774733543,0.44602343440055847,0.5300167798995972,-0.00951489806175232
0.3505704700946808,0.620208203792572,4.9324398787575774e-08,0.37586838006973267,0.5820505619049072,0.01439173985272646,0.39828360080718994,0.5483724474906921,0.01794147863984108,0.4154256582260132,0.5349323749542236,0.017522763460874557,0.428059846162796,0.5262609720230103,0.017004424706101418,0.39423057436943054,0.5049669742584229,0.00970129482448101,0.4332844316959381,0.48225969076156616,0.008334205485880375,0.44963085651397705,0.49754598736763,0.00786422286182642,0.4586150050163269,0.5141540765762329,0.007919088937342167,0.3968886137008667,0.5105319023132324,-0.0007411718834191561,0.4400363564491272,0.4752372205257416,-0.0011140652932226658,0.4569782614707947,0.49199187755584717,-0.0008645317866466939,0.46520695090293884,0.5107669830322266,-0.00010875082080019638,0.4020719528198242,0.5302671194076538,-0.010139561258256435,0.43820226192474365,0.4858037829399109,-0.009452324360609055,0.45370256900787354,0.5006987452507019,-0.006936501245945692,0.46138525009155273,0.5179449915885925,-0.005578316282480955,0.4096153974533081,0.560313880443573,-0.0185527466237545,0.43225374817848206,0.5217209458351135,-0.01680765114724636,0.4418272078037262,0.5218939185142517,-0.012683720327913761,0.44801831245422363,0.5287721157073975,-0.009660349227488041
0.3504903316497803,0.6195415258407593,4.4269850008049616e-08,0.3717248737812042,0.5684139132499695,0.016438810154795647,0.39281681180000305,0.5357166528701782,0.020281104370951653,0.41137874126434326,0.525066077709198,0.019490953534841537,0.42724478244781494,0.5231081247329712,0.018616003915667534,0.39200663566589355,0.5074133276939392,0.012898663058876991,0.4303182065486908,0.48224806785583496,0.011393166147172451,0.4471234679222107,0.49304354190826416,0.011216273531317711,0.45673316717147827,0.5058653950691223,0.011441788636147976,0.39845016598701477,0.5178797841072083,0.001073571271263063,0.4385944604873657,0.48091381788253784,-0.0001988950534723699,0.45588454604148865,0.49253615736961365,6.75908086122945e-05,0.4649425148963928,0.5071238875389099,0.0011728466488420963,0.4059092700481415,0.538672149181366,-0.009768796153366566,0.43980324268341064,0.4914894700050354,-0.009382685646414757,0.4571731686592102,0.4987698495388031,-0.005425501149147749,0.46839725971221924,0.5095378160476685,-0.002666882937774062,0.414255291223526,0.5693338513374329,-0.01968402788043022,0.4357300400733948,0.5271552801132202,-0.0174771249294281,0.44868454337120056,0.5202558040618896,-0.012243052944540977,0.4588252604007721,0.5206231474876404,-0.008243213407695293
0.3519250154495239,0.618044376373291,3.828964167951199e-08,0.36720898747444153,0.565854012966156,0.014291506260633469,0.3861960470676422,0.5324735641479492,0.017028259113430977,0.40257105231285095,0.5209450721740723,0.015610180795192719,0.4184640645980835,0.5177043080329895,0.013895152136683464,0.39097484946250916,0.5101011991500854,0.008361412212252617,0.42572253942489624,0.48020875453948975,0.004764971323311329,0.44392162561416626,0.48945003747940063,0.0031516775488853455,0.4551679193973541,0.5032402276992798,0.002422521822154522,0.39836952090263367,0.5194893479347229,-0.002644659485667944,0.4349432587623596,0.4793323278427124,-0.005765129812061787,0.45312389731407166,0.4898848533630371,-0.0067640081979334354,0.4626181721687317,0.5063316822052002,-0.006686519365757704,0.4058757424354553,0.5393204689025879,-0.01268957369029522,0.43738067150115967,0.4920122027397156,-0.013936594128608704,0.45470869541168213,0.49875110387802124,-0.01161312684416771,0.46626973152160645,0.5111408233642578,-0.010039442218840122,0.41376182436943054,0.5697878003120422,-0.021866537630558014,0.43391749262809753,0.5314734578132629,-0.02182292751967907,0.4464408755302429,0.5250545740127563,-0.018326349556446075,0.4563586115837097,0.5262138247489929,-0.015443602576851845
0.3527827858924866,0.6155920624732971,1.512245617618646e-08,0.3636617958545685,0.563560962677002,0.012671737931668758,0.38165339827537537,0.5298814177513123,0.015294736251235008,0.39849838614463806,0.5159327983856201,0.014425805769860744,0.4136088788509369,0.5110882520675659,0.01350178848952055,0.3896629214286804,0.5084707140922546,0.006472326815128326,0.4209880828857422,0.4768849313259125,0.0035469280555844307,0.4379926323890686,0.485796719789505,0.0032560424879193306,0.4481121599674225,0.4993323087692261,0.0037962053902447224,0.39887672662734985,0.5194636583328247,-0.003049359889701009,0.4317491054534912,0.47915247082710266,-0.00575569923967123,0.44864875078201294,0.48770877718925476,-0.0055357180535793304,0.4577298164367676,0.5021233558654785,-0.0043982756324112415,0.40770795941352844,0.5389379858970642,-0.011616827920079231,0.4362565279006958,0.49467310309410095,-0.01255402248352766,0.45317625999450684,0.49825578927993774,-0.00925299059599638,0.46452242136001587,0.508538544178009,-0.006736564449965954,0.41605696082115173,0.5675222873687744,-0.01941654458642006,0.4359591007232666,0.5279415249824524,-0.01852785423398018,0.4486405551433563,0.5202248096466064,-0.013974864035844803,0.4584813714027405,0.520493745803833,-0.010137608274817467
0.35328274965286255,0.6116887927055359,2.9787448951879014e-08,0.3628169894218445,0.5590618252754211,0.01185129676014185,0.37930241227149963,0.5240647196769714,0.01464952901005745,0.3956328332424164,0.5090740919113159,0.014204471372067928,0.4110921621322632,0.5034240484237671,0.013880814425647259,0.38903918862342834,0.5044990181922913,0.00753604294732213,0.4192633330821991,0.4760775864124298,0.005576853174716234,0.4348303973674774,0.48473772406578064,0.00626306002959609,0.4439678192138672,0.4984477758407593,0.007510976865887642,0.3986281156539917,0.5157136917114258,-0.0013286604080349207,0.43070393800735474,0.4782583713531494,-0.0035084288101643324,0.44807249307632446,0.48407500982284546,-0.0025696686934679747,0.45853039622306824,0.49608293175697327,-0.0005821952945552766,0.40781548619270325,0.5352380871772766,-0.009430781938135624,0.4353559911251068,0.49311429262161255,-0.010376699268817902,0.45281845331192017,0.4939956068992615,-0.006667519919574261,0.46503746509552,0.5012654066085815,-0.003417836967855692,0.41625961661338806,0.5636975169181824,-0.016811225563287735,0.4359486997127533,0.5230026245117188,-0.015894442796707153,0.44816407561302185,0.5145049095153809,-0.010785892605781555,0.45767828822135925,0.5147340893745422,-0.006165666040033102
0.35342153906822205,0.6070744395256042,7.497617815488411e-08,0.3656427562236786,0.55470871925354,0.013903877697885036,0.38212302327156067,0.5201284289360046,0.01763753779232502,0.39786654710769653,0.509528398513794,0.017528856173157692,0.4131711423397064,0.5082377791404724,0.017127014696598053,0.390198677778244,0.5003570914268494,0.01236872747540474,0.42226916551589966,0.4794169068336487,0.011639285832643509,0.43909451365470886,0.4859999716281891,0.011629045009613037,0.45016875863075256,0.49759772419929504,0.012052188627421856,0.39816710352897644,0.5093536972999573,0.0027388213202357292,0.4317508637905121,0.4775276780128479,0.002042816486209631,0.44885286688804626,0.4847853183746338,0.002500391099601984,0.4594438970088959,0.49749141931533813,0.0040180739015340805,0.4065198600292206,0.5282407402992249,-0.006133174058049917,0.4348554015159607,0.4900507926940918,-0.0057052671909332275,0.45189961791038513,0.4926705062389374,-0.002545396564528346,0.4636053740978241,0.5001707077026367,0.0001349619124084711,0.4147297441959381,0.5565792322158813,-0.014168724417686462,0.43444526195526123,0.5174362063407898,-0.012129911221563816,0.4462447166442871,0.5100123882293701,-0.007026000879704952,0.4554808735847473,0.5102358460426331,-0.0025283165741711855
0.3527017831802368,0.6010977029800415,7.568286264358903e-08,0.36525213718414307,0.5482434034347534,0.013913455419242382,0.38175374269485474,0.5156489014625549,0.017033491283655167,0.39845025539398193,0.5072886943817139,0.015993328765034676,0.4140470325946808,0.5079712271690369,0.014470333233475685,0.38797008991241455,0.49772772192955017,0.012332295067608356,0.42040181159973145,0.47717413306236267,0.010991702787578106,0.4372459650039673,0.4835926294326782,0.010632641613483429,0.4480726420879364,0.4957176744937897,0.010954630561172962,0.3963552415370941,0.5057556629180908,0.002405630424618721,0.4301818013191223,0.4736291766166687,0.0016471517737954855,0.446772038936615,0.48124560713768005,0.0022884048521518707,0.45690277218818665,0.4943910241127014,0.003959564492106438,0.405532568693161,0.5239561796188354,-0.006837402004748583,0.43425512313842773,0.48482733964920044,-0.006234721280634403,0.4511200785636902,0.48837050795555115,-0.002642910461872816,0.46245425939559937,0.4967513084411621,0.00032795974402688444,0.41467440128326416,0.5519683361053467,-0.015319645404815674,0.4347054362297058,0.512080192565918,-0.01310973335057497,0.44670772552490234,0.5049312114715576,-0.007649801205843687,0.4559701681137085,0.5052573084831238,-0.0029046537820249796
0.35321587324142456,0.5946614146232605,7.561134651723478e-08,0.3660968542098999,0.5438764095306396,0.01461166050285101,0.3820931613445282,0.5136366486549377,0.017815643921494484,0.39864581823349,0.5060815215110779,0.01685045287013054,0.41364988684654236,0.5078824162483215,0.015248100273311138,0.3883878290653229,0.4945310950279236,0.011785769835114479,0.4212932884693146,0.4772973656654358,0.010935474187135696,0.43753716349601746,0.4848365783691406,0.011040279641747475,0.4474670886993408,0.49756184220314026,0.01161691453307867,0.3969421982765198,0.50189208984375,0.0016632897313684225,0.4313811659812927,0.47128012776374817,0.0009932650718837976,0.4474523663520813,0.4797881245613098,0.001964817987754941,0.45649245381355286,0.4937867224216461,0.0039019372779875994,0.4059942960739136,0.5196501016616821,-0.007537826895713806,0.4347842335700989,0.4811375141143799,-0.006637061946094036,0.4511460065841675,0.4857487082481384,-0.0027207667008042336,0.46167853474617004,0.4945303499698639,0.00045076696551404893,0.4147270619869232,0.5477299094200134,-0.015837086364626884,0.4353044629096985,0.5083304643630981,-0.013058020733296871,0.4468840956687927,0.5026898980140686,-0.0069600665010511875,0.45522260665893555,0.5043744444847107,-0.0017884725239127874
0.35312697291374207,0.5882473587989807,3.786360380786391e-08,0.3648100793361664,0.5375468730926514,0.015011532232165337,0.37983664870262146,0.5095741748809814,0.018425609916448593,0.39593541622161865,0.5022926926612854,0.017697131261229515,0.4101908802986145,0.5063709020614624,0.016342274844646454,0.3884376883506775,0.4913424253463745,0.012001151219010353,0.4197700023651123,0.4814634323120117,0.01182074286043644,0.4348376393318176,0.49111872911453247,0.012585812248289585,0.4436139464378357,0.5047773122787476,0.013560841791331768,0.3982810080051422,0.49976760149002075,0.0019091860158368945,0.43088820576667786,0.472135066986084,0.001784040592610836,0.44540953636169434,0.4804884195327759,0.0032428884878754616,0.4528532922267914,0.49479979276657104,0.005286148749291897,0.40784305334091187,0.5177984237670898,-0.007179388776421547,0.43597277998924255,0.4801018238067627,-0.005940991919487715,0.45135441422462463,0.4857979118824005,-0.0021057873964309692,0.4610115885734558,0.4958089590072632,0.0008196309790946543,0.4166105389595032,0.5450535416603088,-0.01529244240373373,0.43783101439476013,0.5082768201828003,-0.012569093145430088,0.44948241114616394,0.505322277545929,-0.006713816896080971,0.45766156911849976,0.5086393356323242,-0.0018199756741523743
0.35316887497901917,0.5828937888145447,3.7758237425578045e-08,0.36493873596191406,0.5336214900016785,0.016235370188951492,0.3798500597476959,0.5067337155342102,0.02037971280515194,0.39517542719841003,0.4989193081855774,0.02007712610065937,0.40855494141578674,0.5020907521247864,0.019085025414824486,0.38925445079803467,0.4877264201641083,0.014511704444885254,0.4205983877182007,0.4808834195137024,0.01545763574540615,0.43587037920951843,0.49031689763069153,0.01690630614757538,0.44396787881851196,0.5043244957923889,0.01839715614914894,0.39954760670661926,0.49643030762672424,0.004122965503484011,0.4326220452785492,0.47466787695884705,0.005935539957135916,0.44683027267456055,0.4849948287010193,0.008116485550999641,0.4532696306705475,0.5003101229667664,0.010410795919597149,0.4094507694244385,0.5146903395652771,-0.005232914816588163,0.4383133351802826,0.48351526260375977,-0.0019489569822326303,0.4520969092845917,0.49180230498313904,0.00253931968472898,0.45979759097099304,0.5032415986061096,0.005484197288751602,0.4182775318622589,0.5420371294021606,-0.01361074298620224,0.4404759705066681,0.5104987621307373,-0.009317384101450443,0.4515417218208313,0.5102583169937134,-0.002901761094108224,0.45835787057876587,0.5154557228088379,0.0022134711034595966
0.3537185490131378,0.5777419209480286,4.343904791426212e-08,0.36524638533592224,0.52971351146698,0.014373485930263996,0.38065797090530396,0.5038039088249207,0.017554523423314095,0.39698052406311035,0.49782097339630127,0.01672232151031494,0.4113621413707733,0.503447949886322,0.015248734503984451,0.3883468806743622,0.4850410223007202,0.01125903706997633,0.4187731146812439,0.47958555817604065,0.011130505241453648,0.4331381022930145,0.4908478558063507,0.012115140445530415,0.440639466047287,0.5061350464820862,0.013341865502297878,0.39947792887687683,0.4944971203804016,0.0016509473789483309,0.43227431178092957,0.4723386764526367,0.0018548669759184122,0.4465712606906891,0.4821370840072632,0.003407432232052088,0.4531075060367584,0.49800077080726624,0.005467711482197046,0.4094817638397217,0.5130614042282104,-0.006930258125066757,0.43867558240890503,0.4815450608730316,-0.005334463436156511,0.4524672329425812,0.4900652766227722,-0.001477366080507636,0.46029481291770935,0.5023275017738342,0.001452049589715898,0.41768017411231995,0.539960503578186,-0.014559432864189148,0.44017064571380615,0.5087970495223999,-0.011315098963677883,0.45098841190338135,0.509185791015625,-0.005227081943303347,0.45793136954307556,0.5152709484100342,-0.00015939318109303713
0.35385861992836,0.5754918456077576,3.7145817088912736e-08,0.36329588294029236,0.5291426777839661,0.013080248609185219,0.3776944875717163,0.5024275183677673,0.015629706904292107,0.3943086266517639,0.4952191412448883,0.014480126090347767,0.4082365930080414,0.4994669258594513,0.012768340297043324,0.38686060905456543,0.48185619711875916,0.009680590592324734,0.41718724370002747,0.4766562879085541,0.009034432470798492,0.43121230602264404,0.4888785779476166,0.009734217077493668,0.4382171034812927,0.5045867562294006,0.010796714574098587,0.3983364403247833,0.4914170801639557,0.0006136039737612009,0.4311477541923523,0.4679544270038605,0.00024105528427753597,0.4449911117553711,0.4779849946498871,0.0017855691257864237,0.45114749670028687,0.49411851167678833,0.003914372995495796,0.40829911828041077,0.5101860761642456,-0.007571658585220575,0.4376029968261719,0.47721415758132935,-0.006736116483807564,0.45202431082725525,0.48546847701072693,-0.0033288318663835526,0.4602968394756317,0.4978325664997101,-0.0005952796200290322,0.41634601354599,0.5370208621025085,-0.01485714316368103,0.4389019012451172,0.5048624277114868,-0.012519754469394684,0.4500286281108856,0.5045703649520874,-0.007214992772787809,0.4574459493160248,0.5100539922714233,-0.002650189446285367
0.3552241027355194,0.5767993927001953,4.410091847262265e-08,0.36357393860816956,0.529839277267456,0.013007095083594322,0.37731796503067017,0.5016738176345825,0.015345601364970207,0.3949190378189087,0.4934086799621582,0.014215136878192425,0.4092886447906494,0.4982001781463623,0.012542935088276863,0.38767603039741516,0.4810238778591156,0.007132534869015217,0.41922277212142944,0.4741438627243042,0.006744013633579016,0.4340185821056366,0.48492929339408875,0.008358056657016277,0.4414095878601074,0.5002079010009766,0.010178577154874802,0.39862969517707825,0.49116402864456177,-0.0016204643761739135,0.4321075677871704,0.4655223786830902,-0.002111556241288781,0.44638174772262573,0.4751904010772705,6.671353185083717e-05,0.45257502794265747,0.49151068925857544,0.0028419687878340483,0.40846648812294006,0.5105416178703308,-0.00918919313699007,0.4379705786705017,0.47694942355155945,-0.00820317491889,0.45247912406921387,0.48522621393203735,-0.004494787659496069,0.4602810740470886,0.4980491101741791,-0.0014629546785727143,0.41635191440582275,0.5370525121688843,-0.015771104022860527,0.43931278586387634,0.5038248896598816,-0.01321910135447979,0.45076680183410645,0.5033681988716125,-0.007813452742993832,0.4581747353076935,0.5089996457099915,-0.0030726795084774494
0.35431045293807983,0.5832215547561646,7.127135148721209e-08,0.3664415180683136,0.5344976782798767,0.012919939123094082,0.3826139271259308,0.5048151016235352,0.015337185934185982,0.3997069001197815,0.4980961084365845,0.01405908353626728,0.4132492244243622,0.5022085905075073,0.012161181308329105,0.39116373658180237,0.4872962236404419,0.0075400592759251595,0.4259933531284332,0.4728580415248871,0.00547172361984849,0.442489355802536,0.4818423390388489,0.005032835062593222,0.45220625400543213,0.49400776624679565,0.005370545666664839,0.40004852414131165,0.49986732006073,-0.001879595685750246,0.435554176568985,0.4725562632083893,-0.003632160136476159,0.4518721401691437,0.4820626974105835,-0.00304042873904109,0.46037596464157104,0.49543043971061707,-0.001422137371264398,0.40857046842575073,0.519965648651123,-0.010315001010894775,0.43925803899765015,0.48524725437164307,-0.010507519356906414,0.45603400468826294,0.4912858009338379,-0.007575361058115959,0.46601009368896484,0.5010320544242859,-0.004999887198209763,0.4157598912715912,0.5469083786010742,-0.017919108271598816,0.4386754631996155,0.5111461877822876,-0.016475863754749298,0.45165568590164185,0.5072274804115295,-0.01184810884296894,0.46074897050857544,0.5093588829040527,-0.007744879927486181
0.3539559245109558,0.5929092168807983,7.071564311900147e-08,0.367603600025177,0.5468546748161316,0.010444399900734425,0.3852473795413971,0.5165501236915588,0.012326408177614212,0.4020484685897827,0.5070170760154724,0.011101734824478626,0.4154619872570038,0.506465494632721,0.009757256135344505,0.39418327808380127,0.497112512588501,0.006564327050000429,0.4286634922027588,0.47941744327545166,0.0035335542634129524,0.44622156023979187,0.486689954996109,0.002020638668909669,0.45718204975128174,0.4966241717338562,0.001482148189097643,0.4012961983680725,0.5090026259422302,-0.0020349612459540367,0.4361272156238556,0.4822845458984375,-0.004572033882141113,0.4537074565887451,0.4906001687049866,-0.00537869893014431,0.46341174840927124,0.5023940801620483,-0.005054735578596592,0.40829017758369446,0.5286280512809753,-0.009992914274334908,0.4388895630836487,0.49568670988082886,-0.011132892221212387,0.45644813776016235,0.4996991455554962,-0.00931407418102026,0.46817678213119507,0.5067360997200012,-0.007766780909150839,0.41453370451927185,0.5560989379882812,-0.017395680770277977,0.43614688515663147,0.523142397403717,-0.017097197473049164,0.44903451204299927,0.5165498852729797,-0.01377649512141943,0.45898374915122986,0.5151997804641724,-0.010838490910828114
0.3525131046772003,0.600145161151886,8.783377580812157e-08,0.3665124773979187,0.5553198456764221,0.009817526675760746,0.38381242752075195,0.5263723134994507,0.010774597525596619,0.4007589817047119,0.5157600045204163,0.008718517608940601,0.4147428572177887,0.5145784616470337,0.006523885298520327,0.39309126138687134,0.5051575303077698,0.0036883647553622723,0.428985595703125,0.48719069361686707,-0.0009709417354315519,0.44785019755363464,0.49519795179367065,-0.003077370347455144,0.45967742800712585,0.5059512257575989,-0.003758607665076852,0.39995765686035156,0.5175905823707581,-0.005135044921189547,0.4359728693962097,0.48912256956100464,-0.00962047278881073,0.45550277829170227,0.49711161851882935,-0.010786248371005058,0.4666385054588318,0.5089666843414307,-0.010439371690154076,0.40659278631210327,0.5380614399909973,-0.013302844017744064,0.4379209280014038,0.5036432147026062,-0.016189733520150185,0.45747870206832886,0.5074639320373535,-0.014797711744904518,0.4704383909702301,0.5153464674949646,-0.01312899962067604,0.4127281606197357,0.5663280487060547,-0.02090699039399624,0.43539658188819885,0.5310969352722168,-0.021876852959394455,0.4498405456542969,0.5231589078903198,-0.01911277137696743,0.46139952540397644,0.5218112468719482,-0.01631946489214897
0.35055258870124817,0.6049335598945618,8.667490192237892e-08,0.36730730533599854,0.5593133568763733,0.011961378157138824,0.38498011231422424,0.531686544418335,0.0139840142801404,0.4021226763725281,0.5236890316009521,0.012458499521017075,0.41578376293182373,0.5253680348396301,0.010592605918645859,0.3920900225639343,0.5106685161590576,0.006244079675525427,0.42884716391563416,0.4935673177242279,0.002353515475988388,0.44731810688972473,0.5026876330375671,0.0008146127802319825,0.45927393436431885,0.5143557190895081,0.0002611112722661346,0.399169921875,0.5219925045967102,-0.0036520392168313265,0.43626219034194946,0.4922123849391937,-0.007993444800376892,0.45580387115478516,0.5012440085411072,-0.008885051123797894,0.46737998723983765,0.5140268802642822,-0.008233074098825455,0.4057588279247284,0.5422766208648682,-0.012788704596459866,0.4381173253059387,0.5056679248809814,-0.01581423170864582,0.45799559354782104,0.5105364918708801,-0.014041561633348465,0.4715997278690338,0.5186282992362976,-0.011963467113673687,0.4119712710380554,0.571628749370575,-0.021186595782637596,0.4357053339481354,0.534869372844696,-0.022578392177820206,0.45060330629348755,0.5270437002182007,-0.019786611199378967,0.4629344344139099,0.5251752138137817,-0.01686936803162098
0.34934142231941223,0.6100967526435852,7.99190758016266e-08,0.3686343729496002,0.565682590007782,0.013728789053857327,0.3880804479122162,0.5374056100845337,0.01663019508123398,0.4058052599430084,0.5298989415168762,0.015406651422381401,0.4202887713909149,0.530790388584137,0.013889639638364315,0.39189043641090393,0.5135822296142578,0.009135614149272442,0.42883217334747314,0.4967126250267029,0.005631957668811083,0.4476843476295471,0.5074768662452698,0.004206340294331312,0.4596976041793823,0.5204740166664124,0.003678603796288371,0.3982013165950775,0.5229177474975586,-0.0018001125426962972,0.4366611838340759,0.49483951926231384,-0.005780294071882963,0.45653456449508667,0.5065363645553589,-0.006774718873202801,0.46771037578582764,0.5213662981987,-0.006262252572923899,0.4045429527759552,0.5425507426261902,-0.011996987275779247,0.43792182207107544,0.5086345672607422,-0.014672410674393177,0.4581601023674011,0.5168113112449646,-0.013104021549224854,0.4715048670768738,0.5277072787284851,-0.011343258433043957,0.41083481907844543,0.5722230672836304,-0.021388566121459007,0.4347352981567383,0.536808967590332,-0.0223787073045969,0.4493747651576996,0.5316576361656189,-0.01953388936817646,0.4610489010810852,0.5332978367805481,-0.01678122580051422
0.349222868680954,0.6168297529220581,7.409601465724336e-08,0.3682962954044342,0.5706609487533569,0.014265856705605984,0.38751643896102905,0.5404525399208069,0.017132988199591637,0.4052565395832062,0.5309582948684692,0.015690719708800316,0.42003899812698364,0.5303431153297424,0.013945727609097958,0.39085111021995544,0.5152430534362793,0.00923143420368433,0.42820143699645996,0.4977433979511261,0.005444610491394997,0.44719022512435913,0.5083145499229431,0.0038296200800687075,0.45937544107437134,0.5205380916595459,0.0031829322688281536,0.3969445526599884,0.5253066420555115,-0.0023306587245315313,0.435682475566864,0.49770495295524597,-0.006559327244758606,0.4555117189884186,0.5088778734207153,-0.007697714492678642,0.4667280316352844,0.5230453610420227,-0.0073594204150140285,0.40352389216423035,0.5454326272010803,-0.013180853798985481,0.437126487493515,0.5117725133895874,-0.015885179862380028,0.4580611288547516,0.5187069773674011,-0.014498862437903881,0.4721182882785797,0.5287948846817017,-0.012972714379429817,0.41057050228118896,0.5752408504486084,-0.023206152021884918,0.4346279799938202,0.5390675067901611,-0.024154162034392357,0.44967561960220337,0.53335040807724,-0.021405469626188278,0.4617704451084137,0.5348151326179504,-0.018829308450222015
0.3501986861228943,0.6171457171440125,9.6887774247989e-08,0.36752039194107056,0.5724760293960571,0.010901471599936485,0.3877760171890259,0.5394921898841858,0.012992455624043941,0.4068578779697418,0.5288825035095215,0.011633608490228653,0.4225473701953888,0.5280658006668091,0.010168616659939289,0.389644056558609,0.5138264894485474,0.0063539305701851845,0.4275808334350586,0.49541324377059937,0.0020840356592088938,0.4471140205860138,0.5064312219619751,-8.212455577449873e-05,0.4596760869026184,0.518898069858551,-0.0010316123953089118,0.3959212005138397,0.5247979164123535,-0.003138429718092084,0.4351564645767212,0.4966135025024414,-0.007544472347944975,0.455671489238739,0.5075810551643372,-0.009603206999599934,0.46739301085472107,0.5225830078125,-0.0099397674202919,0.40286684036254883,0.5460154414176941,-0.012041125446557999,0.4361920952796936,0.5114416480064392,-0.01481828186661005,0.4571188688278198,0.5173645615577698,-0.014552588574588299,0.47132623195648193,0.5269854068756104,-0.013876140117645264,0.4105380177497864,0.5755505561828613,-0.020288866013288498,0.43375927209854126,0.538926899433136,-0.021182270720601082,0.4480093717575073,0.5322796702384949,-0.018994182348251343,0.4597471058368683,0.5330017805099487,-0.016898687928915024
0.35055917501449585,0.6177352666854858,9.94397879594544e-08,0.36857524514198303,0.5747906565666199,0.011217507533729076,0.3888978660106659,0.5413731336593628,0.013165849260985851,0.40839001536369324,0.5310462117195129,0.011701734736561775,0.42461612820625305,0.5303683280944824,0.01017832849174738,0.3891443610191345,0.5123540163040161,0.005881043616682291,0.4277908205986023,0.49617481231689453,0.0021566080395132303,0.4466026723384857,0.5067967176437378,0.0005852994509041309,0.4587729275226593,0.5187204480171204,-2.5820612790994346e-05,0.3951301574707031,0.5229249000549316,-0.0038550877943634987,0.4353538453578949,0.4955727458000183,-0.007928745821118355,0.45511579513549805,0.5067266225814819,-0.00930737890303135,0.4662788212299347,0.5217908620834351,-0.009107960388064384,0.402109295129776,0.5440698862075806,-0.012899667024612427,0.43620380759239197,0.5111069679260254,-0.015295454300940037,0.45688438415527344,0.5168843269348145,-0.014527665451169014,0.47062361240386963,0.5258334875106812,-0.013558732345700264,0.4101061224937439,0.5738721489906311,-0.021218743175268173,0.4341847002506256,0.538201093673706,-0.021524792537093163,0.44840702414512634,0.5323391556739807,-0.01875290833413601,0.459642231464386,0.5334927439689636,-0.016328418627381325
0.35088157653808594,0.6198148131370544,9.519033028482227e-08,0.36997082829475403,0.5796353816986084,0.012120484374463558,0.3905067443847656,0.545927882194519,0.014188271015882492,0.41004645824432373,0.5345977544784546,0.012472691014409065,0.42666301131248474,0.5328513979911804,0.010626383125782013,0.388915091753006,0.5131843090057373,0.006546210031956434,0.4278438091278076,0.4954511225223541,0.002709736116230488,0.4465201199054718,0.5064903497695923,0.0010996104683727026,0.4587157368659973,0.5187842845916748,0.00039243444916792214,0.394072562456131,0.5226652026176453,-0.0040825121104717255,0.43530935049057007,0.4940681755542755,-0.008467902429401875,0.45502254366874695,0.5059146285057068,-0.010009223595261574,0.4662504494190216,0.5217220783233643,-0.009869581088423729,0.4009075164794922,0.543437123298645,-0.014012202620506287,0.4357607960700989,0.5092030763626099,-0.016689753159880638,0.4564143419265747,0.5161462426185608,-0.016012180596590042,0.47005540132522583,0.5258731245994568,-0.015108389779925346,0.40923619270324707,0.5729984045028687,-0.02316954731941223,0.43351390957832336,0.5371217131614685,-0.02378135360777378,0.4476987421512604,0.5320112705230713,-0.021199917420744896,0.45890671014785767,0.533700168132782,-0.01896856725215912
0.35000401735305786,0.6204631328582764,9.126193845077069e-08,0.36812105774879456,0.5788224339485168,0.013196444138884544,0.3878936469554901,0.5454931259155273,0.015707802027463913,0.40702274441719055,0.5346522331237793,0.014333775267004967,0.42317646741867065,0.5339382290840149,0.012655711732804775,0.38877061009407043,0.5137442350387573,0.007117430213838816,0.42727816104888916,0.4946705996990204,0.0038825534284114838,0.44580456614494324,0.5049368739128113,0.002525778952986002,0.458088755607605,0.5161970257759094,0.0018281912198290229,0.39465847611427307,0.5239561200141907,-0.003787156194448471,0.4352087378501892,0.49429038166999817,-0.007020227145403624,0.4552469253540039,0.5040408372879028,-0.008062977343797684,0.46726807951927185,0.5180035829544067,-0.007886108011007309,0.4016117751598358,0.5453589558601379,-0.013833130709826946,0.43547025322914124,0.509125292301178,-0.01570586860179901,0.45602649450302124,0.5140718221664429,-0.014476805925369263,0.47022342681884766,0.5218395590782166,-0.013468295335769653,0.40942251682281494,0.5751833915710449,-0.02303525060415268,0.43170130252838135,0.538054883480072,-0.023391233757138252,0.44522684812545776,0.5317053198814392,-0.020466428250074387,0.4566204249858856,0.5319316983222961,-0.01804066076874733
0.350582480430603,0.6225159168243408,8.323666378373673e-08,0.36884868144989014,0.5821403861045837,0.013157011941075325,0.38908135890960693,0.5480577945709229,0.015760555863380432,0.4080149531364441,0.5355300307273865,0.014441601000726223,0.42387229204177856,0.533058226108551,0.012934125028550625,0.3898146152496338,0.514274537563324,0.008195600472390652,0.42750847339630127,0.4964313805103302,0.005329354666173458,0.445978581905365,0.5074032545089722,0.003978746943175793,0.4580655097961426,0.5192372798919678,0.003251766785979271,0.3953596353530884,0.5228857398033142,-0.002747584832832217,0.4353444576263428,0.49451518058776855,-0.005733776837587357,0.45517072081565857,0.5057268738746643,-0.006679372861981392,0.46655887365341187,0.5206292867660522,-0.006461824290454388,0.4021076261997223,0.5430864095687866,-0.012954764068126678,0.43585747480392456,0.5075744986534119,-0.014652187004685402,0.45647484064102173,0.5139542818069458,-0.01336068008095026,0.4703410267829895,0.523260772228241,-0.012351770885288715,0.4101332426071167,0.5726308226585388,-0.02235308289527893,0.4333636462688446,0.5359073281288147,-0.022317985072731972,0.447482168674469,0.5311793684959412,-0.019202347844839096,0.45862215757369995,0.5333629846572876,-0.016722185537219048
0.35078588128089905,0.6244326829910278,5.998392538231201e-08,0.36818909645080566,0.5823715329170227,0.01585826277732849,0.38813889026641846,0.548765242099762,0.019375605508685112,0.4063630998134613,0.5372313261032104,0.018175259232521057,0.4214765429496765,0.5353507995605469,0.01648680865764618,0.39078545570373535,0.5172145366668701,0.011457996442914009,0.42748522758483887,0.4994872510433197,0.00923833530396223,0.44539597630500793,0.5117135047912598,0.008144933730363846,0.45680680871009827,0.5246803164482117,0.0075186085887253284,0.3966445326805115,0.5252555012702942,-0.001037925947457552,0.4363675117492676,0.49637776613235474,-0.003848038613796234,0.45604512095451355,0.5090218186378479,-0.00469289580360055,0.466450959444046,0.5253604054450989,-0.004294924903661013,0.4032355844974518,0.5449427962303162,-0.012672556564211845,0.4370844066143036,0.5068908929824829,-0.014437917619943619,0.4572363495826721,0.5160800218582153,-0.012642872519791126,0.46976131200790405,0.5283510684967041,-0.011103221215307713,0.41099414229393005,0.574565589427948,-0.02331637404859066,0.43425002694129944,0.5362198352813721,-0.02346663363277912,0.44829505681991577,0.5325015187263489,-0.019993536174297333,0.45870882272720337,0.5359342098236084,-0.01711449772119522
0.3526204228401184,0.6263124346733093,6.133087993021036e-08,0.3691701889038086,0.584143340587616,0.016061242669820786,0.3876364231109619,0.5490056872367859,0.01936613768339157,0.40568557381629944,0.5360481142997742,0.017991425469517708,0.4206966459751129,0.534005343914032,0.016128307208418846,0.38988372683525085,0.5156335234642029,0.010337520390748978,0.4275093078613281,0.4993206262588501,0.008322526700794697,0.4453889727592468,0.5125126838684082,0.007604301907122135,0.4567752480506897,0.5271376967430115,0.00725014042109251,0.3958761990070343,0.5232844352722168,-0.0021294569596648216,0.4364500343799591,0.4953100383281708,-0.004795779939740896,0.455997109413147,0.5089342594146729,-0.00520710926502943,0.46643444895744324,0.526576578617096,-0.0044723134487867355,0.40304166078567505,0.5429407358169556,-0.01360344234853983,0.4376642107963562,0.5055592060089111,-0.014887814410030842,0.4582396447658539,0.5148510336875916,-0.013147782534360886,0.47131115198135376,0.5273882746696472,-0.011786996386945248,0.41153600811958313,0.5722799301147461,-0.024021193385124207,0.43555131554603577,0.5341243743896484,-0.02386108972132206,0.44995060563087463,0.5305433869361877,-0.020534632727503777,0.46097302436828613,0.534273624420166,-0.017799273133277893
0.35485467314720154,0.6265873312950134,7.790212919189798e-08,0.3701617121696472,0.5859600305557251,0.01368577778339386,0.3885858654975891,0.5497081279754639,0.016595887020230293,0.4066244661808014,0.5341256260871887,0.015433048829436302,0.42196372151374817,0.5282319784164429,0.014052394777536392,0.3907337188720703,0.5157771706581116,0.009102516807615757,0.4269760847091675,0.49411094188690186,0.006671660114079714,0.4454503059387207,0.5052320957183838,0.005612845066934824,0.45733368396759033,0.5181618928909302,0.005174733232706785,0.39548641443252563,0.5211180448532104,-0.0018750972812995315,0.43471282720565796,0.4900248348712921,-0.004986598156392574,0.4546475410461426,0.5027651786804199,-0.0058357068337500095,0.46578744053840637,0.5202133059501648,-0.005267323926091194,0.40233346819877625,0.5386087894439697,-0.01206847932189703,0.43588119745254517,0.5001413822174072,-0.01374964788556099,0.4565246105194092,0.5084730982780457,-0.012538795359432697,0.47006815671920776,0.5206002593040466,-0.011352144181728363,0.4110451638698578,0.5657882690429688,-0.021376783028244972,0.4346196949481964,0.5277737975120544,-0.0212719663977623,0.44872790575027466,0.5246927738189697,-0.01810174435377121,0.4593455493450165,0.5295038223266602,-0.015375735238194466
0.35554009675979614,0.6253237724304199,5.9138862695817807e-08,0.36931177973747253,0.5812293291091919,0.015408115461468697,0.38699907064437866,0.545620322227478,0.018737999722361565,0.4050503671169281,0.5324938893318176,0.01781567931175232,0.4202944338321686,0.5281847715377808,0.016454963013529778,0.38969114422798157,0.514735996723175,0.0084233358502388,0.42636072635650635,0.4914805293083191,0.006051192060112953,0.4435787796974182,0.5032174587249756,0.005724093411117792,0.4547879993915558,0.5164807438850403,0.005851202178746462,0.39513686299324036,0.5213680863380432,-0.003340049646794796,0.43475738167762756,0.4859934151172638,-0.007204793859273195,0.45411258935928345,0.49818214774131775,-0.007403372786939144,0.46456918120384216,0.515565037727356,-0.006032299716025591,0.40217140316963196,0.5399560928344727,-0.014039169065654278,0.4356732666492462,0.4978677034378052,-0.016439341008663177,0.45617014169692993,0.505718469619751,-0.01454793382436037,0.46930360794067383,0.5173577666282654,-0.012473978102207184,0.4107184112071991,0.5678758025169373,-0.02361394464969635,0.43412116169929504,0.5270051956176758,-0.023882552981376648,0.44818881154060364,0.522967517375946,-0.020387202501296997,0.4586479961872101,0.5266669988632202,-0.017231596633791924
0.3568834364414215,0.6290203332901001,7.081246167217614e-08,0.37054377794265747,0.5854097604751587,0.014875677414238453,0.38801074028015137,0.5480963587760925,0.017558328807353973,0.4057615101337433,0.5337386131286621,0.015910783782601357,0.4214142858982086,0.5285753011703491,0.013840872794389725,0.3907316327095032,0.5156010389328003,0.0076734344474971294,0.4271363615989685,0.4905422627925873,0.0044041587971150875,0.445270836353302,0.5009056329727173,0.0034201364032924175,0.4571405053138733,0.5128012299537659,0.0032169546466320753,0.3952111601829529,0.522552490234375,-0.004303706344217062,0.4351382553577423,0.4879699945449829,-0.008664276450872421,0.4551962614059448,0.4992278218269348,-0.009286349639296532,0.46623778343200684,0.5154541730880737,-0.008269200101494789,0.40181964635849,0.5411879420280457,-0.01531651895493269,0.4355372190475464,0.498709499835968,-0.018034743145108223,0.455975204706192,0.5061189532279968,-0.016018740832805634,0.4689050316810608,0.5177288055419922,-0.013852559030056,0.4103042781352997,0.5689847469329834,-0.025309070944786072,0.4337087869644165,0.5272615551948547,-0.025580093264579773,0.4477163553237915,0.523006796836853,-0.021817686036229134,0.45788517594337463,0.5273302793502808,-0.018470296636223793
0.3563250005245209,0.6312423348426819,7.175712113394184e-08,0.3725307285785675,0.5903819799423218,0.016681406646966934,0.39181697368621826,0.5546585917472839,0.02033340185880661,0.40964534878730774,0.5411397814750671,0.018917949870228767,0.4255111813545227,0.5349828004837036,0.016932817175984383,0.3909841775894165,0.5186367034912109,0.012761884368956089,0.4266410171985626,0.4947771728038788,0.010778948664665222,0.445300430059433,0.503165602684021,0.009711017832159996,0.4581083059310913,0.5127507448196411,0.008979239501059055,0.39478251338005066,0.5246633887290955,-0.000508873607032001,0.4345853328704834,0.4921462833881378,-0.0035730202216655016,0.4554092288017273,0.5027190446853638,-0.005030278582125902,0.4674524664878845,0.5179721117019653,-0.00518925953656435,0.4012020230293274,0.5416303873062134,-0.012901089154183865,0.4349924921989441,0.4996071755886078,-0.014873458072543144,0.4555818438529968,0.5086906552314758,-0.013449467718601227,0.4683215916156769,0.5217833518981934,-0.012169134803116322,0.41019946336746216,0.5670359134674072,-0.024261735379695892,0.432721346616745,0.5258009433746338,-0.02406821958720684,0.4465685784816742,0.5241258144378662,-0.020381608977913857,0.45636144280433655,0.531207799911499,-0.017532821744680405
0.35747599601745605,0.63047194480896,6.579826816732748e-08,0.3709045350551605,0.5859348773956299,0.018770955502986908,0.3882581293582916,0.549899697303772,0.022960567846894264,0.4041886627674103,0.5366258025169373,0.02159620076417923,0.4184775948524475,0.53093421459198,0.019369129091501236,0.3898701071739197,0.5181950330734253,0.013248982839286327,0.4253493845462799,0.4943208694458008,0.011055119335651398,0.44452542066574097,0.5034883618354797,0.00998670980334282,0.4577329456806183,0.5143463611602783,0.009325571358203888,0.39486899971961975,0.523501992225647,-0.0010047355899587274,0.43359148502349854,0.4908807873725891,-0.003612152999266982,0.4549552798271179,0.5017950534820557,-0.004312410019338131,0.46756887435913086,0.5174228549003601,-0.004192505031824112,0.4016971290111542,0.5399032235145569,-0.014269071631133556,0.4343724846839905,0.4972255825996399,-0.015947792679071426,0.4557439982891083,0.5066446661949158,-0.014179530553519726,0.469329297542572,0.5204190611839294,-0.012907491996884346,0.41110748052597046,0.564372718334198,-0.026360347867012024,0.4334520399570465,0.5233348608016968,-0.026613157242536545,0.44791775941848755,0.5213592648506165,-0.02328469231724739,0.4584333002567291,0.5277942419052124,-0.02074556052684784
0.35858213901519775,0.633297860622406,8.733335477018045e-08,0.3723641633987427,0.588659942150116,0.015507424250245094,0.38941141963005066,0.5512701869010925,0.01874200999736786,0.4047270715236664,0.5357449650764465,0.017031963914632797,0.4182174801826477,0.5288522839546204,0.014621775597333908,0.38964414596557617,0.5199786424636841,0.011856751516461372,0.42439815402030945,0.4979623258113861,0.008443111553788185,0.444757342338562,0.5040477514266968,0.005885311868041754,0.45884981751441956,0.5127462148666382,0.004322700202465057,0.39427125453948975,0.5247877836227417,-0.0007851861300878227,0.4313329756259918,0.4951523542404175,-0.003682780545204878,0.4538711607456207,0.5030116438865662,-0.005672362633049488,0.46791940927505493,0.5165565609931946,-0.006669806316494942,0.40095844864845276,0.5400116443634033,-0.012785888276994228,0.43162620067596436,0.49984899163246155,-0.014792600646615028,0.4528079032897949,0.5075368285179138,-0.014230391010642052,0.4667092263698578,0.5204344987869263,-0.013789868913590908,0.4105375409126282,0.562921404838562,-0.023926278576254845,0.4315272867679596,0.5230994820594788,-0.024375855922698975,0.4458003342151642,0.5208998322486877,-0.021603984758257866,0.4564354717731476,0.527667224407196,-0.01943366229534149
0.35961630940437317,0.6324381232261658,9.731478201047139e-08,0.37313514947891235,0.5873746871948242,0.016659937798976898,0.3902238607406616,0.5517640709877014,0.020229915156960487,0.4057867228984833,0.5375304222106934,0.0185596514493227,0.419960618019104,0.5311066508293152,0.016201144084334373,0.38923725485801697,0.521816611289978,0.013165820389986038,0.42303359508514404,0.49790751934051514,0.009921547956764698,0.4440214931964874,0.5040420889854431,0.0075109293684363365,0.4586823284626007,0.5138574838638306,0.006128448061645031,0.394490510225296,0.5264955163002014,4.119410368730314e-05,0.4302138090133667,0.49563679099082947,-0.0033881631679832935,0.4532921612262726,0.5039359331130981,-0.005674690008163452,0.46768468618392944,0.5184517502784729,-0.006732496898621321,0.4017232358455658,0.54093998670578,-0.012352471239864826,0.43178677558898926,0.5021107196807861,-0.014344481751322746,0.45387303829193115,0.5103318095207214,-0.014101466163992882,0.4680282473564148,0.5234250426292419,-0.01385618094354868,0.4115947186946869,0.5629917979240417,-0.023767950013279915,0.4331238269805908,0.5244830250740051,-0.023446476086974144,0.4478113353252411,0.5228727459907532,-0.020402489230036736,0.45836982131004333,0.5301454663276672,-0.01818530261516571
0.35970592498779297,0.6305015087127686,9.575385462312624e-08,0.3712116777896881,0.5863292217254639,0.014246966689825058,0.38743531703948975,0.5503809452056885,0.017366835847496986,0.40227124094963074,0.5363706946372986,0.015669647604227066,0.4161800444126129,0.5292155742645264,0.01349905040115118,0.38780173659324646,0.5225080251693726,0.01156806480139494,0.4202679693698883,0.49322310090065,0.007008908782154322,0.4413960874080658,0.5006284117698669,0.0037511554546654224,0.4559464752674103,0.5124038457870483,0.0020876103080809116,0.39296644926071167,0.5270224213600159,-0.00017400846991222352,0.42703545093536377,0.492552250623703,-0.004740466363728046,0.4500046670436859,0.5019564628601074,-0.00788720604032278,0.4644373655319214,0.5179885029792786,-0.00930764339864254,0.4000282883644104,0.5405278205871582,-0.011447906494140625,0.42932748794555664,0.5003491640090942,-0.014236428774893284,0.45140916109085083,0.5076643228530884,-0.01481532957404852,0.46592941880226135,0.521268367767334,-0.014910973608493805,0.4102036654949188,0.561935305595398,-0.021962888538837433,0.4313320815563202,0.5236303806304932,-0.02206261269748211,0.445356547832489,0.5221413373947144,-0.01955738663673401,0.45539069175720215,0.5297001004219055,-0.01760585978627205
0.36007437109947205,0.6290584802627563,9.561876623820353e-08,0.37024742364883423,0.5837934613227844,0.015954963862895966,0.385665625333786,0.5472321510314941,0.01977011188864708,0.4000108242034912,0.5325865149497986,0.01838032715022564,0.4137159585952759,0.5249667167663574,0.016401376575231552,0.3862612247467041,0.5207520127296448,0.013768082484602928,0.41808652877807617,0.4903222620487213,0.010186543688178062,0.4389767050743103,0.4981265068054199,0.0075413938611745834,0.45355308055877686,0.5105369687080383,0.006157084833830595,0.3916812241077423,0.524857759475708,0.0012548028025776148,0.425753653049469,0.4897397458553314,-0.0026567578315734863,0.44881027936935425,0.49971550703048706,-0.005437076091766357,0.4631339907646179,0.5168571472167969,-0.006630412768572569,0.3988504409790039,0.5378012657165527,-0.010687876492738724,0.4280034005641937,0.49589207768440247,-0.012801948934793472,0.45010149478912354,0.5036635994911194,-0.01298600621521473,0.46448850631713867,0.5180820226669312,-0.012930815108120441,0.4090343415737152,0.558367133140564,-0.021777503192424774,0.4299732446670532,0.5186095833778381,-0.02157449908554554,0.44406387209892273,0.5176048874855042,-0.018975935876369476,0.45404374599456787,0.5260932445526123,-0.017002319917082787
0.3586594760417938,0.6272666454315186,9.188284622041465e-08,0.3688012957572937,0.5818840861320496,0.015036835335195065,0.3846311867237091,0.5451746582984924,0.018517274409532547,0.3996671140193939,0.531673789024353,0.01704936847090721,0.4131318926811218,0.5251785516738892,0.01498089637607336,0.38603630661964417,0.5188107490539551,0.013273856602609158,0.4187908470630646,0.4922504127025604,0.009821072220802307,0.4394879937171936,0.49993523955345154,0.007270205765962601,0.4530791938304901,0.5120750069618225,0.006115003954619169,0.3912709951400757,0.5232552289962769,0.0014607444172725081,0.42594653367996216,0.489656537771225,-0.0025268723256886005,0.44831764698028564,0.5004777908325195,-0.0052840327844023705,0.4608057141304016,0.5190277695655823,-0.006150525528937578,0.39802086353302,0.5363809466362,-0.009792941622436047,0.4275279641151428,0.4956343173980713,-0.011994494125247002,0.4492723345756531,0.5053113102912903,-0.012101211585104465,0.4620847702026367,0.521459698677063,-0.01165385264903307,0.40742790699005127,0.557118833065033,-0.020219452679157257,0.42879727482795715,0.5177493691444397,-0.019972383975982666,0.44312000274658203,0.5175796151161194,-0.01725734770298004,0.4524800777435303,0.5268389582633972,-0.014996616169810295
0.3590799868106842,0.629446804523468,5.239679978785716e-08,0.3694477081298828,0.5813034772872925,0.017262037843465805,0.3844546973705292,0.5452336072921753,0.020484283566474915,0.3985080420970917,0.5300273895263672,0.017985833808779716,0.41186976432800293,0.5233466029167175,0.01476147212088108,0.38518959283828735,0.5188770294189453,0.013772123493254185,0.4182948172092438,0.4910813868045807,0.00954727828502655,0.4375390410423279,0.506162703037262,0.006580297369509935,0.44912031292915344,0.5245395302772522,0.005367230623960495,0.3902028799057007,0.5233768820762634,0.00027982331812381744,0.4249975085258484,0.491108775138855,-0.004244189243763685,0.4465715289115906,0.5086381435394287,-0.006846520584076643,0.45751410722732544,0.5310569405555725,-0.007637066300958395,0.3968554139137268,0.5360601544380188,-0.012527819722890854,0.42714107036590576,0.4966448247432709,-0.014636357314884663,0.44894394278526306,0.5110028982162476,-0.013899917714297771,0.4610636234283447,0.5310933589935303,-0.012971213087439537,0.40680667757987976,0.5564516186714172,-0.024411559104919434,0.42984992265701294,0.5178554058074951,-0.024055231362581253,0.4460531771183014,0.5200936794281006,-0.020875947549939156,0.4561624526977539,0.5320128798484802,-0.018325578421354294
0.3564283847808838,0.631176769733429,5.066836905598393e-08,0.36674827337265015,0.5825853943824768,0.01649271883070469,0.38270270824432373,0.5463341474533081,0.020137153565883636,0.3974759578704834,0.5315160751342773,0.018154894933104515,0.4112325608730316,0.5240816473960876,0.015610391274094582,0.38398319482803345,0.5199298858642578,0.015673406422138214,0.41439950466156006,0.4907248318195343,0.011831757612526417,0.43385836482048035,0.5039714574813843,0.008911067619919777,0.4463987350463867,0.5213437080383301,0.007674717344343662,0.38946276903152466,0.5243269205093384,0.0025735439267009497,0.4212726950645447,0.49237626791000366,-0.0017550027696415782,0.4431155025959015,0.5083661675453186,-0.0045064580626785755,0.45535412430763245,0.5295560359954834,-0.00515813147649169,0.39635932445526123,0.5370180010795593,-0.01008556503802538,0.42375805974006653,0.498382031917572,-0.01231664139777422,0.44534045457839966,0.5106112957000732,-0.01164760161191225,0.45854073762893677,0.5294004082679749,-0.010476554743945599,0.4066234529018402,0.557878851890564,-0.02200860157608986,0.42735588550567627,0.5197263956069946,-0.021875182166695595,0.443551629781723,0.5196624398231506,-0.018864376470446587,0.4549233615398407,0.529532790184021,-0.01616942510008812
0.3582461178302765,0.6308892965316772,4.689236021704346e-08,0.3684360384941101,0.5806653499603271,0.01737191155552864,0.3828611373901367,0.543464183807373,0.020606888458132744,0.39716944098472595,0.5280864834785461,0.018277477473020554,0.41164401173591614,0.5205209255218506,0.015059063211083412,0.3838617205619812,0.5167789459228516,0.012643308378756046,0.413390189409256,0.48732414841651917,0.009327682666480541,0.4318409860134125,0.4984607994556427,0.007389790378510952,0.44430240988731384,0.5142461657524109,0.0065840319730341434,0.38871026039123535,0.5222128629684448,-0.0009991619735956192,0.42090362310409546,0.491871178150177,-0.004845858085900545,0.4411853849887848,0.5071145296096802,-0.0069023314863443375,0.4526083171367645,0.5280367732048035,-0.007307757157832384,0.39525723457336426,0.5377449989318848,-0.013739585876464844,0.4234052002429962,0.4997659921646118,-0.015533720143139362,0.44391435384750366,0.5112705826759338,-0.014473083429038525,0.4567008316516876,0.5285510420799255,-0.013359664008021355,0.4045846164226532,0.5609408020973206,-0.02549012377858162,0.42489826679229736,0.520781934261322,-0.02537606842815876,0.4397413730621338,0.5183295011520386,-0.022206738591194153,0.45067429542541504,0.5259494781494141,-0.01950889825820923
0.35900652408599854,0.6305074095726013,2.034111901139113e-08,0.36843639612197876,0.5834986567497253,0.01753721572458744,0.3839302361011505,0.5443563461303711,0.02149510383605957,0.3984856605529785,0.5278384685516357,0.020161045715212822,0.41320109367370605,0.5180054306983948,0.017988471314311028,0.384980708360672,0.5185129642486572,0.011422882787883282,0.41569867730140686,0.4909411668777466,0.007929906249046326,0.43390801548957825,0.5024998784065247,0.006859516259282827,0.4447365701198578,0.5196688175201416,0.007299685385078192,0.3891274034976959,0.5236579179763794,-0.0018269744468852878,0.4232432246208191,0.49076876044273376,-0.006172467023134232,0.4425421357154846,0.5057939291000366,-0.006806925870478153,0.45047539472579956,0.5289416313171387,-0.0053760455921292305,0.39542579650878906,0.5390220284461975,-0.014162124134600163,0.4260735511779785,0.5000208616256714,-0.01705862395465374,0.4455139636993408,0.5123787522315979,-0.015347340144217014,0.45492419600486755,0.5311998724937439,-0.012854096479713917,0.40413057804107666,0.5608720183372498,-0.025284430012106895,0.4259568750858307,0.5205311179161072,-0.026823272928595543,0.44033122062683105,0.5205441117286682,-0.024085642769932747,0.4487761855125427,0.5321090221405029,-0.02094370871782303
0.35751277208328247,0.631364107131958,2.6752106307981194e-08,0.3683745861053467,0.5870721340179443,0.014143191277980804,0.3842127323150635,0.5479773283004761,0.017125902697443962,0.39959716796875,0.5315741896629333,0.015528533607721329,0.4146770238876343,0.5216567516326904,0.013385721482336521,0.38470742106437683,0.523402750492096,0.007699357345700264,0.41737619042396545,0.4900676906108856,0.002289677271619439,0.4348273277282715,0.5028469562530518,5.287224848871119e-05,0.4443322420120239,0.5207974910736084,-7.48072998248972e-05,0.3887915313243866,0.5275068879127502,-0.003733797697350383,0.4233982264995575,0.4861970543861389,-0.00959472544491291,0.4427972435951233,0.5023936033248901,-0.011434254236519337,0.45095598697662354,0.5257381200790405,-0.010699096135795116,0.3950904309749603,0.5423380136489868,-0.014453490264713764,0.42509183287620544,0.49802422523498535,-0.01907772570848465,0.4440973103046417,0.5135052800178528,-0.018214397132396698,0.4530062675476074,0.533633291721344,-0.015966540202498436,0.4034196138381958,0.5643987059593201,-0.024177733808755875,0.42378178238868713,0.5232468843460083,-0.02716708369553089,0.4372689425945282,0.5211337208747864,-0.025528382509946823,0.4455222487449646,0.5287790298461914,-0.023085640743374825
0.35798323154449463,0.633856475353241,2.7025238935607376e-08,0.3689102530479431,0.58882075548172,0.014795848168432713,0.384215772151947,0.5499945878982544,0.017562903463840485,0.39928990602493286,0.5324974060058594,0.01554099004715681,0.4143895208835602,0.522283673286438,0.01312013529241085,0.3841526210308075,0.5214506983757019,0.008151784539222717,0.41756197810173035,0.4899783730506897,0.002775102388113737,0.4349095821380615,0.5045258402824402,0.00032473288592882454,0.44470083713531494,0.5239375829696655,-6.892449164297432e-05,0.38801252841949463,0.5251380801200867,-0.003732399782165885,0.4241451919078827,0.4843466877937317,-0.009607472456991673,0.4434429407119751,0.5015373229980469,-0.011303509585559368,0.45180249214172363,0.5250967741012573,-0.010583775117993355,0.39461660385131836,0.5397503972053528,-0.014852618798613548,0.42548668384552,0.49436765909194946,-0.01905452273786068,0.4441816210746765,0.5121331810951233,-0.017668472602963448,0.4530428946018219,0.534194827079773,-0.015263751149177551,0.4035106301307678,0.5618308782577515,-0.025012902915477753,0.42440757155418396,0.5205777883529663,-0.02711879462003708,0.4372715353965759,0.5216786861419678,-0.024655723944306374,0.44487911462783813,0.5326051115989685,-0.021813785657286644
0.3562661409378052,0.6307384371757507,2.313785252283651e-08,0.3670971989631653,0.5839349031448364,0.017113901674747467,0.3814634382724762,0.5461438298225403,0.02043730579316616,0.3962547481060028,0.5310534834861755,0.018106631934642792,0.4100959300994873,0.5244271159172058,0.014954999089241028,0.38234028220176697,0.5190296769142151,0.011614784598350525,0.4161602258682251,0.48937147855758667,0.007099522277712822,0.4339544177055359,0.5033670663833618,0.004527661949396133,0.4436659812927246,0.5219414234161377,0.0037726941518485546,0.38726741075515747,0.5215972065925598,-0.0016187268774956465,0.4243069291114807,0.48264366388320923,-0.005531457252800465,0.4436255395412445,0.500281035900116,-0.00690984632819891,0.4515705704689026,0.5226995944976807,-0.006636661011725664,0.39463159441947937,0.5353546142578125,-0.014021323062479496,0.42642462253570557,0.49034252762794495,-0.01646534726023674,0.4449115991592407,0.5098869800567627,-0.01466312911361456,0.45292454957962036,0.5321173667907715,-0.0126236192882061,0.4040452837944031,0.5573187470436096,-0.02541164495050907,0.4261517822742462,0.5172523856163025,-0.02592264860868454,0.43888798356056213,0.5208955407142639,-0.022446665912866592,0.44567349553108215,0.5332162380218506,-0.019383154809474945
0.3571467697620392,0.6279487013816833,1.4836675887863748e-08,0.3679632246494293,0.5812737941741943,0.016893750056624413,0.3822895884513855,0.5424003005027771,0.0204850472509861,0.39716818928718567,0.5265392661094666,0.01855461671948433,0.4108969271183014,0.5189751982688904,0.015783822163939476,0.38403019309043884,0.5146862268447876,0.011725506745278835,0.41770505905151367,0.48548203706741333,0.007093342021107674,0.4350329637527466,0.49925071001052856,0.004435863345861435,0.44406333565711975,0.51656174659729,0.0037259040400385857,0.38886886835098267,0.5180913805961609,-0.0012504829792305827,0.4259280264377594,0.48093485832214355,-0.005570922512561083,0.4442959427833557,0.49940669536590576,-0.007293259259313345,0.4511702060699463,0.5224962830543518,-0.007039007265120745,0.39593634009361267,0.5326416492462158,-0.013434353284537792,0.42774394154548645,0.4908137023448944,-0.016305115073919296,0.44550663232803345,0.5101805925369263,-0.015074188821017742,0.4528757929801941,0.5319521427154541,-0.01318283285945654,0.40468570590019226,0.5550041198730469,-0.024544084444642067,0.4271276295185089,0.5159266591072083,-0.025284117087721825,0.4399220645427704,0.5181254148483276,-0.022231977432966232,0.44680047035217285,0.528756320476532,-0.01936040259897709
0.35654038190841675,0.6265919804573059,2.0296651026541213e-09,0.3674655258655548,0.5783478021621704,0.017845330759882927,0.3815375566482544,0.540521502494812,0.021525166928768158,0.39635956287384033,0.5256906151771545,0.019337765872478485,0.41035887598991394,0.5188813209533691,0.01618889905512333,0.3838339149951935,0.5135894417762756,0.01263494323939085,0.41792625188827515,0.4848094880580902,0.007940213195979595,0.4348423480987549,0.49948596954345703,0.005383509676903486,0.4429498612880707,0.5184903740882874,0.004963611252605915,0.38878512382507324,0.517127513885498,-0.000884906155988574,0.4260426163673401,0.4802231192588806,-0.0049191610887646675,0.444160133600235,0.5004674196243286,-0.006221387535333633,0.45001357793807983,0.52496737241745,-0.005576551891863346,0.3959311842918396,0.5317577123641968,-0.013579849153757095,0.4278634786605835,0.48889198899269104,-0.01617414318025112,0.44555431604385376,0.5101978182792664,-0.014269385486841202,0.45194920897483826,0.533189058303833,-0.011827411130070686,0.4047234058380127,0.554206371307373,-0.02515842579305172,0.4275934398174286,0.5139217972755432,-0.02593134343624115,0.4401407837867737,0.516994297504425,-0.022489845752716064,0.44603919982910156,0.5283377170562744,-0.01915830187499523
0.35655421018600464,0.6290624141693115,-1.7237287153193392e-08,0.3675180673599243,0.5795457363128662,0.019088510423898697,0.381123811006546,0.5416896343231201,0.023072203621268272,0.3961118757724762,0.5264219641685486,0.020768100395798683,0.4104161262512207,0.520039439201355,0.01731313206255436,0.38361111283302307,0.5131991505622864,0.014476822689175606,0.41795578598976135,0.48837339878082275,0.010076811537146568,0.4349385201931,0.5045182108879089,0.007252856157720089,0.4427781105041504,0.5240261554718018,0.00660008704289794,0.388288676738739,0.5168883800506592,0.0001644138537812978,0.42577484250068665,0.48474863171577454,-0.003434342099353671,0.443479984998703,0.5068448781967163,-0.005062089301645756,0.4484228491783142,0.5318760275840759,-0.004757048096507788,0.39530953764915466,0.5314245820045471,-0.013255457393825054,0.4279255270957947,0.49233174324035645,-0.015347923152148724,0.4458116888999939,0.5145220756530762,-0.013614146038889885,0.45166388154029846,0.5376384854316711,-0.011342433281242847,0.40421047806739807,0.553847074508667,-0.025492317974567413,0.42847946286201477,0.513640820980072,-0.02576088160276413,0.4418959617614746,0.5183327198028564,-0.022003287449479103,0.4478762149810791,0.5311360955238342,-0.018454020842909813
0.35598623752593994,0.630723237991333,-1.7000441943082478e-08,0.36783069372177124,0.5816595554351807,0.02109808847308159,0.3811771869659424,0.5446924567222595,0.025620432570576668,0.3959406316280365,0.5299566984176636,0.023506324738264084,0.40915942192077637,0.5242092609405518,0.020056793466210365,0.3833618462085724,0.5148123502731323,0.016230275854468346,0.41772961616516113,0.49178341031074524,0.013275939971208572,0.4345528483390808,0.5078864097595215,0.011199472472071648,0.44264549016952515,0.5262815356254578,0.01062715146690607,0.38748663663864136,0.5189216732978821,0.0009028131025843322,0.42549625039100647,0.48917561769485474,-0.001568367937579751,0.44298601150512695,0.5111859440803528,-0.002617381978780031,0.4482986330986023,0.5339775681495667,-0.002253984333947301,0.39417529106140137,0.533990740776062,-0.013295807875692844,0.42661553621292114,0.4946143627166748,-0.014279267750680447,0.4446389675140381,0.5158929228782654,-0.011721923016011715,0.45115959644317627,0.5368562340736389,-0.009307518601417542,0.4029214680194855,0.5570497512817383,-0.026199761778116226,0.4266110956668854,0.515507698059082,-0.025818997994065285,0.4404066801071167,0.5185370445251465,-0.02156294696033001,0.4472249448299408,0.528734564781189,-0.01790742203593254
0.35736820101737976,0.6338437795639038,-4.551540655484132e-08,0.3692651391029358,0.585245668888092,0.0242982916533947,0.3824639916419983,0.5485832691192627,0.03043041191995144,0.3962872624397278,0.5327019691467285,0.029453786090016365,0.4085683524608612,0.5266975164413452,0.026959525421261787,0.3842242658138275,0.5167372822761536,0.019634967669844627,0.4164177179336548,0.49475476145744324,0.018824925646185875,0.43197304010391235,0.5087597370147705,0.01809336617588997,0.4396572411060333,0.5250731110572815,0.018096376210451126,0.3884694576263428,0.5205634832382202,0.003083614632487297,0.4238261878490448,0.4936875104904175,0.0029324085917323828,0.44021689891815186,0.5120038390159607,0.0029958125669509172,0.4451776146888733,0.5328482985496521,0.0036099646240472794,0.3946322500705719,0.5352417230606079,-0.012080414220690727,0.42539742588996887,0.4991324543952942,-0.010850178077816963,0.4422529637813568,0.5166508555412292,-0.007294274866580963,0.44838646054267883,0.5359465479850769,-0.00482436316087842,0.40298590064048767,0.5572656393051147,-0.02577141486108303,0.42488372325897217,0.5168031454086304,-0.02399562858045101,0.438702255487442,0.518822968006134,-0.019241701811552048,0.4459850490093231,0.529595136642456,-0.015519868582487106
0.3545236587524414,0.6340108513832092,-1.9863326983227125e-08,0.36897194385528564,0.585888683795929,0.023487644270062447,0.3840724229812622,0.5509122014045715,0.02921731397509575,0.3986434042453766,0.5367095470428467,0.0279137771576643,0.4115915298461914,0.532386302947998,0.024955125525593758,0.3854731023311615,0.518714964389801,0.019543103873729706,0.4180075526237488,0.500877857208252,0.018622417002916336,0.43523329496383667,0.5139418244361877,0.017835358157753944,0.4451129138469696,0.5301633477210999,0.017640111967921257,0.3891426622867584,0.5232197642326355,0.0028904834762215614,0.42534199357032776,0.4988643229007721,0.0015907592605799437,0.442996621131897,0.5178732872009277,0.0007843938074074686,0.44930705428123474,0.5407938957214355,0.0011204088805243373,0.3949066996574402,0.538195013999939,-0.012450390495359898,0.4260191321372986,0.5036054849624634,-0.012720073573291302,0.4442290961742401,0.5219900608062744,-0.01019279658794403,0.45171424746513367,0.5429183840751648,-0.008035569451749325,0.4030568301677704,0.5607112050056458,-0.026341602206230164,0.4250958263874054,0.5213688611984253,-0.02614223212003708,0.4394708573818207,0.5211061239242554,-0.022629162296652794,0.4476162791252136,0.5296208262443542,-0.019604697823524475
0.35430672764778137,0.6321519613265991,-3.926604374981935e-09,0.36826685070991516,0.5841678380966187,0.02071615681052208,0.3835175633430481,0.5489281415939331,0.02557702735066414,0.3977363407611847,0.5350722670555115,0.024242769926786423,0.410577654838562,0.5286834836006165,0.021518558263778687,0.3855874836444855,0.517560601234436,0.015266239643096924,0.41793093085289,0.4976741075515747,0.01247749850153923,0.435470312833786,0.5103321075439453,0.010929295793175697,0.4452918767929077,0.527868390083313,0.010486047714948654,0.38934582471847534,0.5224907994270325,-3.295533679192886e-05,0.424377977848053,0.49602457880973816,-0.0036053021904081106,0.4428824186325073,0.5131490230560303,-0.005107982084155083,0.44958561658859253,0.5366377830505371,-0.004787852056324482,0.3946438133716583,0.5379734039306641,-0.014184863306581974,0.42555519938468933,0.501469612121582,-0.016316605731844902,0.44454824924468994,0.5173322558403015,-0.014485889114439487,0.4530600309371948,0.5372583866119385,-0.01239473931491375,0.4022029638290405,0.5611886978149414,-0.02697760984301567,0.4231986105442047,0.5201227068901062,-0.028813738375902176,0.43710726499557495,0.5166403651237488,-0.026479152962565422,0.44551292061805725,0.5234591364860535,-0.023873837664723396
0.3541978895664215,0.6262317299842834,7.377722432977407e-09,0.3680780231952667,0.579105794429779,0.019091114401817322,0.3841855525970459,0.5437459945678711,0.02352803945541382,0.3998850882053375,0.5308036208152771,0.022118601948022842,0.41404208540916443,0.5248510241508484,0.019544752314686775,0.3853628635406494,0.5130431652069092,0.01384090818464756,0.41829192638397217,0.49068477749824524,0.009891783818602562,0.43625614047050476,0.5045598149299622,0.00751112587749958,0.445550799369812,0.5241337418556213,0.006901790853589773,0.3892468512058258,0.5176255702972412,-0.0004515642940532416,0.4246545433998108,0.48949792981147766,-0.00467301532626152,0.4435228109359741,0.507864236831665,-0.006666676606982946,0.44927728176116943,0.5336428880691528,-0.006452780682593584,0.39465513825416565,0.5333751440048218,-0.013757767155766487,0.4261488914489746,0.49583086371421814,-0.01633385941386223,0.44580233097076416,0.5127743482589722,-0.0147423529997468,0.4539738893508911,0.5346522331237793,-0.012546897865831852,0.40230506658554077,0.5571231842041016,-0.02581433393061161,0.42486095428466797,0.5167965888977051,-0.027977129444479942,0.4393934905529022,0.5149326920509338,-0.025846373289823532,0.44781631231307983,0.5229502320289612,-0.0231504924595356
0.35513752698898315,0.6230438947677612,7.055120043730767e-09,0.3680594265460968,0.5725934505462646,0.02094437927007675,0.3834453523159027,0.5373932123184204,0.025979669764637947,0.39781197905540466,0.5242968797683716,0.024826303124427795,0.4111672341823578,0.5182837843894958,0.022385887801647186,0.3856516480445862,0.5094642043113708,0.01620282046496868,0.41840440034866333,0.48623794317245483,0.013519896194338799,0.436461865901947,0.49955466389656067,0.011727167293429375,0.4464798867702484,0.5172889232635498,0.011255822144448757,0.39024949073791504,0.5156087875366211,0.0011209691874682903,0.42534682154655457,0.4875973165035248,-0.0018008582992479205,0.44369351863861084,0.5050903558731079,-0.0033511617220938206,0.4497874081134796,0.5285295844078064,-0.003271229099482298,0.3960418999195099,0.5315831303596497,-0.012834250926971436,0.4266338646411896,0.4941640794277191,-0.013948935084044933,0.4454542100429535,0.5090770721435547,-0.0121226217597723,0.45366916060447693,0.5287071466445923,-0.010347210802137852,0.4040030241012573,0.5546919107437134,-0.02545616216957569,0.4254688620567322,0.5146268010139465,-0.02620028145611286,0.4393693208694458,0.5120691061019897,-0.023558897897601128,0.44733816385269165,0.5188789367675781,-0.020944327116012573
0.35483089089393616,0.6222234964370728,4.1026204655736365e-08,0.36933818459510803,0.5738458633422852,0.016097594052553177,0.3864528238773346,0.5393792986869812,0.01940552145242691,0.40231752395629883,0.5266016721725464,0.017845097929239273,0.4159119129180908,0.5205518007278442,0.01534788403660059,0.3880980908870697,0.5103311538696289,0.011706843040883541,0.42234519124031067,0.4891727566719055,0.007755728904157877,0.4407655596733093,0.5012593865394592,0.005573228932917118,0.45075199007987976,0.5186020135879517,0.005277449265122414,0.3914717435836792,0.5167375206947327,-0.0002672069240361452,0.42822206020355225,0.48924413323402405,-0.00452684098854661,0.4464152455329895,0.5059438347816467,-0.0063516669906675816,0.45306625962257385,0.529090166091919,-0.005816476885229349,0.39632999897003174,0.532800018787384,-0.011330967769026756,0.4278211295604706,0.4948086142539978,-0.013911779969930649,0.4454960227012634,0.5087087154388428,-0.012416912242770195,0.4528768062591553,0.5275005102157593,-0.010064451023936272,0.40270695090293884,0.5567564964294434,-0.021234145388007164,0.4241974353790283,0.5160725712776184,-0.022737760096788406,0.4370543360710144,0.5118886828422546,-0.020143935456871986,0.4437507688999176,0.5169919729232788,-0.01697232387959957
0.3559311628341675,0.6206890344619751,2.027281276184567e-08,0.3710450828075409,0.5715126395225525,0.019909318536520004,0.3873620629310608,0.5389066934585571,0.024887410923838615,0.40133002400398254,0.5266718864440918,0.024034852162003517,0.41277095675468445,0.5212456583976746,0.02194223925471306,0.3895624577999115,0.5099453926086426,0.016496870666742325,0.42419523000717163,0.4916420876979828,0.014054563827812672,0.4421326518058777,0.5047425031661987,0.012604543939232826,0.45144468545913696,0.5218051671981812,0.012666297145187855,0.3939763009548187,0.5146828889846802,0.0027067656628787518,0.4311107397079468,0.49009281396865845,0.0005400344380177557,0.4486887454986572,0.5083312392234802,-0.00027490645879879594,0.4538305103778839,0.5316520929336548,0.0006376281380653381,0.399302214384079,0.5289589166641235,-0.01004142314195633,0.43058308959007263,0.4935571253299713,-0.010644441470503807,0.44768086075782776,0.5102022290229797,-0.008021803572773933,0.4538630247116089,0.530737578868866,-0.005347332451492548,0.40591171383857727,0.550569474697113,-0.02149403840303421,0.42700475454330444,0.5103288292884827,-0.021858273074030876,0.4401986300945282,0.5098648071289062,-0.018554581329226494,0.44682660698890686,0.519320547580719,-0.015094385482370853
0.3567310869693756,0.6177875399589539,4.470413372814619e-08,0.3747812509536743,0.5755117535591125,0.01584654301404953,0.39237192273139954,0.5411639213562012,0.01935315504670143,0.40737593173980713,0.5277352929115295,0.018047448247671127,0.41781604290008545,0.5193488597869873,0.016089605167508125,0.391838401556015,0.5119557976722717,0.012584768235683441,0.4269079566001892,0.49146658182144165,0.009798938408493996,0.44422447681427,0.5042760968208313,0.008395276963710785,0.45247095823287964,0.5208278894424438,0.008530235849320889,0.3949592411518097,0.5150032043457031,0.000939447374548763,0.43286800384521484,0.48657017946243286,-0.0017848833231255412,0.4502716064453125,0.5047780871391296,-0.0025619769003242254,0.4549383819103241,0.5281128883361816,-0.0013701488496735692,0.3995126485824585,0.5277035236358643,-0.009868207387626171,0.4317893385887146,0.49062350392341614,-0.010924924165010452,0.4476201832294464,0.5080817341804504,-0.008152943104505539,0.452436238527298,0.5279773473739624,-0.005233624018728733,0.40567973256111145,0.5482666492462158,-0.019666370004415512,0.42662692070007324,0.5097159743309021,-0.02006692811846733,0.43874821066856384,0.5092858076095581,-0.01668412610888481,0.44420602917671204,0.516647219657898,-0.013115454465150833
0.35621973872184753,0.6191877722740173,2.4222369887638706e-08,0.3740532696247101,0.5780773758888245,0.018757684156298637,0.3920135498046875,0.5429273843765259,0.023374419659376144,0.4066345691680908,0.5292081832885742,0.022465050220489502,0.41784554719924927,0.5201981067657471,0.020858360454440117,0.3909754455089569,0.5094814300537109,0.015972917899489403,0.4256194233894348,0.4895956218242645,0.014497707597911358,0.4431157112121582,0.5025657415390015,0.01339044887572527,0.45264747738838196,0.5186031460762024,0.013196286745369434,0.39378923177719116,0.5125869512557983,0.002513156272470951,0.4317499101161957,0.48826032876968384,0.001448763650842011,0.4498930871486664,0.5046975016593933,0.0005910297040827572,0.45671355724334717,0.5255795121192932,0.0008058425155468285,0.39866334199905396,0.5263530015945435,-0.010011326521635056,0.43105390667915344,0.49065878987312317,-0.009698180481791496,0.4483255445957184,0.5060983300209045,-0.00754803791642189,0.45569223165512085,0.5257418751716614,-0.006028445903211832,0.4062334895133972,0.5481698513031006,-0.021448399871587753,0.42678678035736084,0.5104798078536987,-0.02094941958785057,0.43962785601615906,0.5106860399246216,-0.017852764576673508,0.4471060633659363,0.5200575590133667,-0.015211754478514194
0.3542342483997345,0.6172145009040833,2.8358680737028408e-08,0.371795654296875,0.5731148719787598,0.018726220354437828,0.3900867700576782,0.5403764843940735,0.023333068937063217,0.4052492678165436,0.5304955244064331,0.022596945986151695,0.41845381259918213,0.5254876613616943,0.02117510885000229,0.3893633782863617,0.5098062753677368,0.015164216049015522,0.4249940514564514,0.49206337332725525,0.01465518120676279,0.44112780690193176,0.5054745674133301,0.014521565288305283,0.45017462968826294,0.5213216543197632,0.014709952287375927,0.3934994637966156,0.5139555335044861,0.0020943237468600273,0.43158528208732605,0.4863341450691223,0.0015394880902022123,0.44937294721603394,0.502672553062439,0.001325418590568006,0.4570970833301544,0.5222057104110718,0.001948180259205401,0.3993890881538391,0.5291789770126343,-0.00982657354325056,0.4313793480396271,0.4879554808139801,-0.009702138602733612,0.4480466842651367,0.5039738416671753,-0.007360484916716814,0.45550671219825745,0.522930383682251,-0.005632996559143066,0.4075693190097809,0.5531660318374634,-0.02050720900297165,0.4279317259788513,0.5141779184341431,-0.020417900756001472,0.4399402439594269,0.515110433101654,-0.017262814566493034,0.44684237241744995,0.5241610407829285,-0.014486458152532578
0.35497546195983887,0.6153095960617065,2.3855843522824216e-08,0.3715909421443939,0.571160614490509,0.017586808651685715,0.388408362865448,0.5371454358100891,0.021328985691070557,0.4035939872264862,0.5262707471847534,0.01963620074093342,0.4158933758735657,0.518821656703949,0.01729823462665081,0.3884032964706421,0.5094215869903564,0.012362414039671421,0.42446836829185486,0.48561611771583557,0.00890221819281578,0.44119253754615784,0.5010631084442139,0.007224363274872303,0.44895410537719727,0.5203661918640137,0.00696840975433588,0.3924950361251831,0.5149006247520447,-0.0007029972621239722,0.4311434328556061,0.4816262125968933,-0.0038588710594922304,0.44896721839904785,0.5002423524856567,-0.00469258613884449,0.454572468996048,0.5221809148788452,-0.004037065431475639,0.3987928032875061,0.530561625957489,-0.012848448939621449,0.4312635064125061,0.4835732579231262,-0.014634127728641033,0.4482659697532654,0.501202404499054,-0.012431977316737175,0.45456621050834656,0.5226048827171326,-0.010334997437894344,0.407258540391922,0.5539114475250244,-0.023891955614089966,0.4276217222213745,0.5123128890991211,-0.025642435997724533,0.43991580605506897,0.5125330686569214,-0.02341584675014019,0.4466821849346161,0.5223658680915833,-0.020985977724194527
0.3546409606933594,0.6128813028335571,1.9439223564177155e-08,0.3709096908569336,0.570902407169342,0.01670208014547825,0.3882331848144531,0.536231517791748,0.020625315606594086,0.40340542793273926,0.523396909236908,0.019712867215275764,0.416360467672348,0.5151201486587524,0.018284138292074203,0.38768380880355835,0.5080416798591614,0.011092368513345718,0.4237838089466095,0.4809296727180481,0.008304592221975327,0.4396391808986664,0.49469849467277527,0.007219407707452774,0.4460977017879486,0.5138633251190186,0.007420450448989868,0.3913545608520508,0.513093113899231,-0.0007289822679013014,0.429857462644577,0.4746217131614685,-0.0024436365347355604,0.4473327398300171,0.4896487295627594,-0.002673613838851452,0.45282289385795593,0.5105430483818054,-0.0020106553565710783,0.3971980810165405,0.5285291075706482,-0.011572563089430332,0.4296465516090393,0.47810301184654236,-0.012411174364387989,0.4459252953529358,0.49299779534339905,-0.010470481589436531,0.45188280940055847,0.5136099457740784,-0.009000017307698727,0.4055730104446411,0.551579475402832,-0.02126392163336277,0.4257640540599823,0.5103529095649719,-0.022598039358854294,0.43762731552124023,0.5096909999847412,-0.02075139246881008,0.4439820349216461,0.5180525779724121,-0.018853042274713516
0.3553086221218109,0.6135003566741943,1.0806203931679192e-08,0.3737260103225708,0.5795137286186218,0.013492780737578869,0.3914482891559601,0.5434224009513855,0.017059704288840294,0.4056679904460907,0.5267464518547058,0.01672065258026123,0.417542427778244,0.516114354133606,0.016314754262566566,0.3887937068939209,0.5071704387664795,0.009065091609954834,0.4246816635131836,0.4796227812767029,0.006320720072835684,0.4398023188114166,0.4943777024745941,0.004915603436529636,0.4450753927230835,0.5141075253486633,0.004905305337160826,0.3914266526699066,0.5095782279968262,-0.00040672338218428195,0.42973846197128296,0.4710226058959961,-0.0016730704810470343,0.44637614488601685,0.4867059588432312,-0.0021419795230031013,0.4511728882789612,0.507546067237854,-0.001842707977630198,0.39674055576324463,0.5230845212936401,-0.009094671346247196,0.4290481209754944,0.47443971037864685,-0.009579603560268879,0.4449310600757599,0.4906671941280365,-0.008206753991544247,0.45006999373435974,0.512627899646759,-0.00727524608373642,0.40464717149734497,0.544288694858551,-0.01687968522310257,0.4253653883934021,0.5062277317047119,-0.017849359661340714,0.4372493326663971,0.5087732672691345,-0.01636252924799919,0.44298264384269714,0.5199949741363525,-0.01487183477729559
0.3529371917247772,0.6165960431098938,2.1783461701119222e-09,0.3713962137699127,0.576942503452301,0.017370248213410378,0.3891335427761078,0.5415133237838745,0.021605798974633217,0.40388965606689453,0.5274264812469482,0.02063441090285778,0.41539567708969116,0.5180498361587524,0.019163165241479874,0.38775286078453064,0.507186233997345,0.013138475827872753,0.4228280782699585,0.48137032985687256,0.010617614723742008,0.4394380748271942,0.4946807026863098,0.009298288263380527,0.4472547173500061,0.5119847655296326,0.00917213037610054,0.390216201543808,0.5101485848426819,0.0006971415714360774,0.4287571907043457,0.47733113169670105,-0.0003681101370602846,0.4456978142261505,0.49499669671058655,-0.0004285758186597377,0.4519527852535248,0.51423579454422,0.00019342165614943951,0.39559072256088257,0.5242190957069397,-0.010866362601518631,0.4271801710128784,0.47949618101119995,-0.011128931306302547,0.4433576464653015,0.4964151382446289,-0.008632419630885124,0.44995951652526855,0.5165746212005615,-0.006948155350983143,0.4038884937763214,0.5462754964828491,-0.021400975063443184,0.4232311546802521,0.5072464942932129,-0.021794086322188377,0.4348578453063965,0.5096775889396667,-0.01900370977818966,0.44139957427978516,0.5204389691352844,-0.01659553498029709
0.3518354594707489,0.6250242590904236,9.70141744716102e-09,0.3750784397125244,0.5912211537361145,0.017998773604631424,0.3926346004009247,0.5544480681419373,0.02228560298681259,0.4070281684398651,0.5351355075836182,0.020951278507709503,0.41768693923950195,0.5219247937202454,0.018841907382011414,0.38668888807296753,0.513597846031189,0.014709684066474438,0.4214334487915039,0.4903264045715332,0.011988583952188492,0.43985968828201294,0.502933144569397,0.009786507114768028,0.44921112060546875,0.5194867849349976,0.008679447695612907,0.38765406608581543,0.515533983707428,0.0009679631912149489,0.4279089868068695,0.48690786957740784,-0.0016802918398752809,0.44639647006988525,0.5041146874427795,-0.003960656002163887,0.4531164765357971,0.5247632265090942,-0.004746090155094862,0.39224696159362793,0.5287669897079468,-0.011906340718269348,0.42633724212646484,0.4894355535507202,-0.01337706483900547,0.44446954131126404,0.5061653256416321,-0.012979297898709774,0.4520602524280548,0.5261695981025696,-0.012629727832973003,0.4002453684806824,0.5495727062225342,-0.023675691336393356,0.42080068588256836,0.512095034122467,-0.025179611518979073,0.4340097904205322,0.5127511620521545,-0.023889750242233276,0.4421200156211853,0.5224478840827942,-0.022600051015615463
0.35038962960243225,0.6303131580352783,3.622203692543735e-08,0.3709651529788971,0.5926284790039062,0.015998708084225655,0.38906827569007874,0.5556053519248962,0.01987438090145588,0.40360045433044434,0.5385772585868835,0.018864642828702927,0.41436973214149475,0.5284263491630554,0.017114825546741486,0.3848227858543396,0.5153663754463196,0.013403604738414288,0.41906997561454773,0.496420294046402,0.011237875558435917,0.4378615617752075,0.5070270895957947,0.009146875701844692,0.44879597425460815,0.5217000842094421,0.007937179878354073,0.386600136756897,0.5179083943367004,0.0011992673389613628,0.4256097376346588,0.4929388165473938,-0.0011525510344654322,0.44486963748931885,0.5083057880401611,-0.0037051683757454157,0.45323285460472107,0.5288639068603516,-0.0046251998282969,0.39159002900123596,0.5318838953971863,-0.010109531693160534,0.4242623448371887,0.49461251497268677,-0.011390672996640205,0.44279277324676514,0.5101600289344788,-0.01132222916930914,0.4516424834728241,0.5301476120948792,-0.010989298112690449,0.3995237350463867,0.5535394549369812,-0.02040344849228859,0.41925048828125,0.5170833468437195,-0.021201275289058685,0.4317823350429535,0.5168448686599731,-0.019549446180462837,0.4397241473197937,0.5251162648200989,-0.017918774858117104
0.35102108120918274,0.6314877271652222,3.5193558289847715e-08,0.3661034107208252,0.5859790444374084,0.019190311431884766,0.38256484270095825,0.5499014854431152,0.02405950427055359,0.3973030745983124,0.534435510635376,0.023462919518351555,0.40971237421035767,0.5258575677871704,0.021953515708446503,0.3821614384651184,0.5175429582595825,0.015321407467126846,0.4162310063838959,0.49499741196632385,0.01356013398617506,0.43555784225463867,0.5064361691474915,0.012669280171394348,0.4473802447319031,0.5220726132392883,0.012615296058356762,0.3858776390552521,0.5219438076019287,0.0018858104012906551,0.4237201511859894,0.4937848448753357,-6.910555384820327e-05,0.4436822533607483,0.5097683072090149,-0.0008638727013021708,0.45289433002471924,0.5309461355209351,-0.0004020068736281246,0.3916226625442505,0.536751389503479,-0.010492638684809208,0.42278456687927246,0.4971279799938202,-0.011311165057122707,0.4421462416648865,0.5113259553909302,-0.009692001156508923,0.45210346579551697,0.5305856466293335,-0.008290097117424011,0.39976122975349426,0.559389591217041,-0.021600404754281044,0.41982072591781616,0.5197811722755432,-0.02230464108288288,0.4328983724117279,0.5179194211959839,-0.02000652626156807,0.44129252433776855,0.525482177734375,-0.017791520804166794
0.3529116213321686,0.6284993290901184,4.664448027824619e-08,0.36796993017196655,0.587483286857605,0.01147424429655075,0.3852689862251282,0.5480228662490845,0.014568713493645191,0.3995330035686493,0.5286019444465637,0.013918669894337654,0.41114094853401184,0.5146528482437134,0.012944551184773445,0.38311928510665894,0.5169902443885803,0.009075918234884739,0.41629812121391296,0.4868669807910919,0.004376020282506943,0.43470847606658936,0.5016666650772095,0.0014344289666041732,0.444333553314209,0.5215165615081787,0.0006372653879225254,0.38601067662239075,0.521193265914917,-0.0001323951582890004,0.4226648509502411,0.4874650239944458,-0.005418907850980759,0.4419655501842499,0.5059669613838196,-0.009169348515570164,0.4491267204284668,0.5316522717475891,-0.010116057470440865,0.39083611965179443,0.5352758169174194,-0.008867710828781128,0.42156553268432617,0.49490848183631897,-0.012262930162250996,0.4409603476524353,0.5102038383483887,-0.013846201822161674,0.44976353645324707,0.5311766266822815,-0.013935805298388004,0.3973497748374939,0.5559698939323425,-0.016740689054131508,0.4168129563331604,0.5152136087417603,-0.019049832597374916,0.4298861026763916,0.5141243934631348,-0.018811756744980812,0.43765485286712646,0.5236622095108032,-0.017763739451766014
0.35252654552459717,0.6237147450447083,5.816197301555803e-09,0.3683503270149231,0.5814267992973328,0.017378346994519234,0.3854433000087738,0.5443255305290222,0.022255606949329376,0.3993825614452362,0.5281473994255066,0.021942030638456345,0.41096848249435425,0.5166772603988647,0.020943831652402878,0.3844969868659973,0.5114984512329102,0.015551844611763954,0.4172983169555664,0.4843173623085022,0.012133708223700523,0.43513062596321106,0.4992077052593231,0.009827535599470139,0.4435059428215027,0.5197398662567139,0.009523299522697926,0.3877404034137726,0.5157172083854675,0.0032367438543587923,0.4238647222518921,0.4849885106086731,0.00011667518265312538,0.4421236515045166,0.5040246844291687,-0.002037739846855402,0.4472552537918091,0.5296034216880798,-0.002048556227236986,0.3924141824245453,0.529487133026123,-0.00837955716997385,0.4231148958206177,0.4919920265674591,-0.009878644719719887,0.44132545590400696,0.5083948373794556,-0.00924625527113676,0.44798481464385986,0.5294977426528931,-0.008011887781322002,0.39868098497390747,0.5496022701263428,-0.0188177190721035,0.41880345344543457,0.5118376016616821,-0.019631531089544296,0.43183618783950806,0.5121438503265381,-0.01765994168817997,0.4382142424583435,0.521837055683136,-0.015407532453536987
0.3525942862033844,0.6205363273620605,1.3690775180208448e-09,0.3695369064807892,0.5780162811279297,0.018215995281934738,0.3870231807231903,0.5410729050636292,0.023646680638194084,0.40093323588371277,0.5246721506118774,0.023627592250704765,0.41231364011764526,0.5133182406425476,0.022761289030313492,0.3858318626880646,0.5084931254386902,0.01679212599992752,0.41925325989723206,0.4839860498905182,0.01377551443874836,0.4371888339519501,0.49996864795684814,0.011524965055286884,0.4461077153682709,0.5205415487289429,0.011056896299123764,0.38908836245536804,0.5128078460693359,0.003968908451497555,0.42614316940307617,0.4850335717201233,0.0009819550905376673,0.4442702829837799,0.5053903460502625,-0.0015979267191141844,0.44941800832748413,0.5315282344818115,-0.0021188724786043167,0.39369553327560425,0.5265163779258728,-0.008113530464470387,0.42503732442855835,0.4918527603149414,-0.009654024615883827,0.4429609775543213,0.5098097920417786,-0.009778125211596489,0.4494040012359619,0.531915009021759,-0.009247533977031708,0.39983129501342773,0.5461204051971436,-0.018961196765303612,0.42014777660369873,0.5095066428184509,-0.019930340349674225,0.43306928873062134,0.5109062790870667,-0.01851247437298298,0.4395228624343872,0.5218579173088074,-0.016876045614480972
0.35231220722198486,0.6169765591621399,8.626920511289882e-09,0.36779725551605225,0.5708569288253784,0.019201017916202545,0.38481006026268005,0.5360003113746643,0.02381005696952343,0.3998676538467407,0.5227376222610474,0.02272517792880535,0.41293254494667053,0.51474529504776,0.02050795592367649,0.38540390133857727,0.5054131150245667,0.014377056621015072,0.42034637928009033,0.4829881191253662,0.011122569441795349,0.4382401704788208,0.4997226595878601,0.009317586198449135,0.4472655653953552,0.5198293924331665,0.009128808043897152,0.389228880405426,0.5112829208374023,0.000651058682706207,0.4275648593902588,0.4843486547470093,-0.0024495262186974287,0.4455919861793518,0.5059500336647034,-0.004087013658136129,0.4508138597011566,0.53176349401474,-0.003944406285881996,0.39422523975372314,0.5269505381584167,-0.012013520114123821,0.4264982044696808,0.49116596579551697,-0.013529299758374691,0.4444617033004761,0.5104587078094482,-0.01238036248832941,0.45101821422576904,0.5326204895973206,-0.01100101601332426,0.4005986452102661,0.5490866899490356,-0.02333461306989193,0.42232823371887207,0.5120282173156738,-0.024545416235923767,0.43554630875587463,0.5132699012756348,-0.022502552717924118,0.4421139657497406,0.5228783488273621,-0.020291181281208992
0.35003018379211426,0.6157118082046509,1.1636227981171032e-08,0.3682010769844055,0.5739591121673584,0.018972689285874367,0.3870305120944977,0.5403416752815247,0.023831559345126152,0.40297114849090576,0.5275223851203918,0.02293446473777294,0.41428837180137634,0.5211440324783325,0.0208343043923378,0.3879794478416443,0.5055801272392273,0.016371559351682663,0.4226658344268799,0.48859670758247375,0.014295500703155994,0.44021114706993103,0.5044371485710144,0.012442082166671753,0.44969242811203003,0.5213801264762878,0.011643951758742332,0.39101117849349976,0.5101730227470398,0.0025650043971836567,0.4295792877674103,0.48791390657424927,0.00034666023566387594,0.4470134675502777,0.5103881359100342,-0.0015311083989217877,0.45216959714889526,0.5346554517745972,-0.0017438707873225212,0.39553794264793396,0.5254483222961426,-0.01018591783940792,0.4277953803539276,0.4913685619831085,-0.01121846679598093,0.4448198676109314,0.5125505328178406,-0.00957836676388979,0.4506615996360779,0.5348405838012695,-0.007866859436035156,0.40128350257873535,0.5482987761497498,-0.021744336932897568,0.42234715819358826,0.5108621716499329,-0.022119607776403427,0.43472424149513245,0.514447033405304,-0.018991759046912193,0.4405285716056824,0.5259795188903809,-0.01610519550740719
0.35089394450187683,0.6147629022598267,1.3157543499175972e-08,0.3691214323043823,0.5742903351783752,0.018740244209766388,0.3881889283657074,0.5412331819534302,0.023219769820570946,0.40430840849876404,0.5277557373046875,0.022142896428704262,0.4164511561393738,0.5196302533149719,0.020000923424959183,0.3883523643016815,0.5053966641426086,0.013924332335591316,0.4248950481414795,0.4888032376766205,0.011139653623104095,0.4420791268348694,0.5062763094902039,0.009577840566635132,0.450433611869812,0.5246049761772156,0.009347626008093357,0.39195340871810913,0.5108695030212402,0.0002600679290480912,0.4318615198135376,0.4882197380065918,-0.002242680173367262,0.44933557510375977,0.5105606913566589,-0.0033091886434704065,0.45357149839401245,0.5352149605751038,-0.0028285339940339327,0.39665740728378296,0.5272711515426636,-0.012312156148254871,0.429843544960022,0.4924503564834595,-0.013432145118713379,0.4464172124862671,0.5137046575546265,-0.011262602172791958,0.4513111114501953,0.5359787940979004,-0.009196745231747627,0.4023219048976898,0.5508258938789368,-0.02361994981765747,0.423662006855011,0.5125276446342468,-0.024496879428625107,0.43630027770996094,0.5153272151947021,-0.021552257239818573,0.4421921372413635,0.5263635516166687,-0.01863437332212925
0.35080963373184204,0.6096318960189819,3.015825100760594e-08,0.3697603642940521,0.5670076608657837,0.018718194216489792,0.3882768750190735,0.5355963706970215,0.02289295755326748,0.4050025939941406,0.5246764421463013,0.021611321717500687,0.417413592338562,0.5201568007469177,0.019267728552222252,0.38897576928138733,0.5022103190422058,0.013374055735766888,0.4256107807159424,0.4892916679382324,0.011511619202792645,0.44273054599761963,0.5048735737800598,0.010386825539171696,0.45198026299476624,0.5212274193763733,0.010002191178500652,0.3932145833969116,0.5083826780319214,-0.00020147135364823043,0.43363136053085327,0.48614969849586487,-0.002028591698035598,0.4514583647251129,0.5058786869049072,-0.002887503243982792,0.4573412537574768,0.5275922417640686,-0.0027147831860929728,0.3986028730869293,0.5253418684005737,-0.012539318762719631,0.432506799697876,0.49001994729042053,-0.013349989429116249,0.44910189509391785,0.5098007917404175,-0.011443679220974445,0.45473048090934753,0.5309547185897827,-0.009886969812214375,0.4052197337150574,0.5500621795654297,-0.02356586791574955,0.4276811182498932,0.5122106671333313,-0.023846270516514778,0.44008880853652954,0.5157961845397949,-0.02065815031528473,0.44600069522857666,0.5274124145507812,-0.017894243821501732
0.35020655393600464,0.6032264232635498,1.5247440643406662e-08,0.36933696269989014,0.5599790215492249,0.020115729421377182,0.3877570927143097,0.5294995903968811,0.025008128955960274,0.40496626496315,0.5225769877433777,0.023996694013476372,0.41794002056121826,0.5244807004928589,0.021931029856204987,0.389298677444458,0.4967176914215088,0.015580370090901852,0.42769721150398254,0.4878588914871216,0.01455950178205967,0.44311779737472534,0.5072890520095825,0.01396875362843275,0.4494900107383728,0.5270228385925293,0.01395780872553587,0.3952242434024811,0.5029279589653015,0.001603435375727713,0.4372200667858124,0.48147836327552795,0.0008601489826105535,0.4534823000431061,0.5044008493423462,0.0007891656132414937,0.4569298326969147,0.5275780558586121,0.0015020554419606924,0.4018145799636841,0.520491898059845,-0.011107632890343666,0.43774253129959106,0.48365113139152527,-0.010806580074131489,0.4531257152557373,0.5075212121009827,-0.008100477047264576,0.4567854404449463,0.5306403040885925,-0.006047785747796297,0.40892502665519714,0.5460118055343628,-0.022463306784629822,0.43405309319496155,0.5091723799705505,-0.022063959389925003,0.4465465843677521,0.5159879326820374,-0.018488772213459015,0.45164111256599426,0.5295444130897522,-0.015468478202819824
0.3535456657409668,0.598016619682312,1.1757652629285076e-08,0.3710331320762634,0.5531060099601746,0.019954048097133636,0.38891616463661194,0.5210056304931641,0.0244436152279377,0.40533867478370667,0.5134825706481934,0.022975847125053406,0.41883477568626404,0.5143827795982361,0.02051471546292305,0.3926600515842438,0.4912228584289551,0.013203239999711514,0.43110424280166626,0.4803828001022339,0.010145207867026329,0.4460277557373047,0.49980372190475464,0.00864353310316801,0.4507647454738617,0.5205453038215637,0.008623911999166012,0.3974969983100891,0.4984506666660309,-0.0010512116132304072,0.43999338150024414,0.47594696283340454,-0.0032916443888098,0.45617759227752686,0.4984072148799896,-0.003415842540562153,0.4584518074989319,0.5219035148620605,-0.002515530213713646,0.40338772535324097,0.5175955295562744,-0.014118418097496033,0.44109782576560974,0.4825415313243866,-0.014789179898798466,0.45627841353416443,0.5052963495254517,-0.011998146772384644,0.45888423919677734,0.5276849269866943,-0.009646633639931679,0.41029149293899536,0.5453214645385742,-0.02581884153187275,0.4387540817260742,0.5108160972595215,-0.02529243938624859,0.45099806785583496,0.5188966989517212,-0.021015632897615433,0.4545266330242157,0.5340695977210999,-0.01742965541779995
0.3531983494758606,0.5867388844490051,3.739038945127504e-08,0.37008801102638245,0.5408938527107239,0.017237579450011253,0.3892796039581299,0.5111740827560425,0.02028498984873295,0.40609487891197205,0.5066142678260803,0.01795359142124653,0.42028409242630005,0.5087246298789978,0.014865783974528313,0.39494073390960693,0.48429039120674133,0.010066506452858448,0.43400809168815613,0.4712914228439331,0.005985361989587545,0.4491693675518036,0.49079179763793945,0.004319611005485058,0.45346200466156006,0.5116742253303528,0.004530546721071005,0.4004441201686859,0.4927558898925781,-0.0027525608893483877,0.44327670335769653,0.4688797891139984,-0.005586862098425627,0.45850005745887756,0.4924222230911255,-0.005344073753803968,0.45999759435653687,0.5150408744812012,-0.003949436824768782,0.4064766466617584,0.5129269957542419,-0.014493469148874283,0.4453330636024475,0.4806821644306183,-0.015393326990306377,0.46027687191963196,0.5041149854660034,-0.011781753040850163,0.46236178278923035,0.5248557925224304,-0.008637947961688042,0.4124433398246765,0.5422050952911377,-0.02508631907403469,0.4423428773880005,0.5113605260848999,-0.023702075704932213,0.4547370374202728,0.5216048359870911,-0.01808072067797184,0.45797982811927795,0.5359259843826294,-0.01339399442076683
0.3529326319694519,0.5769771933555603,4.701649203298075e-08,0.369394987821579,0.5306367874145508,0.01609947346150875,0.38828372955322266,0.5014497637748718,0.018467741087079048,0.405272513628006,0.49762943387031555,0.01589813269674778,0.41977980732917786,0.5030803680419922,0.012313900515437126,0.3947873115539551,0.4787093997001648,0.006401633843779564,0.4360334575176239,0.46911200881004333,0.001835990115068853,0.45089080929756165,0.48877498507499695,0.0003203885571565479,0.4552154242992401,0.508908212184906,0.0006855691899545491,0.40110495686531067,0.48949354887008667,-0.00549618573859334,0.4455934762954712,0.4664011597633362,-0.009292596951127052,0.460222065448761,0.4897514879703522,-0.009267419576644897,0.4621701240539551,0.5124225616455078,-0.007784405257552862,0.407135933637619,0.511662483215332,-0.016092417761683464,0.4476659297943115,0.4795486330986023,-0.017906244844198227,0.4619317054748535,0.5032206773757935,-0.014714783988893032,0.46468499302864075,0.5234878659248352,-0.011585880070924759,0.4121955931186676,0.5423871874809265,-0.025405660271644592,0.4436814785003662,0.5133159160614014,-0.024723486974835396,0.4563450217247009,0.5225347280502319,-0.01945517212152481,0.46069297194480896,0.534076452255249,-0.014801268465816975
0.35600000619888306,0.5763916969299316,6.559429976960018e-08,0.37138059735298157,0.5316187143325806,0.014875770546495914,0.38842496275901794,0.5008558034896851,0.016377931460738182,0.40587449073791504,0.49388423562049866,0.013565660454332829,0.42011746764183044,0.5007590055465698,0.009763681329786777,0.3948422074317932,0.47792863845825195,0.003063697600737214,0.4359417259693146,0.47076940536499023,-0.0015095240669324994,0.45111802220344543,0.489020437002182,-0.0027153261471539736,0.45813512802124023,0.5080954432487488,-0.0025368540082126856,0.4015974998474121,0.490694522857666,-0.008214324712753296,0.4461301863193512,0.46748554706573486,-0.013211219571530819,0.46201953291893005,0.48746001720428467,-0.013390478678047657,0.46738576889038086,0.5095303654670715,-0.01199882198125124,0.4075779616832733,0.5135560035705566,-0.018049778416752815,0.4478747248649597,0.4808863699436188,-0.020729675889015198,0.4638577699661255,0.5017196536064148,-0.018059639260172844,0.470630019903183,0.5216972231864929,-0.015362914651632309,0.41243815422058105,0.5437270998954773,-0.02662288211286068,0.44307830929756165,0.5155413150787354,-0.026562247425317764,0.4566720128059387,0.521192729473114,-0.022178802639245987,0.46423113346099854,0.5298143029212952,-0.018305892124772072
0.35561180114746094,0.5815759897232056,1.0875677958210872e-07,0.37217551469802856,0.5381475687026978,0.010328508913516998,0.39262697100639343,0.5087003111839294,0.01001252792775631,0.41099703311920166,0.5018348693847656,0.0061859567649662495,0.4259030520915985,0.5051141381263733,0.002017229562625289,0.39859429001808167,0.4857379198074341,0.00015662366058677435,0.43782997131347656,0.4731978476047516,-0.006782446056604385,0.45628026127815247,0.4897322654724121,-0.010396483354270458,0.46702584624290466,0.5074223279953003,-0.011837386526167393,0.4032149314880371,0.4985036253929138,-0.009786778129637241,0.44609567523002625,0.4762507677078247,-0.01658075675368309,0.46607646346092224,0.4938414990901947,-0.019011911004781723,0.47623398900032043,0.5135650038719177,-0.019299205392599106,0.4082033336162567,0.5200666785240173,-0.01884329505264759,0.4468182921409607,0.4903075397014618,-0.02311437763273716,0.467650830745697,0.5055877566337585,-0.02270691841840744,0.48001518845558167,0.5228104591369629,-0.02163771167397499,0.41348886489868164,0.5494239926338196,-0.0272148996591568,0.4421096444129944,0.5239517092704773,-0.028788892552256584,0.4581347703933716,0.52607262134552,-0.026446497067809105,0.46918153762817383,0.532889723777771,-0.02411205880343914
0.3552308976650238,0.5892975330352783,1.0861700161512999e-07,0.3718824088573456,0.547330915927887,0.01087289396673441,0.3921351432800293,0.5204423069953918,0.011113478802144527,0.4086352288722992,0.5098142623901367,0.007801386062055826,0.4239501357078552,0.5075218677520752,0.004344788379967213,0.40055209398269653,0.5012239217758179,0.0014177095144987106,0.43913745880126953,0.4801980257034302,-0.005612110253423452,0.45903652906417847,0.49337780475616455,-0.009023843333125114,0.47060105204582214,0.5091714859008789,-0.010095271281898022,0.4045274555683136,0.5130048394203186,-0.00870505440980196,0.44658058881759644,0.488740473985672,-0.015047489665448666,0.46773117780685425,0.5030504465103149,-0.01737886480987072,0.4793722629547119,0.5201210379600525,-0.017971253022551537,0.4089372456073761,0.5327063202857971,-0.018133988603949547,0.44796180725097656,0.5067973732948303,-0.021666832268238068,0.4701042175292969,0.5169283747673035,-0.021561063826084137,0.4844440519809723,0.5301723480224609,-0.021115964278578758,0.41371670365333557,0.560308039188385,-0.026959221810102463,0.44300615787506104,0.5381452441215515,-0.027823299169540405,0.46055153012275696,0.537347674369812,-0.025972440838813782,0.47339123487472534,0.5411385297775269,-0.02432735078036785
0.3533143401145935,0.5961635708808899,1.4647658019839582e-07,0.3710274398326874,0.5583294630050659,0.008797289803624153,0.39398008584976196,0.5332750082015991,0.00857232604175806,0.411594957113266,0.5250310897827148,0.00523405522108078,0.42743635177612305,0.5228870511054993,0.0017609825590625405,0.4004566967487335,0.5162508487701416,-0.0012326607247814536,0.43879127502441406,0.49052250385284424,-0.009059334173798561,0.46145689487457275,0.49844327569007874,-0.012682945467531681,0.47662681341171265,0.5109759569168091,-0.013818602077662945,0.403972327709198,0.5264620780944824,-0.010498604737222195,0.4459916651248932,0.49956685304641724,-0.01825997419655323,0.4701666533946991,0.5095492601394653,-0.020929114893078804,0.48487699031829834,0.5241430401802063,-0.02137436717748642,0.4080246686935425,0.5451390743255615,-0.019140062853693962,0.4472448527812958,0.5159298777580261,-0.02389027178287506,0.4712095558643341,0.5208116769790649,-0.02409953437745571,0.4873732328414917,0.5305548310279846,-0.023465141654014587,0.41284701228141785,0.5723884105682373,-0.027356784790754318,0.4417295455932617,0.5476983189582825,-0.029104869812726974,0.459893137216568,0.5433641672134399,-0.027623174712061882,0.473368763923645,0.5447094440460205,-0.025992533192038536
0.3522455394268036,0.600712239742279,1.4907155332366528e-07,0.37010419368743896,0.5641865730285645,0.010050632990896702,0.3919004797935486,0.539297878742218,0.010780643671751022,0.4080154299736023,0.5290907621383667,0.00831611268222332,0.42289525270462036,0.524860143661499,0.005925220437347889,0.4020516276359558,0.5206051468849182,0.0015163578791543841,0.44038596749305725,0.49742093682289124,-0.00540614640340209,0.4626496732234955,0.5028643012046814,-0.008223670534789562,0.47770851850509644,0.5132898688316345,-0.008949587121605873,0.4055543541908264,0.5293631553649902,-0.008183110505342484,0.44668465852737427,0.5049749612808228,-0.014906234107911587,0.47088345885276794,0.5120168328285217,-0.016641901805996895,0.48715054988861084,0.5241618752479553,-0.016643010079860687,0.4085686504840851,0.5478475689888,-0.017361735925078392,0.44603079557418823,0.5228625535964966,-0.02153405360877514,0.4689931571483612,0.5267378091812134,-0.020665666088461876,0.4855411648750305,0.5361078977584839,-0.01940949447453022,0.4121657907962799,0.5762532949447632,-0.026063788682222366,0.4388962984085083,0.5510198473930359,-0.02728292904794216,0.4557686150074005,0.5442336201667786,-0.02505810372531414,0.469426691532135,0.5437241792678833,-0.022962350398302078
0.35106170177459717,0.6023202538490295,1.6451465967293188e-07,0.3695228099822998,0.565964937210083,0.009723915718495846,0.39210280776023865,0.5415142178535461,0.010460822843015194,0.408828467130661,0.5316053032875061,0.007900425232946873,0.42378711700439453,0.5273600816726685,0.005299930460751057,0.4016512632369995,0.521866500377655,0.0026889436412602663,0.43972885608673096,0.5015064477920532,-0.004347564186900854,0.46249809861183167,0.5052405595779419,-0.007529918570071459,0.4786835014820099,0.5131515264511108,-0.008610865101218224,0.40480202436447144,0.52996426820755,-0.007133007515221834,0.44636666774749756,0.5075472593307495,-0.013866187073290348,0.4713323414325714,0.5131168961524963,-0.01608331687748432,0.4889661371707916,0.5236694812774658,-0.01650872454047203,0.407768577337265,0.5482210516929626,-0.01664355769753456,0.4460045099258423,0.5241232514381409,-0.021405158564448357,0.47018319368362427,0.5260893106460571,-0.021489236503839493,0.4881516098976135,0.5335565805435181,-0.020826758816838264,0.4114632308483124,0.576225757598877,-0.025695886462926865,0.43906936049461365,0.5515828728675842,-0.027586819604039192,0.45661529898643494,0.5455080270767212,-0.02600601688027382,0.4711494743824005,0.5457756519317627,-0.02439611405134201
0.3520318567752838,0.6042066216468811,1.6515087963853148e-07,0.3712376654148102,0.5682456493377686,0.010184455662965775,0.39378610253334045,0.542788565158844,0.011098665185272694,0.4107653498649597,0.5327160954475403,0.008677035570144653,0.4254204332828522,0.5292485356330872,0.0060003637336194515,0.40309494733810425,0.5220890045166016,0.0027950722724199295,0.44148650765419006,0.505142331123352,-0.0037898325826972723,0.46398496627807617,0.5087136626243591,-0.006950851064175367,0.480264276266098,0.515491247177124,-0.008384336717426777,0.4059087038040161,0.5306464433670044,-0.007302698213607073,0.4477405846118927,0.5107206106185913,-0.01331296842545271,0.4724963307380676,0.5160449743270874,-0.01570257730782032,0.49033236503601074,0.5253337621688843,-0.0167164858430624,0.4083675146102905,0.549166738986969,-0.01698470674455166,0.44681674242019653,0.5266472697257996,-0.021416205912828445,0.4708118438720703,0.5275431871414185,-0.02201419323682785,0.48895278573036194,0.5329364538192749,-0.022194651886820793,0.41170045733451843,0.576951265335083,-0.02612430788576603,0.4389125108718872,0.5535634756088257,-0.028482750058174133,0.45612311363220215,0.5470277070999146,-0.027615750208497047,0.4709171950817108,0.5460518598556519,-0.026775434613227844
0.3523026406764984,0.6060938835144043,1.662733239982117e-07,0.3725000023841858,0.5710973739624023,0.010288220830261707,0.3956173360347748,0.5454592108726501,0.011355020105838776,0.41333627700805664,0.5362194180488586,0.009041802026331425,0.4280712604522705,0.5331016778945923,0.006442690268158913,0.4034934639930725,0.5232893228530884,0.0031012140680104494,0.44180068373680115,0.5071988701820374,-0.0034439030569046736,0.46436917781829834,0.5107977390289307,-0.006774391978979111,0.48092418909072876,0.5172226428985596,-0.008438212797045708,0.40599897503852844,0.5318078994750977,-0.007122423034161329,0.4481344521045685,0.5123533010482788,-0.012982387095689774,0.4729514420032501,0.5176181793212891,-0.015505712479352951,0.4910203218460083,0.5264180302619934,-0.016737915575504303,0.40812811255455017,0.5504577159881592,-0.01694830134510994,0.4469192624092102,0.5283594727516174,-0.021403992548584938,0.47100216150283813,0.5291567444801331,-0.022110717371106148,0.489182710647583,0.534027636051178,-0.022435706108808517,0.4112301170825958,0.5785658955574036,-0.026229368522763252,0.43859967589378357,0.5554724335670471,-0.028648635372519493,0.45597919821739197,0.5487263798713684,-0.027889786288142204,0.47096943855285645,0.5471755862236023,-0.027221104130148888
0.3520893156528473,0.607441782951355,1.7653934492045664e-07,0.3727276623249054,0.5735442042350769,0.009594094939529896,0.3961014151573181,0.5477167963981628,0.010474945418536663,0.41424715518951416,0.5387922525405884,0.008064892143011093,0.4292244613170624,0.5357146859169006,0.0053533888421952724,0.40389367938041687,0.5247524976730347,0.003345774719491601,0.44189631938934326,0.5098076462745667,-0.0033809563610702753,0.4650596082210541,0.5127789974212646,-0.007181636057794094,0.48229414224624634,0.5183309316635132,-0.009200116619467735,0.40608274936676025,0.5330442190170288,-0.006617163773626089,0.44820427894592285,0.5143840312957764,-0.0125711215659976,0.4734930396080017,0.5188723802566528,-0.015502320602536201,0.49222368001937866,0.5267657041549683,-0.017040174454450607,0.4079831838607788,0.5516602396965027,-0.016300445422530174,0.4467606544494629,0.5298164486885071,-0.02087157778441906,0.47109711170196533,0.5297258496284485,-0.0218333937227726,0.48942816257476807,0.5337918400764465,-0.022282982245087624,0.410990446805954,0.5798553824424744,-0.025523176416754723,0.4385296106338501,0.5567625164985657,-0.027865547686815262,0.45613518357276917,0.5495409369468689,-0.027155298739671707,0.471225380897522,0.5474081635475159,-0.02654804103076458
0.3517927825450897,0.6081444025039673,1.7616615366478072e-07,0.3725184500217438,0.5753787159919739,0.0091681107878685,0.39662814140319824,0.548928439617157,0.010308139026165009,0.41507264971733093,0.5398498177528381,0.008231098763644695,0.4299774169921875,0.5368707776069641,0.005794646218419075,0.40489572286605835,0.5256273746490479,0.003959172870963812,0.4426659345626831,0.5133041143417358,-0.0027177135925740004,0.46631693840026855,0.5161820650100708,-0.006849007215350866,0.4840468764305115,0.5213030576705933,-0.009178897365927696,0.4068683385848999,0.5336808562278748,-0.005668040830641985,0.4487228989601135,0.5169562101364136,-0.01123043056577444,0.4737851321697235,0.5215970277786255,-0.014411741867661476,0.49254387617111206,0.5291780829429626,-0.016240226104855537,0.4085635244846344,0.552477240562439,-0.015101783908903599,0.4471694231033325,0.5318357944488525,-0.019585466012358665,0.47114405035972595,0.5319821238517761,-0.020989147946238518,0.48924827575683594,0.5357183218002319,-0.021797077730298042,0.41123053431510925,0.5806778073310852,-0.02411457896232605,0.4384803771972656,0.5584506988525391,-0.02667703479528427,0.4558400511741638,0.5514000058174133,-0.026396768167614937,0.47082117199897766,0.5490399599075317,-0.02612060122191906
0.35236841440200806,0.6079058647155762,1.70629405715772e-07,0.3732113242149353,0.5755656957626343,0.009928704239428043,0.39779484272003174,0.5496722459793091,0.0113519337028265,0.4167414903640747,0.5403727889060974,0.009466118179261684,0.4318341314792633,0.5369433164596558,0.007170080207288265,0.4055710732936859,0.5258644819259644,0.003865924896672368,0.4437742531299591,0.5121860504150391,-0.0026131807826459408,0.46713778376579285,0.5150309801101685,-0.0063004763796925545,0.48461875319480896,0.5201781988143921,-0.008333956822752953,0.40734100341796875,0.5342178344726562,-0.006081244442611933,0.44971224665641785,0.5174793004989624,-0.011635423637926579,0.4745482802391052,0.5225925445556641,-0.014629433862864971,0.49307116866111755,0.5305408239364624,-0.016366733238101006,0.4089660346508026,0.5529136657714844,-0.015737975016236305,0.44800493121147156,0.5323153138160706,-0.02019728720188141,0.47232139110565186,0.5324505567550659,-0.021705402061343193,0.4908255934715271,0.53629070520401,-0.022675110027194023,0.4116576313972473,0.5807756185531616,-0.024874959141016006,0.4394074082374573,0.5582748651504517,-0.027539148926734924,0.4569518268108368,0.5516427755355835,-0.027507787570357323,0.47214627265930176,0.549914538860321,-0.027483828365802765
0.35252463817596436,0.6089234948158264,1.6680847636507679e-07,0.37274712324142456,0.5753222107887268,0.009796264581382275,0.3967670500278473,0.5489144921302795,0.011125083081424236,0.4147840738296509,0.5386598110198975,0.00920315645635128,0.4297327995300293,0.5345847606658936,0.006987196393311024,0.405670166015625,0.5266710519790649,0.0038498458452522755,0.44376200437545776,0.5125445127487183,-0.002689970890060067,0.4668866991996765,0.5157454609870911,-0.006357500795274973,0.484176903963089,0.5212145447731018,-0.00835220143198967,0.4075966477394104,0.5350340604782104,-0.006020124536007643,0.44980233907699585,0.5176557898521423,-0.011672401800751686,0.47454291582107544,0.5228103399276733,-0.014506205916404724,0.49308592081069946,0.5309545993804932,-0.01609734073281288,0.4092000424861908,0.5534601807594299,-0.015638524666428566,0.44829702377319336,0.5329337120056152,-0.02010509744286537,0.4723857045173645,0.5335007309913635,-0.021304264664649963,0.4907742738723755,0.537971019744873,-0.022038927301764488,0.41189438104629517,0.5812917351722717,-0.02477179281413555,0.4393303692340851,0.5594376921653748,-0.02742587774991989,0.4566402733325958,0.5525588989257812,-0.027294494211673737,0.47164666652679443,0.5505120158195496,-0.02717640809714794
0.35207095742225647,0.6064767241477966,1.5389827012768365e-07,0.373051255941391,0.5726274847984314,0.011228094808757305,0.39699414372444153,0.548171877861023,0.013024847023189068,0.4153608977794647,0.541200578212738,0.011265862733125687,0.4300404191017151,0.5407141447067261,0.009115824475884438,0.4055911600589752,0.5260476469993591,0.004867560230195522,0.4436591863632202,0.5130915641784668,-0.001481811166740954,0.4665733575820923,0.5193551182746887,-0.005116793792694807,0.4834253787994385,0.5271896719932556,-0.007164370734244585,0.40786874294281006,0.5342600345611572,-0.0056446329690515995,0.4499035179615021,0.516948938369751,-0.011166310869157314,0.47458168864250183,0.5250181555747986,-0.0139317000284791,0.4925186038017273,0.5353569984436035,-0.015547472052276134,0.4093014597892761,0.5527111887931824,-0.0157608799636364,0.4483300745487213,0.5319391489028931,-0.020126409828662872,0.4719074070453644,0.536115288734436,-0.020871838554739952,0.48950907588005066,0.5433459877967834,-0.021356793120503426,0.41162776947021484,0.5811900496482849,-0.025291455909609795,0.4389776587486267,0.5585391521453857,-0.02783765271306038,0.45619437098503113,0.5523906946182251,-0.027392130345106125,0.47117170691490173,0.5508772730827332,-0.027100367471575737
0.35213056206703186,0.6070506572723389,1.5547058751508303e-07,0.3734078109264374,0.5729710459709167,0.011281912215054035,0.39757204055786133,0.5482979416847229,0.013044243678450584,0.4161211848258972,0.5403729677200317,0.011206706054508686,0.43113183975219727,0.5386901497840881,0.009115135297179222,0.4061782658100128,0.5251659154891968,0.005522774066776037,0.4439910054206848,0.5126099586486816,-0.0008918304229155183,0.46702924370765686,0.5197275280952454,-0.004641120787709951,0.4839428663253784,0.5286560654640198,-0.00668967142701149,0.4080783426761627,0.5330037474632263,-0.005071768071502447,0.4499012529850006,0.5164403915405273,-0.010696704499423504,0.47477030754089355,0.5251858830451965,-0.013407619670033455,0.49283215403556824,0.5362813472747803,-0.014867831021547318,0.4092443585395813,0.5513151288032532,-0.015335331670939922,0.4483851194381714,0.5315266847610474,-0.019601408392190933,0.47217369079589844,0.5362014770507812,-0.020044861361384392,0.4897615611553192,0.5442934632301331,-0.020207013934850693,0.4115353226661682,0.5801653265953064,-0.025044405832886696,0.4391935169696808,0.5578064322471619,-0.027087951079010963,0.4565368890762329,0.5521456599235535,-0.026127828285098076,0.4713473916053772,0.5514858365058899,-0.02541276253759861
0.35333070158958435,0.6043582558631897,1.7457853118685307e-07,0.37528249621391296,0.5700414180755615,0.009578381665050983,0.4002387821674347,0.5462194681167603,0.010714915581047535,0.4202866852283478,0.5404396653175354,0.00846989918500185,0.4364500045776367,0.5396620035171509,0.006043608766049147,0.40602418780326843,0.5238933563232422,0.004567107651382685,0.4444119334220886,0.5116013884544373,-0.0022280339617282152,0.46768835186958313,0.518811821937561,-0.006206795573234558,0.4848064184188843,0.5276366472244263,-0.008221082389354706,0.40813466906547546,0.5317620635032654,-0.0051320078782737255,0.45005735754966736,0.5153555870056152,-0.01096641831099987,0.47496840357780457,0.5242571234703064,-0.013826359063386917,0.4930771589279175,0.5356505513191223,-0.015256921760737896,0.40988689661026,0.5499987602233887,-0.0146581856533885,0.448794424533844,0.5303524732589722,-0.01907522603869438,0.4727678596973419,0.5355280041694641,-0.019742991775274277,0.49042612314224243,0.5441796183586121,-0.019875530153512955,0.4126116931438446,0.5777794718742371,-0.02378726750612259,0.4403747618198395,0.5554075241088867,-0.025669457390904427,0.45776551961898804,0.5504318475723267,-0.024561643600463867,0.47232818603515625,0.5508688688278198,-0.023642152547836304
0.3545813262462616,0.6050148606300354,1.7515100125820027e-07,0.3749846816062927,0.5710161328315735,0.009199956431984901,0.39846447110176086,0.5465006232261658,0.010282396338880062,0.41711923480033875,0.5396523475646973,0.008104423061013222,0.4320319592952728,0.5389668345451355,0.00573742063716054,0.40607205033302307,0.5229430198669434,0.004637266043573618,0.44397830963134766,0.5128825902938843,-0.0019768960773944855,0.46722277998924255,0.5198844075202942,-0.006016670260578394,0.48426640033721924,0.5279720425605774,-0.008093501441180706,0.408230721950531,0.5304520726203918,-0.004729412030428648,0.4499056339263916,0.5165534615516663,-0.010114462114870548,0.4745420217514038,0.5254796147346497,-0.012758278287947178,0.49253347516059875,0.5363025665283203,-0.014129200018942356,0.4101724624633789,0.5482586622238159,-0.013994609005749226,0.44886279106140137,0.5310590863227844,-0.017940472811460495,0.4723969101905823,0.5361207127571106,-0.018591754138469696,0.48970460891723633,0.5442731976509094,-0.018797798082232475,0.4132116138935089,0.5752898454666138,-0.022924069315195084,0.44085195660591125,0.5544708967208862,-0.024401264265179634,0.4579700827598572,0.5500421524047852,-0.023222919553518295,0.4722549021244049,0.550477921962738,-0.02230835147202015
0.3555481731891632,0.6031649708747864,1.812434220482828e-07,0.37646958231925964,0.5701794028282166,0.009364757686853409,0.4003947675228119,0.5460975170135498,0.01032162643969059,0.4198050796985626,0.5401725769042969,0.007927333004772663,0.43562051653862,0.5393128395080566,0.005238773301243782,0.4067324101924896,0.5227025151252747,0.0038672005757689476,0.4448278546333313,0.511604905128479,-0.003128278534859419,0.46815940737724304,0.5198962092399597,-0.007429555058479309,0.48517948389053345,0.5294681191444397,-0.009672090411186218,0.4083873927593231,0.5297143459320068,-0.005763567518442869,0.45031362771987915,0.5153554081916809,-0.011743610724806786,0.4751879870891571,0.5256020426750183,-0.014737535268068314,0.4928394556045532,0.5377992987632751,-0.016249893233180046,0.40994590520858765,0.5476412177085876,-0.015194948762655258,0.44874802231788635,0.5302750468254089,-0.01961035467684269,0.4728030264377594,0.5364522337913513,-0.0204644575715065,0.49023839831352234,0.5454011559486389,-0.020756134763360023,0.41265371441841125,0.5751450061798096,-0.024240335449576378,0.4403291344642639,0.5546508431434631,-0.026252971962094307,0.45774152874946594,0.5505048632621765,-0.025293506681919098,0.4721580147743225,0.5513021349906921,-0.02446926198899746
0.3551238179206848,0.6011465191841125,1.744787141433335e-07,0.3758789896965027,0.5692421793937683,0.009538130834698677,0.399585098028183,0.545221745967865,0.01079555507749319,0.41838228702545166,0.5393847823143005,0.0086804935708642,0.43342921137809753,0.5385357141494751,0.006235674023628235,0.4065416157245636,0.5222696661949158,0.004022989887744188,0.44461333751678467,0.5111965537071228,-0.0031748416367918253,0.4682144820690155,0.5200442671775818,-0.007712832652032375,0.4851696491241455,0.5300483107566833,-0.0101174870505929,0.40842515230178833,0.5291060209274292,-0.005662122741341591,0.4503905475139618,0.5145056843757629,-0.011881314218044281,0.47533681988716125,0.5254162549972534,-0.015170920640230179,0.4928002655506134,0.5379548668861389,-0.016846459358930588,0.41013193130493164,0.5468779802322388,-0.01514020748436451,0.4488827586174011,0.5287508368492126,-0.01993018388748169,0.4729319214820862,0.5353384613990784,-0.021131062880158424,0.490245521068573,0.5446394085884094,-0.021562054753303528,0.41287991404533386,0.5746963024139404,-0.024191850796341896,0.4404752850532532,0.5539142489433289,-0.026654906570911407,0.45784738659858704,0.5497728586196899,-0.02603212371468544,0.472231924533844,0.5506389737129211,-0.025382161140441895
0.35543254017829895,0.6008874177932739,1.7186881962061307e-07,0.37639114260673523,0.5696229338645935,0.010127857327461243,0.3997063636779785,0.5456697940826416,0.01163782924413681,0.4181496798992157,0.538796603679657,0.009680633433163166,0.43296322226524353,0.537056565284729,0.0073867845349013805,0.4071701169013977,0.5214268565177917,0.004575911909341812,0.4453759789466858,0.5107481479644775,-0.002412708243355155,0.46868160367012024,0.5201417207717896,-0.00675919046625495,0.4853573441505432,0.5307115912437439,-0.009005437605082989,0.4088086783885956,0.5280471444129944,-0.005329858977347612,0.4509885311126709,0.5140126943588257,-0.011353787034749985,0.47583287954330444,0.525081217288971,-0.014518845826387405,0.4932865500450134,0.5379067659378052,-0.016100965440273285,0.4103877544403076,0.5458298325538635,-0.014997705817222595,0.4497246742248535,0.5286023616790771,-0.01954648457467556,0.4739818572998047,0.5351462960243225,-0.020749639719724655,0.49142783880233765,0.5444144606590271,-0.021189266815781593,0.41301363706588745,0.5739396810531616,-0.02418280951678753,0.44128409028053284,0.5534183382987976,-0.026302356272935867,0.4587945342063904,0.549491822719574,-0.025544138625264168,0.4732591211795807,0.5506188273429871,-0.024816229939460754
0.3558802604675293,0.6014153361320496,1.7164576604500326e-07,0.376598060131073,0.5697264075279236,0.0100574791431427,0.3997059464454651,0.5452168583869934,0.011465342715382576,0.4178636968135834,0.5380871891975403,0.009377162903547287,0.4327678382396698,0.5369354486465454,0.006988340988755226,0.407185822725296,0.5217082500457764,0.004554479382932186,0.44529375433921814,0.5105365514755249,-0.0026001238729804754,0.46878835558891296,0.5196818113327026,-0.0070875585079193115,0.48559072613716125,0.5299944281578064,-0.009456944651901722,0.40877479314804077,0.5283696055412292,-0.005399914458394051,0.45100927352905273,0.5138227939605713,-0.01167647447437048,0.47584137320518494,0.5251312851905823,-0.014929886907339096,0.49310988187789917,0.5382628440856934,-0.016569532454013824,0.4102661907672882,0.5459601283073425,-0.015127033926546574,0.44926196336746216,0.5285000801086426,-0.0198068767786026,0.4731474816799164,0.5358090400695801,-0.02090621180832386,0.4902508854866028,0.5459792613983154,-0.021289777010679245,0.4128197133541107,0.5737162232398987,-0.02440202794969082,0.4404822587966919,0.5535075664520264,-0.026679901406168938,0.4578344225883484,0.549889087677002,-0.025985881686210632,0.4722040593624115,0.5513231158256531,-0.025319507345557213
0.3559536933898926,0.5995802879333496,1.74116678408609e-07,0.37638741731643677,0.5671972632408142,0.009750074706971645,0.3999882936477661,0.5433897376060486,0.01107440609484911,0.41898640990257263,0.5377982258796692,0.008962491527199745,0.4343060553073883,0.5374860763549805,0.0065370784141123295,0.4071201980113983,0.5209715962409973,0.004378242418169975,0.44538816809654236,0.5098430514335632,-0.002663906430825591,0.4688011109828949,0.5187467336654663,-0.007033356465399265,0.485485702753067,0.5289320945739746,-0.00927514024078846,0.4089948534965515,0.5279446840286255,-0.005366078112274408,0.4512268304824829,0.5135860443115234,-0.011582773178815842,0.4759834408760071,0.5246890783309937,-0.014692648313939571,0.4931277930736542,0.5377336740493774,-0.016156721860170364,0.41065314412117004,0.5456917881965637,-0.014890147373080254,0.4497476816177368,0.5281063318252563,-0.019580639898777008,0.4738316237926483,0.5352368354797363,-0.020465748384594917,0.49115172028541565,0.5452798008918762,-0.020604457706212997,0.4132174849510193,0.5735546350479126,-0.023981638252735138,0.4413630962371826,0.5529826283454895,-0.02609604224562645,0.4587823748588562,0.5493345260620117,-0.02503950707614422,0.4731154441833496,0.5508295297622681,-0.02405005879700184
0.3567061126232147,0.5989685654640198,1.7229058357770555e-07,0.3772917091846466,0.5675419569015503,0.009990304708480835,0.4010920524597168,0.5439452528953552,0.011265485547482967,0.4204801023006439,0.5383328199386597,0.009128295816481113,0.4362073242664337,0.5377282500267029,0.0066768634133040905,0.4074251353740692,0.5208464860916138,0.003699112683534622,0.4458562731742859,0.510189414024353,-0.0034344112500548363,0.4690783619880676,0.5193306803703308,-0.007711675018072128,0.4856860637664795,0.5295594930648804,-0.009890765883028507,0.4090137183666229,0.5279034376144409,-0.00616140803322196,0.4516158699989319,0.5137104392051697,-0.012526439502835274,0.47619983553886414,0.5250073671340942,-0.015519648790359497,0.4932170510292053,0.5381659865379333,-0.016931388527154922,0.41055136919021606,0.5454179048538208,-0.015726584941148758,0.4499296247959137,0.5282900929450989,-0.020448485389351845,0.47383424639701843,0.5356261730194092,-0.021225877106189728,0.49095261096954346,0.545834481716156,-0.021356331184506416,0.413213312625885,0.5727975964546204,-0.024825751781463623,0.4412684440612793,0.5527648329734802,-0.027021830901503563,0.45861294865608215,0.5489471554756165,-0.026101429015398026,0.47291865944862366,0.5502938628196716,-0.025265583768486977
0.3582703471183777,0.5995791554450989,1.791567569853214e-07,0.3782341182231903,0.5670570135116577,0.009240568615496159,0.4018259644508362,0.5432040691375732,0.010193225927650928,0.42134174704551697,0.5378818511962891,0.007852209731936455,0.437227725982666,0.5378345251083374,0.005284759681671858,0.4071961045265198,0.5197504162788391,0.00319073093123734,0.4457453787326813,0.5095042586326599,-0.004157152492552996,0.4689341187477112,0.5192195177078247,-0.00855324137955904,0.48541682958602905,0.5298503637313843,-0.010733799077570438,0.4090903103351593,0.5271390676498413,-0.0062735616229474545,0.45154815912246704,0.5131375789642334,-0.012799210846424103,0.47613218426704407,0.5248005986213684,-0.01580035500228405,0.49307259917259216,0.5383173823356628,-0.017171604558825493,0.4110775887966156,0.5447162389755249,-0.015526064671576023,0.4503070116043091,0.527446985244751,-0.020357973873615265,0.47421926259994507,0.5350667238235474,-0.02112540416419506,0.4912761151790619,0.5455939173698425,-0.021165497601032257,0.4141879379749298,0.5718221068382263,-0.02439154125750065,0.4423624873161316,0.5516276359558105,-0.02657994255423546,0.4597792327404022,0.5482707619667053,-0.02560504898428917,0.47404927015304565,0.5502724647521973,-0.02467065304517746
0.35849836468696594,0.6008116006851196,1.7919262518262258e-07,0.3777053654193878,0.5690730810165405,0.009188004769384861,0.40088093280792236,0.5442312955856323,0.010045723058283329,0.4210495352745056,0.5389074087142944,0.007704449817538261,0.4372371733188629,0.5396201014518738,0.005116521380841732,0.4061932861804962,0.5185325145721436,0.00221711746416986,0.4451664686203003,0.5087170004844666,-0.005233012139797211,0.46838515996932983,0.5192931294441223,-0.009713169187307358,0.4847547113895416,0.5305889844894409,-0.012029197998344898,0.4084521532058716,0.5264406204223633,-0.007232981733977795,0.4516422152519226,0.5123241543769836,-0.01391338836401701,0.4764450192451477,0.5246152877807617,-0.017070777714252472,0.4932336211204529,0.5384989976882935,-0.01859726570546627,0.41088351607322693,0.5446527600288391,-0.01637108251452446,0.4502280354499817,0.5265640616416931,-0.021500252187252045,0.4743252992630005,0.534001886844635,-0.022587168961763382,0.4912954568862915,0.5442458391189575,-0.022880403324961662,0.4145418405532837,0.572502851486206,-0.025068160146474838,0.44263124465942383,0.5519366264343262,-0.02779439277946949,0.4601304531097412,0.5484490394592285,-0.027259748429059982,0.4744608998298645,0.550402820110321,-0.026630885899066925
0.35927391052246094,0.6019916534423828,1.6814728098779597e-07,0.3769311308860779,0.5682826638221741,0.009860212914645672,0.398547500371933,0.5424837470054626,0.01082503143697977,0.41730478405952454,0.536015510559082,0.008573013357818127,0.43235599994659424,0.5373167991638184,0.006057879887521267,0.405396968126297,0.5184655785560608,0.0025288336910307407,0.4446086287498474,0.5092601180076599,-0.004445177037268877,0.467394083738327,0.5206237435340881,-0.00859488919377327,0.4832291603088379,0.5323395729064941,-0.0107859643176198,0.4085933268070221,0.5267660021781921,-0.007078354712575674,0.4516419768333435,0.5124974250793457,-0.01335791777819395,0.4759294092655182,0.5245301723480225,-0.016004817560315132,0.49223947525024414,0.5375772714614868,-0.017258591949939728,0.4116652011871338,0.5446425080299377,-0.01629197970032692,0.4507376253604889,0.5267191529273987,-0.021026834845542908,0.4746636152267456,0.5338612794876099,-0.021650079637765884,0.49156174063682556,0.5431787371635437,-0.02174953557550907,0.4156714975833893,0.572181761264801,-0.02500598318874836,0.4431285262107849,0.5517246127128601,-0.0273734237998724,0.46005886793136597,0.5479114651679993,-0.026481222361326218,0.47394582629203796,0.54923415184021,-0.025671154260635376
0.3593131899833679,0.6051792502403259,1.6135744829171017e-07,0.37678903341293335,0.5723508596420288,0.010224323719739914,0.397790789604187,0.5448225140571594,0.011296838521957397,0.41587719321250916,0.5351898074150085,0.009087417274713516,0.4300159811973572,0.5328943133354187,0.006575193256139755,0.4054878056049347,0.5187862515449524,0.002669014735147357,0.4447082579135895,0.5094877481460571,-0.004109916277229786,0.4674195647239685,0.5209451913833618,-0.008163132704794407,0.48301932215690613,0.5328556299209595,-0.010299650020897388,0.4086128771305084,0.5270270109176636,-0.007186270784586668,0.4519273340702057,0.5121734142303467,-0.013176205568015575,0.47618040442466736,0.5244550704956055,-0.01585748791694641,0.49207377433776855,0.5381855964660645,-0.017122505232691765,0.41189712285995483,0.5453503131866455,-0.016565214842557907,0.45073723793029785,0.5260834097862244,-0.02091771364212036,0.4745273292064667,0.533767819404602,-0.02166767604649067,0.4909883439540863,0.5438502430915833,-0.021949555724859238,0.41631633043289185,0.5730792880058289,-0.025424033403396606,0.4433059096336365,0.5515709519386292,-0.027765177190303802,0.4602503478527069,0.5479912161827087,-0.027132801711559296,0.47409600019454956,0.5499091744422913,-0.02651379443705082
0.35887712240219116,0.6083138585090637,1.6272053926513763e-07,0.3785306215286255,0.5736575126647949,0.009066946804523468,0.4008398950099945,0.5461810231208801,0.009150367230176926,0.41984325647354126,0.5389515161514282,0.006020264234393835,0.4354199767112732,0.5387383103370667,0.0026432652957737446,0.406532883644104,0.52092045545578,0.0011221237946301699,0.44557374715805054,0.5072879791259766,-0.006139859091490507,0.4678040146827698,0.5180854201316833,-0.010382118634879589,0.4833521246910095,0.5295583009719849,-0.012674054130911827,0.40885302424430847,0.5304825305938721,-0.0087665393948555,0.4516989588737488,0.513047456741333,-0.015314040705561638,0.4754583537578583,0.5247805714607239,-0.018431084230542183,0.4908357858657837,0.5383681654930115,-0.019941948354244232,0.4114933907985687,0.550704300403595,-0.01822030358016491,0.44984495639801025,0.528276264667511,-0.02280251868069172,0.47356969118118286,0.5348852276802063,-0.02351374924182892,0.49004578590393066,0.5438118577003479,-0.02378135733306408,0.41551393270492554,0.5802034735679626,-0.027267014607787132,0.4417921006679535,0.5557957291603088,-0.029792707413434982,0.45871424674987793,0.5500000715255737,-0.029097244143486023,0.47270405292510986,0.5495598912239075,-0.028423430398106575
0.3572049140930176,0.6184924244880676,1.5690093846387754e-07,0.3739345371723175,0.5805754661560059,0.007801826111972332,0.39685845375061035,0.5514082908630371,0.007391373161226511,0.4149687886238098,0.5361559987068176,0.004062950145453215,0.43065470457077026,0.5249751806259155,0.0006724698469042778,0.4049813151359558,0.5355557203292847,-0.0013825118076056242,0.44316428899765015,0.5100405216217041,-0.010149167850613594,0.4665954113006592,0.5158864259719849,-0.014755317941308022,0.4831390380859375,0.5259337425231934,-0.01672142744064331,0.4074825644493103,0.5440368056297302,-0.01073609758168459,0.4490770101547241,0.5168989896774292,-0.01901507005095482,0.47454866766929626,0.5243256688117981,-0.022367753088474274,0.4912223219871521,0.5366973876953125,-0.023559611290693283,0.4102599322795868,0.5620768070220947,-0.019699301570653915,0.4483458697795868,0.5327880382537842,-0.02527899108827114,0.47290924191474915,0.5350296497344971,-0.02582560107111931,0.4901532828807831,0.5426077246665955,-0.0255768820643425,0.41448748111724854,0.5891252160072327,-0.028367841616272926,0.44066107273101807,0.5597708821296692,-0.031252432614564896,0.45817023515701294,0.5507869124412537,-0.030523767694830894,0.4724007844924927,0.5487563610076904,-0.029546182602643967
0.35842546820640564,0.6261410117149353,1.6793906354450883e-07,0.37320590019226074,0.5871212482452393,0.007305420469492674,0.3935743570327759,0.5579844117164612,0.006518054753541946,0.4095609486103058,0.5446588397026062,0.0027111286763101816,0.42395344376564026,0.5365409255027771,-0.001229404006153345,0.40576407313346863,0.542277991771698,-0.0003882725432049483,0.44268104434013367,0.5170900225639343,-0.009294027462601662,0.46642619371414185,0.5192816257476807,-0.014268788509070873,0.48387980461120605,0.525745689868927,-0.016694432124495506,0.4084669351577759,0.549013614654541,-0.009705891832709312,0.4485757350921631,0.5200428366661072,-0.017839588224887848,0.474301278591156,0.5248850584030151,-0.021620480343699455,0.4924812614917755,0.5352654457092285,-0.023299317806959152,0.41129305958747864,0.5660895705223083,-0.018852174282073975,0.4483671486377716,0.534838080406189,-0.02493681013584137,0.4724166691303253,0.5358535051345825,-0.026391537860035896,0.4901708662509918,0.5428934097290039,-0.02672683820128441,0.415587842464447,0.5929639935493469,-0.027732383459806442,0.4411087930202484,0.563932478427887,-0.03136429935693741,0.45785093307495117,0.5541208982467651,-0.03141244873404503,0.472354531288147,0.550839364528656,-0.03095077909529209
0.35829442739486694,0.625033974647522,1.7068279589693702e-07,0.3732263743877411,0.5847027897834778,0.0073721143417060375,0.39468544721603394,0.5556982159614563,0.006555541418492794,0.4120199382305145,0.5426783561706543,0.0027892342768609524,0.4272744953632355,0.535403311252594,-0.0011507601011544466,0.4063343405723572,0.5409636497497559,-0.0010738316923379898,0.4432115852832794,0.5151967406272888,-0.010143979452550411,0.4667777717113495,0.5174070000648499,-0.015245290473103523,0.4840713143348694,0.5242857336997986,-0.017817530781030655,0.4091888666152954,0.5484501123428345,-0.01029175240546465,0.44918930530548096,0.5189157724380493,-0.018535714596509933,0.4744288921356201,0.5242199897766113,-0.022365933284163475,0.4922735095024109,0.5351815223693848,-0.02409646473824978,0.4120086431503296,0.5659350752830505,-0.01923510804772377,0.44871991872787476,0.5334910154342651,-0.025435179471969604,0.472459077835083,0.5351946949958801,-0.026738343760371208,0.4901178181171417,0.5434911251068115,-0.027008196339011192,0.4162229597568512,0.59292072057724,-0.02788206934928894,0.44159096479415894,0.5639715194702148,-0.03189598023891449,0.4582669138908386,0.5543973445892334,-0.0320737324655056,0.4727989435195923,0.551693320274353,-0.03168265148997307
0.3560330867767334,0.6194972991943359,1.7188507683840726e-07,0.37257203459739685,0.5790078043937683,0.007785347290337086,0.3950360417366028,0.5513771176338196,0.0073799798265099525,0.41309377551078796,0.5405304431915283,0.0038120250683277845,0.42871758341789246,0.5354346632957458,2.8732225473504514e-05,0.4056749939918518,0.5381866693496704,0.0007233453798107803,0.4429644048213959,0.5145837068557739,-0.008192234672605991,0.46681809425354004,0.5181493759155273,-0.013473830185830593,0.4841189682483673,0.5262752771377563,-0.016142308712005615,0.4085102677345276,0.5460824370384216,-0.00867430493235588,0.4489278793334961,0.5178677439689636,-0.016631124541163445,0.47428786754608154,0.5239276885986328,-0.020607709884643555,0.492060124874115,0.5355749726295471,-0.02246072143316269,0.41130000352859497,0.5635327696800232,-0.01790037378668785,0.44826406240463257,0.5325328707695007,-0.023736881092190742,0.4721541106700897,0.53505539894104,-0.02503410167992115,0.48974183201789856,0.5440704822540283,-0.025324419140815735,0.4154239594936371,0.590088427066803,-0.0268614012748003,0.4411168098449707,0.5616312026977539,-0.03041083924472332,0.45795339345932007,0.5530533194541931,-0.03031664714217186,0.47244611382484436,0.5513709783554077,-0.029782138764858246
0.3571433424949646,0.6146693229675293,1.7074654579118942e-07,0.37588992714881897,0.5761644244194031,0.008487454615533352,0.39935263991355896,0.548942506313324,0.008479124866425991,0.41869157552719116,0.5399678349494934,0.005331314168870449,0.43473419547080994,0.5377382636070251,0.0019904698710888624,0.40710824728012085,0.5298834443092346,0.0014426183188334107,0.44532814621925354,0.5114881992340088,-0.0064991009421646595,0.46819645166397095,0.5179072022438049,-0.011130030266940594,0.48464876413345337,0.5273467302322388,-0.013544485904276371,0.4095330238342285,0.5388466715812683,-0.00799424946308136,0.45105910301208496,0.5162891149520874,-0.014813944697380066,0.475344717502594,0.5243635773658752,-0.01840481348335743,0.4922514855861664,0.5362452268600464,-0.020287003368139267,0.4118526875972748,0.5575199127197266,-0.017130155116319656,0.449951708316803,0.5308229923248291,-0.022003794088959694,0.4735616147518158,0.5342583656311035,-0.02313389629125595,0.4909045696258545,0.5428706407546997,-0.023657983168959618,0.41539302468299866,0.5853400230407715,-0.025908324867486954,0.4416753649711609,0.5592568516731262,-0.02866649255156517,0.45871782302856445,0.5517861247062683,-0.028353001922369003,0.4734523892402649,0.5506887435913086,-0.02792537398636341
0.3572405278682709,0.612818717956543,1.6278811187930842e-07,0.37444910407066345,0.5749449133872986,0.009873735718429089,0.3955196440219879,0.5477042198181152,0.010399923659861088,0.41397371888160706,0.5396925210952759,0.007638643961399794,0.4288814067840576,0.5390206575393677,0.004580257460474968,0.4057806730270386,0.5249153971672058,0.0013021370396018028,0.4447813034057617,0.5076437592506409,-0.0068049062974750996,0.4679008722305298,0.5161177515983582,-0.011429276317358017,0.4840935468673706,0.5270341038703918,-0.013793306425213814,0.40880244970321655,0.5346149206161499,-0.008736507035791874,0.45143401622772217,0.5119097828865051,-0.016077416017651558,0.4760456681251526,0.5216432809829712,-0.01945538818836212,0.49262136220932007,0.535062849521637,-0.02105415239930153,0.4117462933063507,0.5541271567344666,-0.018343091011047363,0.45061761140823364,0.5274053812026978,-0.023721007630228996,0.4744572043418884,0.5326662063598633,-0.024743089452385902,0.49172863364219666,0.5424948930740356,-0.024980446323752403,0.41574400663375854,0.582780122756958,-0.027433058246970177,0.44290634989738464,0.5560513138771057,-0.03070843033492565,0.4598923623561859,0.549557626247406,-0.030520837754011154,0.4746505320072174,0.5496917963027954,-0.029997844249010086
0.35634374618530273,0.6138590574264526,1.4184524843585677e-07,0.37418779730796814,0.5766870379447937,0.010530897416174412,0.39441075921058655,0.5480141043663025,0.011397167108952999,0.4109126031398773,0.5371087789535522,0.008919608779251575,0.42455828189849854,0.5337851643562317,0.006201932672411203,0.4052571952342987,0.523768961429596,0.0016117237973958254,0.4440726935863495,0.506778359413147,-0.005893469322472811,0.4666699171066284,0.5154870748519897,-0.010051132179796696,0.48241502046585083,0.5257131457328796,-0.012278365902602673,0.40804946422576904,0.5334782600402832,-0.008878038264811039,0.450242817401886,0.5109798312187195,-0.015840228646993637,0.4743795394897461,0.5209067463874817,-0.018646324053406715,0.49082648754119873,0.5328218340873718,-0.01998705230653286,0.41092729568481445,0.5534060001373291,-0.018874308094382286,0.4500768184661865,0.5271052122116089,-0.024184197187423706,0.4738520383834839,0.5319218635559082,-0.024533463642001152,0.4913867712020874,0.5395976901054382,-0.024411344900727272,0.41514357924461365,0.5837688446044922,-0.028300423175096512,0.44257819652557373,0.5569953918457031,-0.031639464199543,0.4597504734992981,0.5494107604026794,-0.031146805733442307,0.4747292697429657,0.5470091104507446,-0.03047402761876583
0.35661959648132324,0.6207326054573059,1.454948233003961e-07,0.3735831677913666,0.5815579891204834,0.00865782517939806,0.39368435740470886,0.5513928532600403,0.008173376321792603,0.41023901104927063,0.5364292860031128,0.004542433191090822,0.42497503757476807,0.5284093022346497,0.000747790967579931,0.4050578474998474,0.5327746868133545,-0.00030948061612434685,0.4428911507129669,0.5099170804023743,-0.008826998062431812,0.4655836224555969,0.5160983800888062,-0.013609111309051514,0.4819440543651581,0.5248128771781921,-0.016114486381411552,0.40763694047927856,0.542147696018219,-0.01048596203327179,0.44862157106399536,0.5146728157997131,-0.018447168171405792,0.47345981001853943,0.5222862362861633,-0.021921856328845024,0.4902673065662384,0.5336034893989563,-0.023603007197380066,0.4104916453361511,0.5611607432365417,-0.02028733305633068,0.44825342297554016,0.529975175857544,-0.02605557069182396,0.4722619950771332,0.5330557823181152,-0.02652573585510254,0.48978742957115173,0.5404178500175476,-0.026498490944504738,0.414800763130188,0.5898421406745911,-0.02972305379807949,0.440630704164505,0.5597795844078064,-0.03345285728573799,0.45771339535713196,0.5504869818687439,-0.03308982402086258,0.4724045991897583,0.5473528504371643,-0.03246714547276497
0.35550400614738464,0.6287186145782471,1.5241877804328396e-07,0.37209731340408325,0.5871448516845703,0.009088538587093353,0.39371252059936523,0.5573499202728271,0.009037907235324383,0.41116946935653687,0.542782187461853,0.0057098413817584515,0.42699000239372253,0.5335348844528198,0.0023029237054288387,0.403533399105072,0.5422273278236389,0.0004951497539877892,0.44036611914634705,0.514762818813324,-0.008436820469796658,0.4642816483974457,0.5180552005767822,-0.01327184122055769,0.4819597601890564,0.5258153676986694,-0.015594482421875,0.4066077768802643,0.5501875877380371,-0.009757626801729202,0.447043240070343,0.5178220868110657,-0.018357055261731148,0.473173052072525,0.5231183171272278,-0.021935960277915,0.49118608236312866,0.5340145230293274,-0.023352058604359627,0.4096430242061615,0.5678699016571045,-0.019649572670459747,0.4469384253025055,0.5333920121192932,-0.026061207056045532,0.47149598598480225,0.5347421169281006,-0.026713114231824875,0.48949116468429565,0.5423257350921631,-0.026384711265563965,0.414158433675766,0.5956181883811951,-0.02913125418126583,0.44005391001701355,0.5634734630584717,-0.03322554752230644,0.45723238587379456,0.5534183979034424,-0.032971471548080444,0.4719306230545044,0.5504920482635498,-0.03214692324399948
0.35753872990608215,0.6297067999839783,1.4677792137263168e-07,0.3728550374507904,0.5885488986968994,0.009643057361245155,0.3931022584438324,0.5579524636268616,0.009900479577481747,0.40925905108451843,0.5417688488960266,0.006850081495940685,0.4236944019794464,0.5312475562095642,0.0035986362490803003,0.40518492460250854,0.5409883856773376,0.0012471626978367567,0.4420941174030304,0.5142192244529724,-0.006841427646577358,0.4651591181755066,0.5178748965263367,-0.011176389642059803,0.4817720651626587,0.5256169438362122,-0.01333701703697443,0.4083991050720215,0.5489518046379089,-0.0089302659034729,0.44858014583587646,0.5182477831840515,-0.01637911982834339,0.4734884798526764,0.5240665674209595,-0.019457703456282616,0.49061092734336853,0.5353052020072937,-0.020797403529286385,0.4114564061164856,0.567058265209198,-0.01872987672686577,0.448091983795166,0.5327759981155396,-0.024148011580109596,0.4717545509338379,0.5350138545036316,-0.02471558190882206,0.4893147349357605,0.5435483455657959,-0.02473209612071514,0.41599830985069275,0.5948233008384705,-0.028077326714992523,0.4406515955924988,0.5639405846595764,-0.03174760937690735,0.4570225179195404,0.5541340708732605,-0.031666044145822525,0.4715408980846405,0.5513436198234558,-0.03121669590473175
0.3572186827659607,0.6252541542053223,1.519069030564424e-07,0.37350133061408997,0.5840042233467102,0.010063182562589645,0.3949752748012543,0.5541933178901672,0.010629341006278992,0.4123114347457886,0.5409049391746521,0.007725014351308346,0.4274370074272156,0.533209502696991,0.004531349986791611,0.4056248366832733,0.5368551015853882,0.002531102392822504,0.4428679645061493,0.5128692388534546,-0.005238318350166082,0.46615278720855713,0.517390787601471,-0.00967953447252512,0.48284658789634705,0.5256869792938232,-0.012009984813630581,0.40879249572753906,0.5454157590866089,-0.007813563570380211,0.4492854177951813,0.5164774656295776,-0.01465111505240202,0.4741607904434204,0.5231750011444092,-0.017910614609718323,0.49114108085632324,0.535061240196228,-0.019558943808078766,0.41178396344184875,0.5635109543800354,-0.017783302813768387,0.4485282003879547,0.5314435958862305,-0.022708557546138763,0.4721124470233917,0.5343233346939087,-0.023354798555374146,0.4894522428512573,0.5429906845092773,-0.023601101711392403,0.41645321249961853,0.5907596945762634,-0.027293534949421883,0.4410022497177124,0.561052143573761,-0.030625181272625923,0.45734941959381104,0.5522580146789551,-0.030423453077673912,0.4717476963996887,0.5501113533973694,-0.030003922060132027
0.35745173692703247,0.6238781809806824,1.5046813928165648e-07,0.37251144647598267,0.5825490951538086,0.010113437660038471,0.3928399384021759,0.5526036620140076,0.010566240176558495,0.41061097383499146,0.5399753451347351,0.0076873633079230785,0.4258042871952057,0.5349199771881104,0.004554936662316322,0.40487709641456604,0.5319260954856873,0.0014886625576764345,0.4430598020553589,0.5109418630599976,-0.006392392795532942,0.4663759768009186,0.5170415043830872,-0.010905280709266663,0.4827762544155121,0.5260998010635376,-0.013294064439833164,0.4083011746406555,0.5415592789649963,-0.008825485594570637,0.44965100288391113,0.5147290825843811,-0.015980085358023643,0.4741681218147278,0.5230787396430969,-0.019192133098840714,0.4905678629875183,0.5357223749160767,-0.02074519544839859,0.4114512503147125,0.5606104731559753,-0.01866454817354679,0.44890961050987244,0.530142605304718,-0.023785367608070374,0.472476065158844,0.5340203046798706,-0.024327149614691734,0.4896029233932495,0.543058454990387,-0.02438630536198616,0.4160173833370209,0.5887922644615173,-0.027998480945825577,0.4416681230068207,0.5594404339790344,-0.03124338574707508,0.45819681882858276,0.5511144399642944,-0.03090164251625538,0.4727042019367218,0.5493370890617371,-0.030308563262224197
0.35717517137527466,0.6199729442596436,1.369383113569711e-07,0.3735698461532593,0.5780070424079895,0.011277511715888977,0.39351367950439453,0.5480528473854065,0.012623561546206474,0.41129270195961,0.5365890860557556,0.010479160584509373,0.4254220128059387,0.5340222120285034,0.008019831962883472,0.4040870666503906,0.5255274772644043,0.004101638216525316,0.4427773654460907,0.508868396282196,-0.002069978741928935,0.4651910960674286,0.5166155099868774,-0.005712713114917278,0.48040565848350525,0.5258614420890808,-0.007730040233582258,0.40820395946502686,0.536014199256897,-0.006261402741074562,0.4494382441043854,0.5125290751457214,-0.011715482920408249,0.4725343883037567,0.5220710039138794,-0.014093057252466679,0.4873892068862915,0.5343949198722839,-0.015304353088140488,0.41174039244651794,0.5559128522872925,-0.0160958431661129,0.4493381679058075,0.5282163619995117,-0.02000461146235466,0.472161203622818,0.5329337120056152,-0.019965024664998055,0.4886356294155121,0.541174054145813,-0.01985885202884674,0.4161536693572998,0.5853650569915771,-0.025330523028969765,0.4423304796218872,0.5580906271934509,-0.02767045609652996,0.4585804343223572,0.5511394739151001,-0.026758767664432526,0.4725719392299652,0.5495649576187134,-0.025896212086081505
0.35627281665802,0.6152858734130859,1.5029898747798143e-07,0.37409138679504395,0.5729040503501892,0.010009556077420712,0.3957110643386841,0.5442887544631958,0.010721390135586262,0.4153030514717102,0.5375989079475403,0.008013365790247917,0.4309420585632324,0.5386410355567932,0.005143755115568638,0.40215054154396057,0.5211241841316223,0.0036883780267089605,0.44174203276634216,0.5061802864074707,-0.0026500977110117674,0.46387067437171936,0.5161586999893188,-0.006433342583477497,0.478654146194458,0.5274059176445007,-0.008443184196949005,0.40677589178085327,0.5325402617454529,-0.006178213749080896,0.44830888509750366,0.5099794268608093,-0.011642040684819221,0.47129586338996887,0.5206063389778137,-0.01407710649073124,0.4856979250907898,0.5341376662254333,-0.015219108201563358,0.41087937355041504,0.5530935525894165,-0.015635844320058823,0.4485180377960205,0.5254305005073547,-0.019408704712986946,0.47130095958709717,0.5308037996292114,-0.01905912160873413,0.48751622438430786,0.5398162603378296,-0.01867789961397648,0.41578882932662964,0.5833478569984436,-0.024669766426086426,0.4418010413646698,0.556334376335144,-0.02660398744046688,0.4579978287220001,0.549849808216095,-0.02505829930305481,0.47166162729263306,0.5488793253898621,-0.023696059361100197
0.3575117886066437,0.6154777407646179,1.243048330934471e-07,0.3745006322860718,0.5751638412475586,0.012079991400241852,0.394981324672699,0.546377956867218,0.01321287453174591,0.4144437909126282,0.5393447875976562,0.01047895010560751,0.43011587858200073,0.5398572683334351,0.0075109899044036865,0.40042540431022644,0.5211304426193237,0.004126948770135641,0.4401654303073883,0.5030199885368347,-0.00197637639939785,0.46152830123901367,0.5164237022399902,-0.005189267452806234,0.47502434253692627,0.5312482118606567,-0.006750262808054686,0.40515196323394775,0.5318956971168518,-0.006735596805810928,0.44739633798599243,0.5076327919960022,-0.012119604274630547,0.46968555450439453,0.5210472941398621,-0.01381097175180912,0.4830181300640106,0.536470890045166,-0.014429944567382336,0.40971502661705017,0.5518814921379089,-0.016990339383482933,0.4480533301830292,0.5222024321556091,-0.020496413111686707,0.47051912546157837,0.529961884021759,-0.0192976463586092,0.4856860339641571,0.5416347980499268,-0.018452398478984833,0.41552382707595825,0.5818284749984741,-0.026666918769478798,0.4419441521167755,0.5540778636932373,-0.02851353958249092,0.45816460251808167,0.5488349795341492,-0.026659086346626282,0.4713321030139923,0.5494830012321472,-0.025135455653071404
0.355939656496048,0.6203564405441284,1.3792718789318315e-07,0.3706357479095459,0.5787395238876343,0.008609795942902565,0.3904760777950287,0.5487739443778992,0.007951074279844761,0.4072883427143097,0.5376507043838501,0.004121700767427683,0.4217086434364319,0.5350919961929321,-4.146742503507994e-05,0.4025847613811493,0.5265454053878784,0.0004809295933227986,0.4392733573913574,0.5068729519844055,-0.007313369307667017,0.4616127908229828,0.5161683559417725,-0.012141325511038303,0.4768986701965332,0.527633786201477,-0.014763837680220604,0.4062395393848419,0.5369394421577454,-0.009333880618214607,0.44558680057525635,0.5120380520820618,-0.01619340293109417,0.469041109085083,0.5227702856063843,-0.019539155066013336,0.48399949073791504,0.536230206489563,-0.021194901317358017,0.4093772768974304,0.5571310520172119,-0.018717143684625626,0.4456629157066345,0.5268692970275879,-0.023713573813438416,0.46878981590270996,0.5322767496109009,-0.024163825437426567,0.48480507731437683,0.5412521362304688,-0.024116797372698784,0.4138004779815674,0.5872319936752319,-0.02771124430000782,0.43917331099510193,0.5580371022224426,-0.030974959954619408,0.45568612217903137,0.5494930148124695,-0.03037700615823269,0.4692823588848114,0.5465238690376282,-0.02949950471520424
0.35593920946121216,0.6254934668540955,1.4065334141832864e-07,0.369179904460907,0.5833975672721863,0.007894357666373253,0.3889007270336151,0.5524007678031921,0.007087573874741793,0.40613844990730286,0.5390909910202026,0.003267293330281973,0.4213402569293976,0.5330982208251953,-0.000668011954985559,0.4006119668483734,0.5357562899589539,-0.0007017498719505966,0.43716102838516235,0.5082405209541321,-0.00907711498439312,0.45999908447265625,0.5138506293296814,-0.013982740230858326,0.4760408401489258,0.523830235004425,-0.016552969813346863,0.40482813119888306,0.544766902923584,-0.010145365260541439,0.44346874952316284,0.5124999284744263,-0.01763649471104145,0.4675995409488678,0.5205702781677246,-0.020937852561473846,0.4832845628261566,0.5337294936180115,-0.022532327100634575,0.4087473154067993,0.5630407333374023,-0.019206376746296883,0.444527268409729,0.5280297994613647,-0.02455371432006359,0.4678468406200409,0.5314553380012512,-0.024908598512411118,0.484329491853714,0.5408617258071899,-0.024816367775201797,0.41410547494888306,0.5910249948501587,-0.02798284776508808,0.43864262104034424,0.5597209930419922,-0.03156609833240509,0.4551681578159332,0.5500977635383606,-0.031184852123260498,0.46920210123062134,0.5470154285430908,-0.030477257445454597
0.3542008399963379,0.6302587389945984,1.396125099972778e-07,0.36897724866867065,0.5894672870635986,0.009931277483701706,0.38914763927459717,0.5593460202217102,0.009874977171421051,0.40625640749931335,0.5458737015724182,0.00640253396704793,0.42180171608924866,0.5382160544395447,0.0027441668789833784,0.39956429600715637,0.5414089560508728,2.9828875995008275e-05,0.43647879362106323,0.5112045407295227,-0.008662272244691849,0.4601297974586487,0.5157325267791748,-0.013416098430752754,0.4769640266895294,0.5252639651298523,-0.01577037014067173,0.4033409357070923,0.5495254993438721,-0.010491406545042992,0.4427638649940491,0.5140773057937622,-0.01865711435675621,0.4680645763874054,0.5211265087127686,-0.021930940449237823,0.48451879620552063,0.5341807007789612,-0.02325371652841568,0.40713685750961304,0.5678054094314575,-0.020467892289161682,0.44304952025413513,0.5298283100128174,-0.026245808228850365,0.4670378565788269,0.5323466658592224,-0.026626717299222946,0.484070748090744,0.5416240692138672,-0.026364320889115334,0.4127653241157532,0.5963409543037415,-0.029950395226478577,0.43720829486846924,0.5627046227455139,-0.033817108720541,0.4538133442401886,0.5522842407226562,-0.0335356667637825,0.46805691719055176,0.5492525100708008,-0.032788317650556564
0.3532619774341583,0.6257915496826172,1.4300252360044396e-07,0.3688117563724518,0.5840211510658264,0.009777897968888283,0.3895695209503174,0.5539639592170715,0.010048996657133102,0.4072217345237732,0.5402079224586487,0.0069650569930672646,0.42226678133010864,0.5325586199760437,0.0037033483386039734,0.40104684233665466,0.5381803512573242,0.0010165526764467359,0.43760326504707336,0.5106121301651001,-0.007637019734829664,0.46160340309143066,0.515632688999176,-0.012622497044503689,0.4785855710506439,0.5258546471595764,-0.015144222415983677,0.40450218319892883,0.5468006134033203,-0.009207556955516338,0.44402551651000977,0.5133571028709412,-0.01702294312417507,0.4690762758255005,0.520893394947052,-0.02025701105594635,0.48538607358932495,0.5347071886062622,-0.021657904610037804,0.40796223282814026,0.5653071999549866,-0.018999943509697914,0.4438968598842621,0.5296139717102051,-0.024670900776982307,0.46767303347587585,0.5332237482070923,-0.025248408317565918,0.48472970724105835,0.5435532927513123,-0.025210682302713394,0.4131723940372467,0.5936704874038696,-0.0283413864672184,0.4375306963920593,0.5621684789657593,-0.032436568289995193,0.45402175188064575,0.5530369281768799,-0.032510071992874146,0.4683891534805298,0.5513103008270264,-0.032073017209768295
0.35311180353164673,0.6156260967254639,1.3781766483589308e-07,0.3698277175426483,0.5764446258544922,0.010450784116983414,0.391418993473053,0.5470766425132751,0.01182828564196825,0.40914151072502136,0.5331237316131592,0.00989782065153122,0.4233742356300354,0.5247318744659424,0.007789804134517908,0.4031727612018585,0.5280060172080994,0.0030300822108983994,0.440083771944046,0.5059677362442017,-0.0046032387763261795,0.46309828758239746,0.5136125683784485,-0.009101253002882004,0.47884827852249146,0.5254440903663635,-0.011355062015354633,0.40614819526672363,0.5374934077262878,-0.006858346052467823,0.44662076234817505,0.5103635787963867,-0.013765857554972172,0.4703855812549591,0.520146906375885,-0.016845792531967163,0.4854825735092163,0.53492271900177,-0.018168454989790916,0.40880560874938965,0.5564079284667969,-0.016303321346640587,0.4455648362636566,0.5260929465293884,-0.02129119448363781,0.4681473970413208,0.5318557024002075,-0.021861547604203224,0.4840642809867859,0.5431020855903625,-0.02185329794883728,0.41291049122810364,0.5844036340713501,-0.025221193209290504,0.43786919116973877,0.5575195550918579,-0.028630251064896584,0.45395028591156006,0.5505584478378296,-0.02857019565999508,0.4676946997642517,0.5503886938095093,-0.028105532750487328
0.3511587381362915,0.6047333478927612,1.2893131895452825e-07,0.3674936294555664,0.5660659670829773,0.01190282590687275,0.3891494870185852,0.5390700697898865,0.013837972655892372,0.4076927900314331,0.5285938382148743,0.012067868374288082,0.42225387692451477,0.5257472395896912,0.010002396069467068,0.400938481092453,0.5185600519180298,0.004597722552716732,0.4400588274002075,0.5013254880905151,-0.0016533485613763332,0.46203553676605225,0.5132121443748474,-0.004853334743529558,0.47602784633636475,0.5286276936531067,-0.006224231328815222,0.405637264251709,0.5288244485855103,-0.005806513596326113,0.4475337862968445,0.5047653317451477,-0.011943714693188667,0.4705820083618164,0.5171981453895569,-0.013962085358798504,0.48432302474975586,0.5341335535049438,-0.014306187629699707,0.4095500707626343,0.5482964515686035,-0.015614720992743969,0.44740962982177734,0.5191625356674194,-0.02001008577644825,0.46988236904144287,0.5282639265060425,-0.019589444622397423,0.48499926924705505,0.5420801043510437,-0.018664255738258362,0.41407743096351624,0.5768160820007324,-0.024804916232824326,0.440828800201416,0.5502244234085083,-0.027485022321343422,0.45724380016326904,0.5462461709976196,-0.02643827721476555,0.4703938961029053,0.5491321086883545,-0.025065261870622635
0.3514408767223358,0.6019495725631714,1.296067466682871e-07,0.3667847514152527,0.5590624809265137,0.011950330808758736,0.3860337734222412,0.5312765836715698,0.012760935351252556,0.40382832288742065,0.5216363072395325,0.009803716093301773,0.4180618226528168,0.5209285616874695,0.006359495688229799,0.3989247679710388,0.5116965770721436,0.002027045702561736,0.43946075439453125,0.49515241384506226,-0.004895422141999006,0.4613056182861328,0.5092755556106567,-0.008363230153918266,0.47447270154953003,0.526172935962677,-0.009881173260509968,0.4038897156715393,0.5237650275230408,-0.008825098164379597,0.4472309350967407,0.5000024437904358,-0.015676438808441162,0.46955084800720215,0.5151246190071106,-0.017800109460949898,0.48147422075271606,0.5341552495956421,-0.01820635050535202,0.4073435366153717,0.5454995036125183,-0.018878061324357986,0.4466589093208313,0.516011118888855,-0.02348277159035206,0.46839335560798645,0.5273454785346985,-0.02268262207508087,0.4823157787322998,0.5428085923194885,-0.02159956842660904,0.41080567240715027,0.5778316259384155,-0.028223004192113876,0.43915706872940063,0.5517702102661133,-0.030948692932724953,0.4559256434440613,0.5475150346755981,-0.02955472841858864,0.4692472815513611,0.5493816137313843,-0.027958650141954422
0.35218772292137146,0.6032551527023315,1.1134193300676998e-07,0.3677598536014557,0.5624392032623291,0.012937848456203938,0.3878823220729828,0.5343201160430908,0.014192262664437294,0.4061110019683838,0.5251711010932922,0.011570560745894909,0.4211643934249878,0.5240420699119568,0.008588575758039951,0.39877066016197205,0.51340651512146,0.0018153927521780133,0.4399288296699524,0.49032166600227356,-0.0052428822964429855,0.4618966579437256,0.5043954849243164,-0.008500531315803528,0.4749033451080322,0.521856427192688,-0.009780928492546082,0.40365520119667053,0.5245859622955322,-0.009482335299253464,0.4474644660949707,0.4978235960006714,-0.01649513654410839,0.47031450271606445,0.5134702324867249,-0.018316229805350304,0.4820946455001831,0.5324373245239258,-0.018552185967564583,0.4073171019554138,0.5451973676681519,-0.01989086903631687,0.4471794664859772,0.5136092901229858,-0.02424551546573639,0.46928560733795166,0.5247302651405334,-0.023185985162854195,0.48296308517456055,0.5403853058815002,-0.022165246307849884,0.41163355112075806,0.5766735672950745,-0.029548916965723038,0.4395993947982788,0.5505741834640503,-0.03268928825855255,0.45661062002182007,0.5462433695793152,-0.031858209520578384,0.46978703141212463,0.5479664206504822,-0.030728774145245552
0.34979209303855896,0.6122546792030334,1.1560040746871891e-07,0.36521607637405396,0.571403980255127,0.009435756132006645,0.38633033633232117,0.5414632558822632,0.009709297679364681,0.4032520353794098,0.5245974659919739,0.006723246071487665,0.41802942752838135,0.5123042464256287,0.0034927844535559416,0.4003433883190155,0.5244438052177429,0.0015452881343662739,0.43735817074775696,0.5016841888427734,-0.006565426476299763,0.4607942998409271,0.5088200569152832,-0.011386358179152012,0.47687646746635437,0.5199289321899414,-0.013687488622963428,0.4039915204048157,0.5349645614624023,-0.008442009799182415,0.4437521696090698,0.5079604387283325,-0.01593327894806862,0.4679499864578247,0.5174411535263062,-0.019475778564810753,0.4830876886844635,0.5317382216453552,-0.02092314325273037,0.4071200489997864,0.5545471906661987,-0.017962077632546425,0.4440300762653351,0.5241020321846008,-0.023303881287574768,0.46718069911003113,0.5294217467308044,-0.02385755442082882,0.48314735293388367,0.5391072630882263,-0.023677660152316093,0.41100049018859863,0.5844834446907043,-0.027030378580093384,0.437130331993103,0.5578245520591736,-0.030240578576922417,0.45395809412002563,0.5499434471130371,-0.02968168631196022,0.4675854742527008,0.5472750067710876,-0.02872934564948082
0.3505314588546753,0.6173769235610962,1.2976434504707868e-07,0.36691468954086304,0.5758265852928162,0.01068724412471056,0.3877165913581848,0.5473231673240662,0.011734780855476856,0.40528619289398193,0.5344361066818237,0.00915929302573204,0.4208800196647644,0.5264309644699097,0.0062111495062708855,0.3999280333518982,0.5339362025260925,0.0029970151372253895,0.4378812611103058,0.5096879005432129,-0.004687395412474871,0.46142375469207764,0.5155686736106873,-0.009071226231753826,0.4779990315437317,0.5260791778564453,-0.011217216029763222,0.4043349325656891,0.5426818132400513,-0.007460721768438816,0.44499146938323975,0.5119056105613708,-0.014559482224285603,0.4696024954319,0.5204592347145081,-0.01768486015498638,0.4851418137550354,0.5351531505584717,-0.018888525664806366,0.40812617540359497,0.5612088441848755,-0.0174234751611948,0.4453459680080414,0.5263388752937317,-0.0224983599036932,0.4684334397315979,0.5309275984764099,-0.02281968668103218,0.484771728515625,0.5415056943893433,-0.022576970979571342,0.4127373993396759,0.5898644924163818,-0.026860084384679794,0.4385201930999756,0.5592084527015686,-0.030514217913150787,0.45501625537872314,0.5509325861930847,-0.03021065518260002,0.4691626727581024,0.5490174889564514,-0.029424671083688736
0.3506954312324524,0.6204767823219299,1.2606888333266397e-07,0.3668077886104584,0.5794836282730103,0.00960388220846653,0.3885388672351837,0.5502966642379761,0.010036947205662727,0.4068688154220581,0.5347774028778076,0.007086960598826408,0.42298394441604614,0.5246942639350891,0.004048930946737528,0.4001629054546356,0.5357570648193359,0.00222416827455163,0.4377964735031128,0.510701060295105,-0.005874513648450375,0.4614235758781433,0.5159686803817749,-0.010593784973025322,0.47780975699424744,0.5258389115333557,-0.012976412661373615,0.4037723243236542,0.5445834398269653,-0.007885223254561424,0.44425976276397705,0.5130256414413452,-0.015470740385353565,0.46864673495292664,0.5215285420417786,-0.018738994374871254,0.4837709367275238,0.5359815955162048,-0.02001972869038582,0.40710583329200745,0.5630360245704651,-0.017626451328396797,0.444348007440567,0.5271570086479187,-0.023053357377648354,0.4669055640697479,0.5324751138687134,-0.023240951821208,0.48237791657447815,0.5445818901062012,-0.02283620275557041,0.411989688873291,0.5918448567390442,-0.026960665360093117,0.43749046325683594,0.5615925788879395,-0.030691083520650864,0.45397740602493286,0.5534743666648865,-0.030481992289423943,0.46802425384521484,0.552176296710968,-0.029785126447677612
0.3512922525405884,0.6168788075447083,1.2628767365185922e-07,0.3678710162639618,0.5764725804328918,0.011531260795891285,0.38927844166755676,0.5472450852394104,0.01279371790587902,0.4069887697696686,0.5322818160057068,0.010508409701287746,0.42128413915634155,0.5233930349349976,0.007932079955935478,0.400378555059433,0.5311715602874756,0.0015052861999720335,0.4384390711784363,0.5060125589370728,-0.006585438270121813,0.4616909325122833,0.5132619142532349,-0.010624158196151257,0.47718048095703125,0.5250910520553589,-0.012379542924463749,0.4032037556171417,0.5406801104545593,-0.009189385920763016,0.4447406828403473,0.5097723603248596,-0.017565853893756866,0.4687410295009613,0.519949734210968,-0.02038169465959072,0.4834846258163452,0.5354966521263123,-0.021062657237052917,0.4059176445007324,0.559527575969696,-0.019236722961068153,0.44375094771385193,0.5248751640319824,-0.02538246102631092,0.4669671654701233,0.5314235091209412,-0.02558099664747715,0.48299986124038696,0.5445291996002197,-0.024912185966968536,0.4100361466407776,0.588121771812439,-0.0285826176404953,0.4365740418434143,0.5587792992591858,-0.032796576619148254,0.45378509163856506,0.5521150827407837,-0.0328245535492897,0.46829754114151,0.552849292755127,-0.03220564126968384
0.3500077426433563,0.609933078289032,1.3346200944397424e-07,0.3681162893772125,0.5713149309158325,0.012354180216789246,0.3898569643497467,0.5439608693122864,0.01374837663024664,0.4087710678577423,0.5344101786613464,0.011329497210681438,0.4243096709251404,0.5323130488395691,0.008505405858159065,0.3996883034706116,0.522299587726593,0.0025177074130624533,0.4393279552459717,0.5023759007453918,-0.004906015936285257,0.46214938163757324,0.513333797454834,-0.008838807232677937,0.47718000411987305,0.5270116329193115,-0.010848545469343662,0.4031650424003601,0.5324906706809998,-0.00871924590319395,0.4459812045097351,0.5060522556304932,-0.01632819138467312,0.4691884517669678,0.5192198753356934,-0.019125571474432945,0.48284244537353516,0.5360280275344849,-0.02007146179676056,0.4058990478515625,0.5528124570846558,-0.01920222118496895,0.44460922479629517,0.5220763087272644,-0.024633225053548813,0.46712374687194824,0.5309464931488037,-0.024411002174019814,0.48247769474983215,0.544234573841095,-0.023770729079842567,0.40957388281822205,0.5836840867996216,-0.028957834467291832,0.43642666935920715,0.5568273663520813,-0.03250597417354584,0.45312729477882385,0.5513372421264648,-0.0318748876452446,0.4672568142414093,0.5521352291107178,-0.030974775552749634
0.3497033417224884,0.6079001426696777,1.1720661063918669e-07,0.3667271137237549,0.5676481127738953,0.012316347099840641,0.3868931233882904,0.5409040451049805,0.013972039334475994,0.40511447191238403,0.531885027885437,0.011919882148504257,0.4195292890071869,0.532757043838501,0.009524082764983177,0.3980964720249176,0.5186735987663269,0.003762922016903758,0.4384583830833435,0.5011057257652283,-0.0024231686256825924,0.4604043960571289,0.513655960559845,-0.005581570323556662,0.4745037257671356,0.5284410715103149,-0.0071649253368377686,0.4036255180835724,0.5302264094352722,-0.007029330357909203,0.4461126923561096,0.5051010847091675,-0.012981971725821495,0.4689316153526306,0.5186578035354614,-0.014806751161813736,0.4823927581310272,0.5348442792892456,-0.0153444092720747,0.4076840281486511,0.5506832599639893,-0.017100941389799118,0.4462094008922577,0.5195245742797852,-0.021476218476891518,0.4683687388896942,0.528766393661499,-0.0205148346722126,0.4835438132286072,0.541865885257721,-0.01956423744559288,0.41202297806739807,0.5818192958831787,-0.02648499421775341,0.438850075006485,0.5537686944007874,-0.029592417180538177,0.4552445113658905,0.5481728911399841,-0.02846626192331314,0.4689474105834961,0.548175573348999,-0.027183467522263527
0.350018173456192,0.6086503863334656,1.1381580833358385e-07,0.36601191759109497,0.5688284039497375,0.011579583398997784,0.3858150839805603,0.5404385328292847,0.012829703278839588,0.40385913848876953,0.5298081636428833,0.01057354174554348,0.4184962213039398,0.5283035039901733,0.008127721957862377,0.39817535877227783,0.5192578434944153,0.002417827257886529,0.43844959139823914,0.500263512134552,-0.004443028010427952,0.4604294002056122,0.5140292644500732,-0.008011963218450546,0.474327951669693,0.5298155546188354,-0.009799509309232235,0.40325304865837097,0.5294159650802612,-0.008041287772357464,0.44608113169670105,0.5040740966796875,-0.014468611218035221,0.4689653217792511,0.5190421938896179,-0.016419945284724236,0.4821969270706177,0.5363450050354004,-0.01707959920167923,0.40735527873039246,0.5490429997444153,-0.017836276441812515,0.44639483094215393,0.5188047885894775,-0.02229125052690506,0.46891966462135315,0.5288641452789307,-0.021506620571017265,0.48406487703323364,0.5429021120071411,-0.020780721679329872,0.41203823685646057,0.5798561573028564,-0.02704194001853466,0.43887272477149963,0.5532007217407227,-0.030144240707159042,0.45541149377822876,0.5482588410377502,-0.02935459278523922,0.4690868854522705,0.5490756630897522,-0.028410911560058594
0.34949058294296265,0.6111237406730652,1.2353584111224336e-07,0.3654739558696747,0.5710499882698059,0.00932617299258709,0.3855805993080139,0.5429178476333618,0.009601498953998089,0.4020403027534485,0.5285094380378723,0.006580614019185305,0.41649892926216125,0.5207165479660034,0.0034602016676217318,0.3999837040901184,0.5242859125137329,0.0028483232017606497,0.4378765821456909,0.5044107437133789,-0.00477179791778326,0.46053677797317505,0.5141720771789551,-0.009482119232416153,0.47584202885627747,0.5269862413406372,-0.011984600685536861,0.4041460454463959,0.5329481363296509,-0.007053309120237827,0.44483351707458496,0.5061529278755188,-0.013873781077563763,0.46869683265686035,0.5182651877403259,-0.016967926174402237,0.4834249019622803,0.5343911051750183,-0.018373334780335426,0.407679945230484,0.5513274669647217,-0.016638804227113724,0.44519954919815063,0.5203225016593933,-0.021663950756192207,0.4681985676288605,0.5283874273300171,-0.02178758755326271,0.48388612270355225,0.5410593152046204,-0.02153857611119747,0.4121122360229492,0.5810310244560242,-0.02588145062327385,0.43781498074531555,0.5534506440162659,-0.029405858367681503,0.45444542169570923,0.547257661819458,-0.02899307757616043,0.46817103028297424,0.5468780398368835,-0.028255758807063103
0.3494481146335602,0.611196756362915,1.1520198484049615e-07,0.3686712682247162,0.5713719129562378,0.013103545643389225,0.3904508948326111,0.5437087416648865,0.015249227173626423,0.4074562191963196,0.5306411385536194,0.013306883163750172,0.4219287931919098,0.5222092866897583,0.010975944809615612,0.4004180431365967,0.5268543362617493,0.005676955450326204,0.439060777425766,0.5065921545028687,-0.0006910661468282342,0.4618151783943176,0.5162204504013062,-0.004197610542178154,0.47724536061286926,0.5292817950248718,-0.005971202626824379,0.40405839681625366,0.5348052382469177,-0.005913174711167812,0.44587787985801697,0.506844699382782,-0.011935723014175892,0.4699508845806122,0.5187572836875916,-0.014195193536579609,0.4841865301132202,0.5356397032737732,-0.014881663955748081,0.40736091136932373,0.5536338686943054,-0.01686919294297695,0.445231169462204,0.519621729850769,-0.020921967923641205,0.46793580055236816,0.5285099744796753,-0.020602339878678322,0.4833492636680603,0.542361855506897,-0.020206380635499954,0.4120168387889862,0.5826550722122192,-0.027180219069123268,0.436960369348526,0.5520849823951721,-0.030789382755756378,0.4533033072948456,0.5457144379615784,-0.03072301484644413,0.46716922521591187,0.5464535355567932,-0.0302241500467062
0.3497408330440521,0.6092509627342224,1.1558558554725096e-07,0.36875876784324646,0.5715963244438171,0.012987140566110611,0.38939860463142395,0.5440919995307922,0.015156370587646961,0.4054816663265228,0.5315213799476624,0.013168836012482643,0.41980570554733276,0.5235711336135864,0.010917261242866516,0.40016844868659973,0.5255571603775024,0.00631402712315321,0.4386604428291321,0.5035552382469177,-0.0003175700840074569,0.4614720046520233,0.5138623714447021,-0.003835759125649929,0.4761008024215698,0.5282664895057678,-0.005343163851648569,0.4036373496055603,0.5322250723838806,-0.004933814983814955,0.4456340968608856,0.5030418634414673,-0.01107124611735344,0.4694960415363312,0.5161802172660828,-0.01303692627698183,0.48354393243789673,0.5341874957084656,-0.013284631073474884,0.4070955216884613,0.5497154593467712,-0.015688862651586533,0.44508519768714905,0.5145602226257324,-0.01984105259180069,0.46730348467826843,0.5257070660591125,-0.019288189709186554,0.48200204968452454,0.5422500967979431,-0.018417654559016228,0.41215968132019043,0.577941358089447,-0.025809647515416145,0.4371491074562073,0.547146737575531,-0.028967002406716347,0.4532252848148346,0.5425512194633484,-0.02839621528983116,0.4664846360683441,0.5452818870544434,-0.027388490736484528
0.3527102768421173,0.5985020399093628,1.3308100221820496e-07,0.3724573850631714,0.5583152770996094,0.013169124722480774,0.394722580909729,0.529317319393158,0.014905414544045925,0.41347503662109375,0.5174574851989746,0.01275054644793272,0.4295140206813812,0.5129666328430176,0.010548468679189682,0.4005926847457886,0.5107423663139343,0.002281165448948741,0.44191035628318787,0.4867655038833618,-0.004696356598287821,0.46401211619377136,0.5007135272026062,-0.0070840055122971535,0.4769800901412964,0.5189942717552185,-0.007267365697771311,0.40365228056907654,0.5190989971160889,-0.00852726586163044,0.4490153193473816,0.4913046658039093,-0.015373270958662033,0.4722798466682434,0.5081974267959595,-0.01600082963705063,0.48377740383148193,0.5299530029296875,-0.01476166769862175,0.4069594740867615,0.5378907918930054,-0.018455745652318,0.44730013608932495,0.504102349281311,-0.022434134036302567,0.47001051902770996,0.5189507007598877,-0.020910074934363365,0.4835933446884155,0.5398207306861877,-0.01911715231835842,0.4114811420440674,0.566028356552124,-0.02758854255080223,0.4378829002380371,0.5359106659889221,-0.0302372258156538,0.4546043872833252,0.5344586968421936,-0.02907945029437542,0.46688422560691833,0.5423697829246521,-0.02740771323442459
0.3584975302219391,0.5938525199890137,8.313889310329614e-08,0.37224456667900085,0.5478278398513794,0.014176230877637863,0.3932726979255676,0.5179863572120667,0.016858825460076332,0.4113696813583374,0.5069686770439148,0.015670979395508766,0.4276689887046814,0.504637598991394,0.01438802108168602,0.40386417508125305,0.4977401793003082,0.004900097381323576,0.4433852434158325,0.4730254113674164,-0.00034213680191896856,0.46253615617752075,0.489620178937912,-0.0014194139512255788,0.47221389412879944,0.5107676982879639,-0.00044926709961146116,0.4099045693874359,0.5085232853889465,-0.005678730085492134,0.4526071846485138,0.4804264008998871,-0.01093463134020567,0.47290292382240295,0.4978049099445343,-0.010672488249838352,0.4813471734523773,0.5206144452095032,-0.00849363673478365,0.4148973524570465,0.5297622084617615,-0.015279307030141354,0.45204466581344604,0.49699196219444275,-0.01803402602672577,0.4718078076839447,0.5109285712242126,-0.015327228233218193,0.4822971820831299,0.5310671329498291,-0.012410808354616165,0.4200555682182312,0.5595632791519165,-0.02393714338541031,0.4465254843235016,0.5283294320106506,-0.02511393278837204,0.4619150161743164,0.5273022651672363,-0.022301655262708664,0.4722446799278259,0.5358514189720154,-0.019071441143751144
0.366009384393692,0.5896798968315125,6.118615658579074e-08,0.37401628494262695,0.5384716391563416,0.01606043241918087,0.39329957962036133,0.5058275461196899,0.019735829904675484,0.41134291887283325,0.4979400038719177,0.01918070763349533,0.42734551429748535,0.5002084374427795,0.018072696402668953,0.4121969938278198,0.484929621219635,0.008047297596931458,0.44975775480270386,0.4618334174156189,0.005325739737600088,0.4661884605884552,0.4741383492946625,0.0058066085912287235,0.47229868173599243,0.4926394820213318,0.008227650076150894,0.4214418828487396,0.5006579160690308,-0.002563099842518568,0.46308887004852295,0.47880399227142334,-0.0037309329491108656,0.4792691469192505,0.49664106965065,-0.0011128244223073125,0.482404500246048,0.5192104578018188,0.00274614873342216,0.42766907811164856,0.5248399376869202,-0.012014429084956646,0.46567049622535706,0.5007534623146057,-0.011930734850466251,0.481216162443161,0.5178931355476379,-0.007203399669378996,0.48489293456077576,0.5392188429832458,-0.0025298092514276505,0.43151402473449707,0.5544927716255188,-0.020307421684265137,0.46157464385032654,0.5294132232666016,-0.018128933385014534,0.47344720363616943,0.538429319858551,-0.01181752048432827,0.4761175513267517,0.5538805723190308,-0.005620570387691259
0.3739035725593567,0.5871315598487854,9.742059603468078e-08,0.38399380445480347,0.533408522605896,0.011888831853866577,0.40372413396835327,0.5010644197463989,0.013002476654946804,0.4240693151950836,0.49397534132003784,0.01085025817155838,0.44163310527801514,0.49864861369132996,0.008292149752378464,0.41969233751296997,0.48152750730514526,0.0015793698839843273,0.4600854516029358,0.4613199234008789,-0.0036752806045114994,0.47804510593414307,0.47418487071990967,-0.004958913661539555,0.4850808084011078,0.49313783645629883,-0.0037741658743470907,0.42837536334991455,0.4998161494731903,-0.007334126625210047,0.47109121084213257,0.4783152937889099,-0.010944057255983353,0.4887528419494629,0.49490803480148315,-0.010198041796684265,0.4938354790210724,0.5165543556213379,-0.007930636405944824,0.4342992901802063,0.5263270735740662,-0.01518960576504469,0.47259318828582764,0.5002675652503967,-0.017423106357455254,0.490731418132782,0.5142374634742737,-0.01497714500874281,0.4976258873939514,0.5348121523857117,-0.012014271691441536,0.4384732246398926,0.5587777495384216,-0.022021180018782616,0.4687865972518921,0.5318818092346191,-0.02206537313759327,0.4825155436992645,0.5372859835624695,-0.017624059692025185,0.48846670985221863,0.5505117177963257,-0.012899055145680904
0.3825419545173645,0.5885908007621765,1.2954387784702703e-07,0.39827820658683777,0.5359655022621155,0.011843834072351456,0.42015624046325684,0.5045969486236572,0.012599234469234943,0.44133904576301575,0.49787262082099915,0.010113844648003578,0.45987850427627563,0.501926064491272,0.007060548290610313,0.4305900037288666,0.4836218059062958,-6.218292401172221e-05,0.4724804759025574,0.46594926714897156,-0.005621809978038073,0.49250146746635437,0.47839826345443726,-0.007310990709811449,0.5033025741577148,0.4948963224887848,-0.006957294885069132,0.43703141808509827,0.5034908056259155,-0.009795375168323517,0.4815267324447632,0.484155535697937,-0.0149118946865201,0.5017867684364319,0.5013147592544556,-0.015850763767957687,0.5104068517684937,0.5223495364189148,-0.01492763590067625,0.4420408606529236,0.5322325229644775,-0.018245145678520203,0.48146843910217285,0.5069950222969055,-0.02135871723294258,0.5026286840438843,0.5200189352035522,-0.020570209249854088,0.5138525366783142,0.5372974872589111,-0.01909589022397995,0.4462044835090637,0.5666940212249756,-0.025593498721718788,0.47594043612480164,0.5370739102363586,-0.02670014463365078,0.49179551005363464,0.5379334092140198,-0.023611929267644882,0.501820981502533,0.5458587408065796,-0.020211901515722275
0.3898333013057709,0.5930716395378113,1.6559273774419125e-07,0.41221070289611816,0.54706209897995,0.01080730464309454,0.43816235661506653,0.5205647945404053,0.01022519450634718,0.46052247285842896,0.5179444551467896,0.005885166581720114,0.4795399606227875,0.5238076448440552,0.0008466819417662919,0.44424960017204285,0.49712610244750977,-0.0020243250764906406,0.48844441771507263,0.4833149313926697,-0.009991026483476162,0.5099921226501465,0.49578189849853516,-0.013328295201063156,0.5232234597206116,0.5106867551803589,-0.01422622986137867,0.44800475239753723,0.5165727734565735,-0.012904642149806023,0.4948582947254181,0.5009516477584839,-0.020594937726855278,0.5174174308776855,0.5202615261077881,-0.02340530976653099,0.5286306142807007,0.5415878295898438,-0.023801619186997414,0.45110806822776794,0.5448943376541138,-0.02265132963657379,0.4931982457637787,0.5198838114738464,-0.027576807886362076,0.5158421993255615,0.5367569923400879,-0.027308208867907524,0.5283915996551514,0.5555651187896729,-0.02614777721464634,0.4539512097835541,0.5799054503440857,-0.03158499300479889,0.4852467477321625,0.5520415306091309,-0.03422524407505989,0.5031929016113281,0.554470956325531,-0.031882353127002716,0.5150512456893921,0.5633246898651123,-0.029094243422150612
0.39380452036857605,0.6105210781097412,1.394622728412287e-07,0.4170776307582855,0.5711850523948669,0.010769535787403584,0.44326889514923096,0.5454462170600891,0.011943778954446316,0.4647611677646637,0.5404925346374512,0.009590420871973038,0.4818370044231415,0.5425014495849609,0.006871580611914396,0.45243144035339355,0.5232895612716675,0.0016993030440062284,0.495121031999588,0.5083781480789185,-0.005860632751137018,0.5186470746994019,0.5179286003112793,-0.009565812535583973,0.5339168906211853,0.5317857265472412,-0.010879848152399063,0.4563276767730713,0.5399075746536255,-0.008778602816164494,0.5016181468963623,0.517080545425415,-0.016701707616448402,0.526638925075531,0.5298893451690674,-0.020168887451291084,0.5414817929267883,0.5475214719772339,-0.020900601521134377,0.4596090316772461,0.5659642219543457,-0.01850491389632225,0.50151526927948,0.5370781421661377,-0.024435771629214287,0.5269765853881836,0.5463807582855225,-0.025507541373372078,0.5440627336502075,0.5602466464042664,-0.02498716302216053,0.4624595046043396,0.601403534412384,-0.027485502883791924,0.49368107318878174,0.5735277533531189,-0.030700786039233208,0.5131802558898926,0.5716125965118408,-0.029523374512791634,0.5280994176864624,0.5769985914230347,-0.02769293077290058
0.3947412371635437,0.6221302151679993,1.8145070157515875e-07,0.4175170660018921,0.5826832056045532,0.007927983067929745,0.4443986117839813,0.5551051497459412,0.007800092920660973,0.46681299805641174,0.5497501492500305,0.005025792866945267,0.4844233989715576,0.5531503558158875,0.0018504493637010455,0.4548600912094116,0.5348784923553467,-0.0031427592039108276,0.49833616614341736,0.5226435661315918,-0.011211599223315716,0.5236793160438538,0.5288667678833008,-0.014777801930904388,0.5424104928970337,0.5383170247077942,-0.016218459233641624,0.4579312205314636,0.5495995283126831,-0.01248054951429367,0.5044076442718506,0.5295321941375732,-0.020064951851963997,0.5318871140480042,0.5375730395317078,-0.022938083857297897,0.5505505800247192,0.5507059097290039,-0.02367563173174858,0.46028754115104675,0.5763243436813354,-0.021065164357423782,0.5018911957740784,0.5483751893043518,-0.027365755289793015,0.5282229781150818,0.5517593026161194,-0.02838396094739437,0.5470277070999146,0.5603102445602417,-0.028154434636235237,0.4618382155895233,0.6116663813591003,-0.029043907299637794,0.4914357662200928,0.5802847743034363,-0.03357335552573204,0.5107502341270447,0.5727853178977966,-0.033048052340745926,0.5268605351448059,0.5737281441688538,-0.03169139102101326
0.3923082649707794,0.6287179589271545,1.8233419041280285e-07,0.4166029393672943,0.597430944442749,0.00546039454638958,0.44538891315460205,0.5698018670082092,0.005012172739952803,0.467768132686615,0.5643580555915833,0.0024832363706082106,0.4848339855670929,0.5662221312522888,-0.0001598012022441253,0.4548315703868866,0.5433592796325684,-0.004785780794918537,0.49809402227401733,0.528450608253479,-0.013150105252861977,0.5237166881561279,0.5324593782424927,-0.016918722540140152,0.5426163673400879,0.5401567220687866,-0.018640974536538124,0.4574766159057617,0.5557271838188171,-0.013033950701355934,0.503809928894043,0.5340009927749634,-0.020879261195659637,0.5320920944213867,0.539814829826355,-0.0240915697067976,0.5516745448112488,0.5507669448852539,-0.025197196751832962,0.46033355593681335,0.5815913677215576,-0.020845135673880577,0.5020236372947693,0.5507676005363464,-0.027808234095573425,0.5295897722244263,0.5521456599235535,-0.030159112066030502,0.5496860146522522,0.5594454407691956,-0.03094760701060295,0.46279314160346985,0.6163014769554138,-0.028249742463231087,0.4911839962005615,0.5838659405708313,-0.034258030354976654,0.5109168887138367,0.5761926770210266,-0.03550504520535469,0.5276400446891785,0.5782490372657776,-0.035463448613882065
0.39196065068244934,0.6354612708091736,2.0158920222002052e-07,0.41580456495285034,0.6111990213394165,0.0003209635033272207,0.44567498564720154,0.5848308205604553,-0.0011440850794315338,0.4681607186794281,0.5761529207229614,-0.003514713840559125,0.48573145270347595,0.5752363204956055,-0.0054452125914394855,0.45533445477485657,0.5510516166687012,-0.007101753260940313,0.49876922369003296,0.5341731905937195,-0.015539174899458885,0.5246684551239014,0.535737931728363,-0.019423287361860275,0.5437195301055908,0.5412792563438416,-0.021148549392819405,0.458145409822464,0.5606802701950073,-0.012132917530834675,0.5034805536270142,0.5384665131568909,-0.019869036972522736,0.5317293405532837,0.5408368706703186,-0.0231053177267313,0.552094578742981,0.5486393570899963,-0.024262981489300728,0.4612628221511841,0.584184467792511,-0.01725241355597973,0.5023990273475647,0.5561826229095459,-0.02411564067006111,0.5299088358879089,0.5543149709701538,-0.02711646258831024,0.550828754901886,0.5586692094802856,-0.028447886928915977,0.46399492025375366,0.6163671612739563,-0.022433483973145485,0.49206703901290894,0.5891626477241516,-0.028647465631365776,0.5119272470474243,0.5818108916282654,-0.030778933316469193,0.5291812419891357,0.583132266998291,-0.0313887894153595
0.39146438241004944,0.6395923495292664,1.749955771401801e-07,0.4158977270126343,0.6092409491539001,0.005015888717025518,0.44564253091812134,0.5806037783622742,0.004945936147123575,0.4689791202545166,0.57168048620224,0.0029019666835665703,0.48674947023391724,0.5696906447410583,0.000865400827024132,0.45412641763687134,0.5504941344261169,-0.0037161821965128183,0.4969905912876129,0.5321353673934937,-0.011358538642525673,0.5222597718238831,0.5330067873001099,-0.0147316949442029,0.5411803126335144,0.5376619100570679,-0.016429897397756577,0.4569797217845917,0.5626392960548401,-0.011565112508833408,0.5024093389511108,0.5375799536705017,-0.01859091781079769,0.5300242900848389,0.5390136241912842,-0.0218276958912611,0.5503517985343933,0.5450831055641174,-0.023300375789403915,0.45969054102897644,0.5880964994430542,-0.01911180093884468,0.5012744069099426,0.5549813508987427,-0.025842860341072083,0.5283842086791992,0.5512804388999939,-0.028886256739497185,0.5497533082962036,0.5530595779418945,-0.030578836798667908,0.4621483385562897,0.6222357749938965,-0.026260370388627052,0.48958590626716614,0.5909263491630554,-0.03288234770298004,0.5090042352676392,0.5824277997016907,-0.03518285974860191,0.5267319679260254,0.5826547741889954,-0.03610492870211601
0.3898582458496094,0.6432898044586182,1.771833950670043e-07,0.4107871949672699,0.6086822748184204,0.0038045707624405622,0.43735623359680176,0.57448810338974,0.0025516136083751917,0.4578435719013214,0.5583065152168274,-0.00036143072065897286,0.4743445813655853,0.5510647296905518,-0.003300891723483801,0.45158860087394714,0.5508825778961182,-0.006936940364539623,0.49275290966033936,0.5288152694702148,-0.016501469537615776,0.5185371041297913,0.5283336043357849,-0.02088931016623974,0.5378550291061401,0.5334817171096802,-0.022983092814683914,0.4549105763435364,0.5630111694335938,-0.014711123891174793,0.49935606122016907,0.5336748957633972,-0.024149226024746895,0.5277330279350281,0.5338277816772461,-0.027788517996668816,0.5487006902694702,0.5397538542747498,-0.029079841449856758,0.4581264853477478,0.5886215567588806,-0.022289926186203957,0.4987865686416626,0.5517100095748901,-0.031007716432213783,0.5266818404197693,0.5460602641105652,-0.03436147794127464,0.5487204790115356,0.546966016292572,-0.03573725000023842,0.46098077297210693,0.6238157153129578,-0.029497113078832626,0.48869645595550537,0.5900210738182068,-0.03735240176320076,0.5085296630859375,0.5800177454948425,-0.0401296466588974,0.5266606211662292,0.5790726542472839,-0.04110102728009224
0.3894110321998596,0.6430282592773438,2.3669539928050654e-07,0.4183488190174103,0.6471160054206848,-0.0055984873324632645,0.4494602084159851,0.6156090497970581,-0.007287373300641775,0.4707651734352112,0.5905494093894958,-0.008496975526213646,0.4889478087425232,0.5753182768821716,-0.008478734642267227,0.45228374004364014,0.552828848361969,-0.00943917315453291,0.49318182468414307,0.5278008580207825,-0.017460795119404793,0.5183068513870239,0.5300767421722412,-0.02128310687839985,0.5361738801002502,0.5372523665428162,-0.022969162091612816,0.4528900384902954,0.5512346625328064,-0.010115604847669601,0.49813365936279297,0.5245456695556641,-0.018039735034108162,0.5265319347381592,0.5284484028816223,-0.02127552404999733,0.5468316078186035,0.5390344858169556,-0.022173017263412476,0.4554362893104553,0.5671303868293762,-0.011330322362482548,0.49675729870796204,0.5388914942741394,-0.018842976540327072,0.5249550342559814,0.5380857586860657,-0.02264120988547802,0.546459972858429,0.5439377427101135,-0.024293165653944016,0.459425687789917,0.594231128692627,-0.013037133030593395,0.48742422461509705,0.5732249617576599,-0.020343922078609467,0.5077266693115234,0.569534957408905,-0.02381368912756443,0.5252549648284912,0.5739030838012695,-0.025126788765192032
0.38745254278182983,0.6439334154129028,2.187441907608445e-07,0.4171680808067322,0.6409735679626465,-0.004695612471550703,0.4487227499485016,0.6097057461738586,-0.005694565363228321,0.4703335762023926,0.5855364203453064,-0.006223011761903763,0.4881077706813812,0.5719153881072998,-0.005478549282997847,0.45191141963005066,0.5466769337654114,-0.006430407054722309,0.49368855357170105,0.5253833532333374,-0.012685184367001057,0.5171487927436829,0.5303353667259216,-0.01579475589096546,0.5332199335098267,0.5379912853240967,-0.017263656482100487,0.4530777931213379,0.5490490198135376,-0.007103400304913521,0.497867226600647,0.5251886248588562,-0.013695723377168179,0.5247194766998291,0.5291891098022461,-0.01678965799510479,0.5437161922454834,0.5378609895706177,-0.0178140290081501,0.45581766963005066,0.566335916519165,-0.008283467963337898,0.4959876835346222,0.5406203269958496,-0.014255640096962452,0.5226026773452759,0.5393689870834351,-0.017011035233736038,0.5423778891563416,0.5432296395301819,-0.018204564228653908,0.4595770835876465,0.5930996537208557,-0.009946548379957676,0.48708686232566833,0.5697741508483887,-0.015420369803905487,0.5069760084152222,0.562995195388794,-0.017600778490304947,0.5240781307220459,0.5640127658843994,-0.018211951479315758
0.38832905888557434,0.645439088344574,1.497387245308346e-07,0.4153883159160614,0.6129072308540344,0.007309795822948217,0.4436465799808502,0.5802472829818726,0.008326119743287563,0.4675547182559967,0.5673363208770752,0.007042854093015194,0.48533201217651367,0.5644357204437256,0.006039908155798912,0.4479668438434601,0.54156094789505,-0.0009315047063864768,0.4923608899116516,0.5236833095550537,-0.006780887953937054,0.5144997835159302,0.5351217985153198,-0.009397868067026138,0.52983558177948,0.5475965142250061,-0.010869106277823448,0.4527888000011444,0.5542668700218201,-0.009126774035394192,0.49891865253448486,0.5263707637786865,-0.014540644362568855,0.5251649618148804,0.5332183837890625,-0.016892239451408386,0.5428199768066406,0.542880654335022,-0.01795240491628647,0.4581241011619568,0.5797380208969116,-0.01672883704304695,0.4983375668525696,0.5438185334205627,-0.021074743941426277,0.5246029496192932,0.5437787175178528,-0.022142011672258377,0.5441622734069824,0.5473732948303223,-0.022849999368190765,0.46341443061828613,0.6137961149215698,-0.02386309951543808,0.49019044637680054,0.5783342719078064,-0.02726176008582115,0.5088016986846924,0.5678496956825256,-0.02713734842836857,0.5252063274383545,0.5661606788635254,-0.026676788926124573
0.38826823234558105,0.6492599248886108,1.327118894778323e-07,0.41501909494400024,0.609390914440155,0.011226093396544456,0.4410803020000458,0.5766311883926392,0.013350172899663448,0.4636961817741394,0.5667030811309814,0.012065116316080093,0.4801054000854492,0.5682899951934814,0.010550261475145817,0.4462320804595947,0.5441074967384338,0.0032679843716323376,0.4905875027179718,0.5304709672927856,-0.002632186049595475,0.5130103230476379,0.5425139665603638,-0.0056063346564769745,0.5286045074462891,0.5554078817367554,-0.007375949993729591,0.4523283839225769,0.5574465394020081,-0.007314489223062992,0.49887368083000183,0.5311909914016724,-0.013001276180148125,0.5252336263656616,0.5386375784873962,-0.015665169805288315,0.5430583953857422,0.54843670129776,-0.016825338825583458,0.45814862847328186,0.5830053687095642,-0.01719050295650959,0.4987392723560333,0.5480172634124756,-0.02190464362502098,0.5251379013061523,0.5491262078285217,-0.022994747385382652,0.5447573065757751,0.5527073740959167,-0.023414330556988716,0.46328943967819214,0.6178613305091858,-0.026308543980121613,0.4917435050010681,0.5809603333473206,-0.02955760806798935,0.5102097988128662,0.5709983706474304,-0.0289066880941391,0.5265127420425415,0.5690910816192627,-0.02796204388141632
0.38855817914009094,0.6545494198799133,1.2485467948408768e-07,0.41505366563796997,0.6148555874824524,0.013463012874126434,0.43887197971343994,0.5811511278152466,0.016189858317375183,0.45875516533851624,0.5708470344543457,0.014925682917237282,0.4723379611968994,0.5736342072486877,0.012915571220219135,0.44600337743759155,0.5502282381057739,0.005180853419005871,0.48864561319351196,0.5402975082397461,9.64201899478212e-05,0.5107147097587585,0.5509658455848694,-0.0025374125689268112,0.5267994403839111,0.5627118945121765,-0.004422263707965612,0.4522702991962433,0.5624870657920837,-0.006954401731491089,0.4983408749103546,0.5384086966514587,-0.012274098582565784,0.5252176523208618,0.5438228845596313,-0.01471694465726614,0.5443006157875061,0.551750659942627,-0.015867412090301514,0.4578056335449219,0.5876124501228333,-0.01825891248881817,0.49903160333633423,0.5526024699211121,-0.023020045831799507,0.5254635810852051,0.5530117154121399,-0.024165496230125427,0.545670211315155,0.5551524758338928,-0.02460714988410473,0.4627479314804077,0.6227491497993469,-0.02858416922390461,0.4915508031845093,0.5845109224319458,-0.03170723468065262,0.5096949338912964,0.5738165378570557,-0.03088492341339588,0.526058554649353,0.5704368352890015,-0.02990044094622135
0.3894387185573578,0.6564059257507324,1.4254381142109196e-07,0.4169156849384308,0.6154009103775024,0.014418183825910091,0.4416390061378479,0.5835472345352173,0.017270568758249283,0.46327248215675354,0.575695276260376,0.015796106308698654,0.47912076115608215,0.5792728662490845,0.01362359058111906,0.4449959993362427,0.550087034702301,0.007299734745174646,0.48918622732162476,0.5388957262039185,0.002531494479626417,0.5125718116760254,0.548270583152771,-2.288695759489201e-05,0.5298520922660828,0.5588142275810242,-0.001880950410850346,0.4511454105377197,0.5624516606330872,-0.005268389824777842,0.4975590705871582,0.538730263710022,-0.010140735656023026,0.5239230990409851,0.5466042757034302,-0.01268085092306137,0.542479395866394,0.5564283728599548,-0.013907802291214466,0.45689958333969116,0.5873177647590637,-0.017014753073453903,0.4974232017993927,0.5521100759506226,-0.021260011941194534,0.5240261554718018,0.5541737675666809,-0.022158069536089897,0.5447531342506409,0.5575990676879883,-0.02257436141371727,0.4625336229801178,0.6222500801086426,-0.027753224596381187,0.49077141284942627,0.5833467841148376,-0.030599508434534073,0.5088526606559753,0.5741430521011353,-0.029459819197654724,0.5254069566726685,0.5720728635787964,-0.028305768966674805
0.38831397891044617,0.6602367162704468,1.5249754881097033e-07,0.4154520034790039,0.6170410513877869,0.013750946149230003,0.4403362572193146,0.5861505270004272,0.01594286970794201,0.4619506597518921,0.5797873735427856,0.01377527229487896,0.47890505194664,0.5823682546615601,0.011008501052856445,0.4426313638687134,0.5532789826393127,0.006302674300968647,0.4867633581161499,0.5388591289520264,0.0005544255254790187,0.5107477307319641,0.5462218523025513,-0.0024052488151937723,0.5285823345184326,0.5551959872245789,-0.004257997032254934,0.44818931818008423,0.5657359957695007,-0.0062775700353085995,0.4942869246006012,0.538490891456604,-0.01223426777869463,0.520966649055481,0.545135498046875,-0.015057235024869442,0.5400252342224121,0.5546353459358215,-0.016202017664909363,0.4540767967700958,0.5902284383773804,-0.01814511977136135,0.49447768926620483,0.5519774556159973,-0.02320258878171444,0.5210667252540588,0.5534683465957642,-0.02391953580081463,0.5414981842041016,0.5573785305023193,-0.023819176480174065,0.46053022146224976,0.6246545314788818,-0.029102154076099396,0.4890899956226349,0.5834915637969971,-0.03231939673423767,0.5077893733978271,0.5735533237457275,-0.031120972707867622,0.5246716141700745,0.5711387395858765,-0.02969611994922161
0.39138519763946533,0.6666601896286011,1.4586616714495904e-07,0.4165482819080353,0.6246225237846375,0.01188021432608366,0.4411224126815796,0.5896508097648621,0.014277869835495949,0.46280041337013245,0.5774160623550415,0.012721942737698555,0.4803308844566345,0.5759986639022827,0.010874028317630291,0.44241029024124146,0.5578500628471375,0.007531873416155577,0.4847933351993561,0.5405852198600769,0.0023089484311640263,0.5093109011650085,0.5457956194877625,-0.000728739658370614,0.5270732045173645,0.5521376132965088,-0.002634204225614667,0.4483412504196167,0.5673713684082031,-0.0035852123983204365,0.4925242066383362,0.5403057932853699,-0.00841602124273777,0.5189768671989441,0.5461142659187317,-0.011200415901839733,0.5375216603279114,0.5540385842323303,-0.012601231224834919,0.4548828601837158,0.5890027284622192,-0.014310226775705814,0.49326759576797485,0.5535974502563477,-0.018349826335906982,0.5195637345314026,0.5550535917282104,-0.019240431487560272,0.5392171740531921,0.559167206287384,-0.019605951383709908,0.46217963099479675,0.620617687702179,-0.024355260655283928,0.4892229437828064,0.5816936492919922,-0.026839343830943108,0.5073047876358032,0.5726168751716614,-0.025706591084599495,0.5230726003646851,0.5712335109710693,-0.02456771209836006
0.3915252685546875,0.6715039610862732,1.5505713690799894e-07,0.4149693548679352,0.6245821714401245,0.012005329132080078,0.4382234215736389,0.590287983417511,0.013765072450041771,0.4585825502872467,0.5816607475280762,0.01156894862651825,0.4748028516769409,0.5832067728042603,0.008781584911048412,0.4421842098236084,0.5625054240226746,0.0052511319518089294,0.48382601141929626,0.5423987507820129,-0.000979527016170323,0.5084653496742249,0.5466997623443604,-0.004605100955814123,0.5266002416610718,0.553686797618866,-0.006721979938447475,0.448276162147522,0.5734482407569885,-0.006278214044868946,0.491364985704422,0.5417353510856628,-0.012080754153430462,0.5183882713317871,0.5460203886032104,-0.015137989073991776,0.537225067615509,0.5543286800384521,-0.01652238890528679,0.45478686690330505,0.5964428782463074,-0.017216624692082405,0.49233943223953247,0.5563135743141174,-0.02220883220434189,0.5191315412521362,0.5560222864151001,-0.02321143075823784,0.5389466881752014,0.5599724054336548,-0.02328205294907093,0.4620831608772278,0.6298123002052307,-0.027382176369428635,0.4887073040008545,0.5864640474319458,-0.030614962801337242,0.506688117980957,0.5759855508804321,-0.029311101883649826,0.5221619606018066,0.5739346742630005,-0.027717765420675278
0.391953706741333,0.6770349740982056,1.4875220699650527e-07,0.4151495695114136,0.627141535282135,0.01218634843826294,0.4380524158477783,0.5932063460350037,0.014316030777990818,0.4579910337924957,0.5843246579170227,0.012335109524428844,0.47446081042289734,0.5844799876213074,0.00984065793454647,0.44144171476364136,0.5670373439788818,0.0071811797097325325,0.48214009404182434,0.5441642999649048,0.0010243660071864724,0.5069326162338257,0.5465371608734131,-0.002654061187058687,0.5252335071563721,0.5523335337638855,-0.00467954995110631,0.4483864903450012,0.5783326625823975,-0.004224208649247885,0.4898858666419983,0.5447550415992737,-0.009593595750629902,0.5165371298789978,0.5468210577964783,-0.012810814194381237,0.535521388053894,0.5535249710083008,-0.014388937503099442,0.4556944668292999,0.6007115840911865,-0.01518256589770317,0.4916194677352905,0.5601152181625366,-0.01971764862537384,0.5177258849143982,0.558768093585968,-0.02083479054272175,0.5372645258903503,0.5622527003288269,-0.021023880690336227,0.46335268020629883,0.6323784589767456,-0.02543254755437374,0.4888111352920532,0.588752269744873,-0.02819075621664524,0.5064128637313843,0.5777614712715149,-0.026831526309251785,0.5218634605407715,0.5752679705619812,-0.02522592805325985
0.3919788599014282,0.6843422651290894,1.346188724937747e-07,0.4142579138278961,0.6368448138237,0.012858547270298004,0.43687841296195984,0.6026579141616821,0.015798622742295265,0.457011878490448,0.5929689407348633,0.014508956111967564,0.47345972061157227,0.5929669141769409,0.012731045484542847,0.44084790349006653,0.5749470591545105,0.00922215636819601,0.48032891750335693,0.55091392993927,0.003531332826241851,0.5050487518310547,0.552392303943634,2.2794838514528237e-06,0.5236852765083313,0.5576241612434387,-0.00206998223438859,0.44726067781448364,0.5841265916824341,-0.0024640343617647886,0.4884980022907257,0.5507069826126099,-0.007606564089655876,0.5154716372489929,0.5517017841339111,-0.010692131705582142,0.5353823304176331,0.55722576379776,-0.012127297930419445,0.4542381167411804,0.605252206325531,-0.013792747631669044,0.4909632205963135,0.5641372203826904,-0.01850992813706398,0.5172467231750488,0.5611937046051025,-0.01936454325914383,0.5371776819229126,0.5630605816841125,-0.019228041172027588,0.4621209502220154,0.6368663311004639,-0.024409078061580658,0.4877397418022156,0.5920546650886536,-0.027468513697385788,0.5053171515464783,0.5780721306800842,-0.0261868666857481,0.5210546255111694,0.5719051957130432,-0.02459985576570034
0.3926706612110138,0.6899983882904053,1.3699650480702985e-07,0.41494467854499817,0.6449019312858582,0.012644103728234768,0.43832242488861084,0.6085062623023987,0.01616896130144596,0.4590102434158325,0.5974079966545105,0.01566374860703945,0.4757847189903259,0.5971200466156006,0.014481346122920513,0.44330599904060364,0.5791915655136108,0.00991426408290863,0.4816386103630066,0.5586011409759521,0.004897979088127613,0.5066211223602295,0.5567504167556763,0.0015083914622664452,0.525871217250824,0.5581565499305725,-0.0007188210729509592,0.4495992362499237,0.5884862542152405,-0.0015161330811679363,0.4901036322116852,0.559529185295105,-0.006064332090318203,0.5170339345932007,0.5571603178977966,-0.009181915782392025,0.5375733971595764,0.5583896040916443,-0.010905684903264046,0.45598387718200684,0.6097803115844727,-0.012641582638025284,0.49186527729034424,0.5735783576965332,-0.017288366332650185,0.517637312412262,0.5671470165252686,-0.01853157952427864,0.5374411344528198,0.5639941096305847,-0.018889643251895905,0.4631025791168213,0.6416358947753906,-0.02301439456641674,0.4885587990283966,0.5990909934043884,-0.026322511956095695,0.5058496594429016,0.5839778780937195,-0.02534383535385132,0.5214235186576843,0.575219988822937,-0.02413497492671013
0.3942517042160034,0.6940432190895081,1.3830680245519034e-07,0.4153013527393341,0.6458379626274109,0.012300008907914162,0.437999963760376,0.6089815497398376,0.015346181578934193,0.4586263597011566,0.5970740914344788,0.01445276290178299,0.4749473035335541,0.596190869808197,0.012919869273900986,0.4433436989784241,0.581575334072113,0.008414734154939651,0.48262545466423035,0.5590679049491882,0.002702091820538044,0.5070816874504089,0.5595802068710327,-0.0007786334026604891,0.5251485109329224,0.5632238388061523,-0.002713159192353487,0.450783371925354,0.5935747623443604,-0.0027191047556698322,0.4911460876464844,0.5624691247940063,-0.007856466807425022,0.5177099108695984,0.5614637136459351,-0.011232972145080566,0.5371495485305786,0.5648799538612366,-0.012909343466162682,0.45786052942276,0.6163846254348755,-0.0134377246722579,0.49289998412132263,0.5790183544158936,-0.018210286274552345,0.5190558433532715,0.5732252597808838,-0.019695773720741272,0.539068341255188,0.5715017318725586,-0.02007509395480156,0.46525442600250244,0.6490668058395386,-0.023365819826722145,0.49108827114105225,0.6058480739593506,-0.026495082303881645,0.5087122917175293,0.5909843444824219,-0.02539842389523983,0.5248072743415833,0.5828139185905457,-0.023953521624207497
0.3973587453365326,0.6982677578926086,1.1977262204254657e-07,0.41677016019821167,0.64772629737854,0.012565959244966507,0.438591867685318,0.6086388826370239,0.015447452664375305,0.45852112770080566,0.5927168726921082,0.014350173063576221,0.47456616163253784,0.5883513689041138,0.012745480053126812,0.44361409544944763,0.5817201733589172,0.007276341784745455,0.48337996006011963,0.5565546751022339,0.0012701991945505142,0.5063289999961853,0.5599955320358276,-0.0018121600151062012,0.5225549936294556,0.5669588446617126,-0.0032520461827516556,0.45119020342826843,0.5945953726768494,-0.0038940124213695526,0.49176299571990967,0.5617870688438416,-0.009255168959498405,0.5171076059341431,0.5628423690795898,-0.012245172634720802,0.5352279543876648,0.5686127543449402,-0.013535109348595142,0.45862001180648804,0.6179583668708801,-0.014589490368962288,0.49367478489875793,0.5797852277755737,-0.019270623102784157,0.5197054147720337,0.5755202174186707,-0.020840663462877274,0.5393502712249756,0.5764561891555786,-0.021289397031068802,0.4666649401187897,0.6508124470710754,-0.0244530588388443,0.4925127327442169,0.6076548099517822,-0.02735123410820961,0.5100699067115784,0.5940865278244019,-0.02643841691315174,0.5258846282958984,0.5881891846656799,-0.02516675367951393
0.4002915918827057,0.7041298151016235,1.1163878355091583e-07,0.41837620735168457,0.6530107855796814,0.013082161545753479,0.43913841247558594,0.6112905740737915,0.016033418476581573,0.45852649211883545,0.5932456851005554,0.014840098097920418,0.4744435250759125,0.5865490436553955,0.01311268750578165,0.44405296444892883,0.5823893547058105,0.007106011733412743,0.4828413426876068,0.5528876185417175,0.000808041833806783,0.5056629776954651,0.5578701496124268,-0.0024754118639975786,0.5215244293212891,0.5673822164535522,-0.00400168914347887,0.45128875970840454,0.5948312282562256,-0.004552071448415518,0.4913191497325897,0.5591403245925903,-0.01000006590038538,0.5167953968048096,0.5611562728881836,-0.013159174472093582,0.5350366830825806,0.5684187412261963,-0.014690358191728592,0.4589039385318756,0.6180706024169922,-0.015698762610554695,0.4941248893737793,0.5778095722198486,-0.02049781195819378,0.5205963850021362,0.573963463306427,-0.02221747674047947,0.5403250455856323,0.5757977962493896,-0.02286900021135807,0.46757450699806213,0.6509021520614624,-0.025978384539484978,0.4928607940673828,0.6061339974403381,-0.02911441959440708,0.5105223655700684,0.5922516584396362,-0.02838185988366604,0.5264042019844055,0.5867104530334473,-0.027279900386929512
0.40349051356315613,0.7075623869895935,1.0882560275149444e-07,0.42055246233940125,0.6546496748924255,0.012410766445100307,0.44023850560188293,0.6128390431404114,0.014708001166582108,0.4600010812282562,0.5957170724868774,0.012830827385187149,0.47652608156204224,0.5900447368621826,0.010537662543356419,0.4438166916370392,0.5836132764816284,0.007181084714829922,0.4815537929534912,0.5517709255218506,0.00048605643678456545,0.5048801302909851,0.5561319589614868,-0.0032254336401820183,0.5208730101585388,0.5654079914093018,-0.004903384950011969,0.45166516304016113,0.5957310795783997,-0.00411848584190011,0.49006593227386475,0.5562018156051636,-0.010025834664702415,0.5150026082992554,0.5587733387947083,-0.013403480872511864,0.5320671796798706,0.567307710647583,-0.01484748162329197,0.4602510631084442,0.6179235577583313,-0.015003848820924759,0.4940671920776367,0.5746527910232544,-0.019729632884263992,0.5198700428009033,0.5714547634124756,-0.020993102341890335,0.5386028289794922,0.5745855569839478,-0.02115486189723015,0.46998071670532227,0.6494253277778625,-0.025162870064377785,0.49426087737083435,0.6037810444831848,-0.027887558564543724,0.5116961002349854,0.5887002944946289,-0.026895711198449135,0.5273864269256592,0.5821291208267212,-0.025518588721752167
0.40783989429473877,0.7121257781982422,8.744642343572195e-08,0.4219253659248352,0.6582984924316406,0.012777921743690968,0.4397975206375122,0.6146252155303955,0.015551592223346233,0.4594224691390991,0.5956510901451111,0.014194941148161888,0.4758280813694,0.5903853178024292,0.012399096973240376,0.44448786973953247,0.5843266248703003,0.007992199622094631,0.48064425587654114,0.5505287051200867,0.0025536895263940096,0.5031088590621948,0.5538399815559387,-0.00019699035328812897,0.5180898308753967,0.5634068250656128,-0.001209815265610814,0.45301347970962524,0.5962602496147156,-0.002836325904354453,0.4893626570701599,0.5563111305236816,-0.007233405951410532,0.5122948288917542,0.5575366616249084,-0.009493552148342133,0.527631402015686,0.5653342604637146,-0.010148146189749241,0.462479829788208,0.61802738904953,-0.013134079053997993,0.4937877058982849,0.5742121338844299,-0.0163233894854784,0.5167772769927979,0.5699044466018677,-0.016366692259907722,0.5332503914833069,0.5723625421524048,-0.01576639898121357,0.47305431962013245,0.6488685607910156,-0.0227053239941597,0.49648308753967285,0.6026812791824341,-0.024241723120212555,0.5130316615104675,0.5867718458175659,-0.022351756691932678,0.5280742049217224,0.5789662599563599,-0.020233865827322006
0.41127049922943115,0.7173687815666199,8.288441932791102e-08,0.424202561378479,0.6608884334564209,0.013998539187014103,0.4411989152431488,0.6159179210662842,0.017110228538513184,0.4604701101779938,0.5950515866279602,0.015876533463597298,0.47734659910202026,0.5882680416107178,0.014079535380005836,0.44581931829452515,0.5872137546539307,0.00861407071352005,0.48054367303848267,0.5473955273628235,0.0034883227199316025,0.5027742981910706,0.5466657876968384,0.0014798740157857537,0.5175889730453491,0.5537561774253845,0.0011991732753813267,0.4543500542640686,0.5994129180908203,-0.0028364865574985743,0.48975589871406555,0.5573316812515259,-0.007255589589476585,0.5120236873626709,0.5568119287490845,-0.008973631076514721,0.5261002779006958,0.5646464824676514,-0.008824427612125874,0.46412917971611023,0.6217308640480042,-0.01361339446157217,0.49440959095954895,0.5752735137939453,-0.016675641760230064,0.5168761014938354,0.5690631866455078,-0.015939077362418175,0.5325270295143127,0.5712248682975769,-0.014558794908225536,0.4749867916107178,0.6524784564971924,-0.023554746061563492,0.49712687730789185,0.6039092540740967,-0.025561414659023285,0.5136665105819702,0.5852183699607849,-0.023674700409173965,0.5287752747535706,0.5753549337387085,-0.02123299054801464
0.41660720109939575,0.7221855521202087,5.0164604914471056e-08,0.4272971451282501,0.6668096780776978,0.016100570559501648,0.4434606432914734,0.6205859184265137,0.020565487444400787,0.46084064245224,0.5972990989685059,0.020682184025645256,0.4772009551525116,0.5869131088256836,0.020053748041391373,0.4474587142467499,0.5920003652572632,0.007274402305483818,0.479539692401886,0.5389578342437744,0.0029737763106822968,0.500869631767273,0.5327104330062866,0.003033505752682686,0.5165571570396423,0.5366483330726624,0.004230734426528215,0.45556697249412537,0.6029558777809143,-0.004734372720122337,0.491237074136734,0.5579679012298584,-0.010019800625741482,0.5124267935752869,0.5623525381088257,-0.010176101699471474,0.5255459547042847,0.574669361114502,-0.00831000879406929,0.46517494320869446,0.6259040832519531,-0.015706518664956093,0.49599653482437134,0.573345959186554,-0.019751284271478653,0.5188154578208923,0.5709799528121948,-0.01771428808569908,0.5347862839698792,0.5773156881332397,-0.015168714337050915,0.4758165180683136,0.6555957794189453,-0.025478459894657135,0.49607545137405396,0.6026963591575623,-0.02971041202545166,0.5126421451568604,0.5821567177772522,-0.028737682849168777,0.5281143188476562,0.5710053443908691,-0.0265736673027277
0.42017942667007446,0.7270410656929016,1.3954968292040348e-09,0.4304492473602295,0.6707825064659119,0.020364586263895035,0.44613346457481384,0.6256809830665588,0.026366636157035828,0.46198755502700806,0.6031079292297363,0.027370726689696312,0.47781139612197876,0.590812087059021,0.027738017961382866,0.4487200081348419,0.596342921257019,0.008294353261590004,0.4753771722316742,0.5321438908576965,0.003768645692616701,0.49569225311279297,0.5221532583236694,0.005113646388053894,0.510964035987854,0.5258978605270386,0.007930509746074677,0.45608747005462646,0.6054363250732422,-0.0053365700878202915,0.4889828562736511,0.5493606328964233,-0.011396964080631733,0.5102385878562927,0.5571951866149902,-0.008839823305606842,0.521416425704956,0.5758653879165649,-0.003807980101555586,0.46573272347450256,0.6264731884002686,-0.01761942356824875,0.4942346215248108,0.5649212002754211,-0.022220080718398094,0.5167654752731323,0.5646442770957947,-0.01689912937581539,0.5314085483551025,0.5756739974021912,-0.011042113415896893,0.4774630069732666,0.6536533832550049,-0.028336916118860245,0.49600034952163696,0.5976171493530273,-0.03350186347961426,0.5120272040367126,0.5764803290367126,-0.031592391431331635,0.5261894464492798,0.5665718913078308,-0.027840299531817436
0.4236706793308258,0.7281739711761475,1.3960535838464239e-08,0.4322514533996582,0.6691848635673523,0.021104494109749794,0.4468398988246918,0.6232851147651672,0.026287423446774483,0.462687224149704,0.5987752079963684,0.02588842436671257,0.4792290925979614,0.5859236121177673,0.024830345064401627,0.44862741231918335,0.5969232320785522,0.0070138657465577126,0.47527414560317993,0.5283758044242859,0.0020960387773811817,0.4955604374408722,0.5184558629989624,0.004260537680238485,0.5102530717849731,0.5224927067756653,0.007844862528145313,0.45612236857414246,0.6037414073944092,-0.0076794009655714035,0.48830002546310425,0.536410927772522,-0.014010582119226456,0.5100114345550537,0.5425876975059509,-0.010157894343137741,0.5211535692214966,0.5621305704116821,-0.003992447629570961,0.4664415717124939,0.6235834360122681,-0.02089313231408596,0.4954310357570648,0.5554500818252563,-0.025094572454690933,0.5167596936225891,0.5615102648735046,-0.017176395282149315,0.5298529863357544,0.5785275101661682,-0.009459707885980606,0.47902366518974304,0.6507499814033508,-0.03268728405237198,0.4983745515346527,0.5950534343719482,-0.0382908470928669,0.5151880383491516,0.5727847218513489,-0.03615336865186691,0.5297616124153137,0.561378002166748,-0.03206927701830864
0.423635870218277,0.7248024940490723,-2.1146743023336967e-08,0.4324633777141571,0.6647164821624756,0.02138647250831127,0.44721314311027527,0.6209123730659485,0.02688261680305004,0.4652177393436432,0.5987901091575623,0.027002472430467606,0.483175128698349,0.5909931063652039,0.02618788555264473,0.44988930225372314,0.5936914086341858,0.005358591675758362,0.47873178124427795,0.5275235176086426,-0.0003733561607077718,0.5009500980377197,0.5239466428756714,0.0009740160894580185,0.5160807371139526,0.5332672595977783,0.004032116383314133,0.45868557691574097,0.6014915704727173,-0.009209297597408295,0.48935192823410034,0.5256613492965698,-0.015799010172486305,0.5090855956077576,0.5317116975784302,-0.012209944427013397,0.5184506773948669,0.5518388152122498,-0.0065111080184578896,0.46917030215263367,0.6216263175010681,-0.02208499237895012,0.4988575577735901,0.5572967529296875,-0.027442142367362976,0.5166895985603333,0.5704801082611084,-0.01993905007839203,0.526058554649353,0.5901570320129395,-0.012290882878005505,0.48130330443382263,0.6491334438323975,-0.03332788124680519,0.5012995004653931,0.5932728052139282,-0.04059583693742752,0.5174620747566223,0.568691074848175,-0.03948623687028885,0.531132161617279,0.5532608032226562,-0.03614739701151848
0.42189180850982666,0.7222124934196472,-2.9899378972686463e-08,0.4321105480194092,0.6609590649604797,0.02117403969168663,0.4468807280063629,0.6204473972320557,0.02623599022626877,0.4654788374900818,0.6005299687385559,0.025856761261820793,0.48325231671333313,0.595508337020874,0.024353941902518272,0.4496186673641205,0.5937063694000244,0.005502127110958099,0.4802106022834778,0.5302627682685852,-0.00114270334597677,0.5039646625518799,0.531433641910553,-0.0013487599790096283,0.520393967628479,0.545467734336853,0.0004158370429649949,0.45959746837615967,0.6010175943374634,-0.00935615785419941,0.48954373598098755,0.5200487375259399,-0.0170432198792696,0.509813666343689,0.525385856628418,-0.015493570826947689,0.5200552344322205,0.5460160970687866,-0.011747881770133972,0.47014543414115906,0.6201693415641785,-0.022527726367115974,0.5002233982086182,0.5559011101722717,-0.028829194605350494,0.5193198919296265,0.5711240768432617,-0.023362604901194572,0.5297442674636841,0.5915599465370178,-0.01746535673737526,0.4818976819515228,0.6474761366844177,-0.034036166965961456,0.5020318031311035,0.5915634632110596,-0.04121820628643036,0.5176512002944946,0.566792905330658,-0.04059292748570442,0.5306887030601501,0.5497984290122986,-0.03817138820886612
0.4209967255592346,0.7222062349319458,-3.792904124111374e-08,0.4314451515674591,0.6597312688827515,0.02104147896170616,0.44669416546821594,0.6176958680152893,0.02650473453104496,0.4654034674167633,0.5968606472015381,0.02649911679327488,0.48398277163505554,0.5909326672554016,0.02542579360306263,0.44955602288246155,0.5904527902603149,0.007079605478793383,0.48050761222839355,0.5298054218292236,0.0007568370783701539,0.5042279362678528,0.5307924151420593,0.0004899189225398004,0.5215365886688232,0.5434259176254272,0.0020709908567368984,0.45888468623161316,0.5979955792427063,-0.007712964434176683,0.4895654022693634,0.5186206102371216,-0.015575245954096317,0.5100905895233154,0.5240744352340698,-0.014547452330589294,0.5213218331336975,0.5452388525009155,-0.010988450609147549,0.4693886339664459,0.6175510883331299,-0.02091050334274769,0.4998556077480316,0.5547515153884888,-0.027393467724323273,0.5184252262115479,0.5705042481422424,-0.02256367914378643,0.5291125178337097,0.5911881923675537,-0.016907647252082825,0.48112815618515015,0.645149827003479,-0.03247782960534096,0.5017678141593933,0.5892431735992432,-0.039739616215229034,0.5178154706954956,0.5647467970848083,-0.03941252455115318,0.5316887497901917,0.5486148595809937,-0.03710288554430008
0.4206618368625641,0.7242389917373657,-3.206544363365538e-08,0.43043985962867737,0.6600666046142578,0.02127457596361637,0.4452534317970276,0.6137921810150146,0.02653699554502964,0.4620967507362366,0.5894306898117065,0.02594776079058647,0.47815626859664917,0.5788372755050659,0.02473466470837593,0.4490598142147064,0.5853596925735474,0.010995114222168922,0.4793931245803833,0.5249849557876587,0.006070039235055447,0.5008454322814941,0.529452383518219,0.0062367282807827,0.5140399932861328,0.5430710911750793,0.00817722175270319,0.45794442296028137,0.5939745306968689,-0.003926331643015146,0.49113738536834717,0.5274485349655151,-0.00892497319728136,0.5108428597450256,0.5364080667495728,-0.006967457011342049,0.5194661617279053,0.5553880333900452,-0.0031065004877746105,0.4683769643306732,0.6135455369949341,-0.017544345930218697,0.4980459213256836,0.5473226308822632,-0.02084115520119667,0.5173523426055908,0.5517695546150208,-0.014635128900408745,0.5288782715797424,0.5646836161613464,-0.008684470318257809,0.4808303415775299,0.6426488757133484,-0.029784120619297028,0.5035322904586792,0.5879166126251221,-0.032808419317007065,0.5213720798492432,0.5667194128036499,-0.029442843049764633,0.5366159081459045,0.55490642786026,-0.025243686512112617
0.4220888018608093,0.7274844646453857,-1.8180511318632853e-08,0.4303148090839386,0.6650222539901733,0.023220140486955643,0.4441375434398651,0.6153703331947327,0.029354475438594818,0.46064871549606323,0.589832603931427,0.029402585700154305,0.4771924912929535,0.5813013315200806,0.02849389798939228,0.4490986466407776,0.5827173590660095,0.012609590776264668,0.4803364872932434,0.5246586799621582,0.009803012944757938,0.5012056231498718,0.5265453457832336,0.011021914891898632,0.5142709016799927,0.5391182899475098,0.013324251398444176,0.4576943516731262,0.5923105478286743,-0.0029140603728592396,0.4942866861820221,0.536806583404541,-0.005090714432299137,0.5140026211738586,0.5472103357315063,-0.0021489697974175215,0.5226342678070068,0.566399872303009,0.001690882840193808,0.46785303950309753,0.6133672595024109,-0.016876211389899254,0.5007918477058411,0.5564932823181152,-0.017862463369965553,0.5210126638412476,0.5615174770355225,-0.01130606234073639,0.5325072407722473,0.5755048394203186,-0.0058900355361402035,0.4798535406589508,0.642588198184967,-0.029276704415678978,0.5034887790679932,0.5902814865112305,-0.030132636427879333,0.5209762454032898,0.5718214511871338,-0.025645984336733818,0.5355716347694397,0.5630443096160889,-0.021090956404805183
0.42020872235298157,0.7303593754768372,8.721548816481572e-09,0.429093599319458,0.6698764562606812,0.02252703718841076,0.44342339038848877,0.6181432008743286,0.028692306950688362,0.46026039123535156,0.5949873328208923,0.029071664437651634,0.4785115420818329,0.587674081325531,0.028548676520586014,0.44853293895721436,0.5823559165000916,0.013634756207466125,0.4788636565208435,0.5293833613395691,0.01267713401466608,0.4992983937263489,0.5291037559509277,0.015099886804819107,0.5129885673522949,0.5384605526924133,0.017749089747667313,0.45585036277770996,0.5915124416351318,-0.0011766516836360097,0.4931228458881378,0.5446488857269287,-0.00308437692001462,0.5141928791999817,0.556344211101532,-0.00014756865857634693,0.5254743099212646,0.574592649936676,0.003900151001289487,0.46570688486099243,0.6137059926986694,-0.014446178451180458,0.4973563849925995,0.5596819519996643,-0.01597176492214203,0.519207775592804,0.5638927817344666,-0.010496312752366066,0.5329725742340088,0.5765740275382996,-0.005476676858961582,0.4774884581565857,0.6443570256233215,-0.026004955172538757,0.4986225962638855,0.5913017988204956,-0.02692968212068081,0.5152863264083862,0.5753923654556274,-0.022423261776566505,0.5293330550193787,0.5704562664031982,-0.017706215381622314
0.41678059101104736,0.7316151857376099,2.618830041711817e-09,0.4281459450721741,0.6698830127716064,0.026543540880084038,0.44476792216300964,0.6207166910171509,0.03551119938492775,0.4624265134334564,0.6007159948348999,0.03742365539073944,0.4794650971889496,0.5960898995399475,0.03840472176671028,0.4475069046020508,0.5845177173614502,0.024336209520697594,0.47895246744155884,0.5363914966583252,0.025971364229917526,0.49961334466934204,0.5368836522102356,0.028753921389579773,0.5130237936973572,0.547684907913208,0.031375639140605927,0.45641863346099854,0.5913057327270508,0.008142942562699318,0.4921608567237854,0.5485830903053284,0.011335816234350204,0.5124629735946655,0.558181881904602,0.015286527574062347,0.5237728357315063,0.573640763759613,0.01876635104417801,0.46687987446784973,0.6100729703903198,-0.006769560277462006,0.4991835057735443,0.564373254776001,-0.0037179593928158283,0.5187881588935852,0.5692125558853149,0.0030237603932619095,0.5306723117828369,0.5816394090652466,0.007632591761648655,0.47936204075813293,0.6384432315826416,-0.02013406716287136,0.5016000270843506,0.593176007270813,-0.017904454842209816,0.5182024836540222,0.582276463508606,-0.012187933549284935,0.531435489654541,0.5808032751083374,-0.0072707911022007465
0.41486528515815735,0.7281376719474792,3.4400702730863486e-08,0.42564311623573303,0.6709546446800232,0.02133626863360405,0.4422571063041687,0.6174049973487854,0.02857874520123005,0.4593374729156494,0.5945690274238586,0.030195510014891624,0.47602248191833496,0.5851746797561646,0.031106896698474884,0.4479234218597412,0.581995964050293,0.01809683069586754,0.47936856746673584,0.5340954661369324,0.017678365111351013,0.5005844831466675,0.5337773561477661,0.018705299124121666,0.5144102573394775,0.5468007326126099,0.020422451198101044,0.45578429102897644,0.5904933214187622,0.0044706761837005615,0.4910266101360321,0.5501466989517212,0.004458887968212366,0.5137280225753784,0.559949517250061,0.005648022051900625,0.5267926454544067,0.5799846053123474,0.007724578958004713,0.46541595458984375,0.6112298965454102,-0.008052349090576172,0.4954749047756195,0.5651887059211731,-0.0073521938174963,0.5175188183784485,0.5692118406295776,-0.004206369165331125,0.5315305590629578,0.5833788514137268,-0.001639948575757444,0.4766521155834198,0.6389693021774292,-0.019148973748087883,0.4956836998462677,0.5909051895141602,-0.01775156520307064,0.5101444125175476,0.5785903930664062,-0.013664675876498222,0.5216807126998901,0.577268660068512,-0.009887252934277058
0.41371527314186096,0.7213218808174133,1.4950336080232773e-08,0.4251089096069336,0.6629315614700317,0.02670767344534397,0.4420984387397766,0.6118268966674805,0.03621063008904457,0.4578776955604553,0.5895041823387146,0.03877512365579605,0.47355780005455017,0.5802086591720581,0.04045817255973816,0.4464295506477356,0.5760916471481323,0.023592891171574593,0.4785216748714447,0.529899537563324,0.02408897504210472,0.5001004934310913,0.5317332148551941,0.02592814341187477,0.5140557289123535,0.5462097525596619,0.028188548982143402,0.4543439447879791,0.5830720067024231,0.007003364153206348,0.4895398020744324,0.5406442880630493,0.007734598126262426,0.5130599737167358,0.5511144399642944,0.010019856505095959,0.5257406830787659,0.5722517967224121,0.012969652190804482,0.46389755606651306,0.6024932265281677,-0.008295639418065548,0.49489980936050415,0.5551905035972595,-0.006975538097321987,0.5180087089538574,0.5616991519927979,-0.0022330184001475573,0.532055675983429,0.5785818696022034,0.001529716537334025,0.4756953716278076,0.6297765374183655,-0.021914726123213768,0.49648764729499817,0.5820494294166565,-0.02062651515007019,0.5125826597213745,0.5735222697257996,-0.01602909341454506,0.5247915983200073,0.5767659544944763,-0.01168210618197918
0.4128724932670593,0.7153329253196716,1.6292158733222095e-08,0.42514297366142273,0.655524730682373,0.02408481203019619,0.4431018829345703,0.6062097549438477,0.03311321139335632,0.45857593417167664,0.5847070813179016,0.03578104078769684,0.472586452960968,0.5754568576812744,0.03785127401351929,0.447628378868103,0.5720717906951904,0.021882591769099236,0.47929033637046814,0.5292546153068542,0.020767319947481155,0.5008988976478577,0.5320547819137573,0.021513856947422028,0.5145374536514282,0.5477232933044434,0.023382337763905525,0.4562235176563263,0.5800076127052307,0.006795644760131836,0.4910273551940918,0.5380507111549377,0.0069755734875798225,0.5136047005653381,0.5452026724815369,0.009195110760629177,0.5257382392883301,0.5627860426902771,0.012298808433115482,0.46574920415878296,0.5992178320884705,-0.007331151515245438,0.49704989790916443,0.554648220539093,-0.006738036870956421,0.5189958214759827,0.5591158866882324,-0.0017440199153497815,0.532346248626709,0.5744640231132507,0.002665059408172965,0.47731244564056396,0.6268016695976257,-0.020087454468011856,0.4984881579875946,0.5827150344848633,-0.019731655716896057,0.5147310495376587,0.574451208114624,-0.01537129282951355,0.5274662375450134,0.5777439475059509,-0.010694227181375027
0.4128251075744629,0.7125613689422607,3.572747786506625e-08,0.4263996481895447,0.6562890410423279,0.01833365671336651,0.4438199996948242,0.6026144027709961,0.02462710440158844,0.4567128121852875,0.5694527626037598,0.02569209225475788,0.46537622809410095,0.5437871813774109,0.02637132629752159,0.4498559534549713,0.5693452954292297,0.0171055905520916,0.4860873520374298,0.5389203429222107,0.014517687261104584,0.5078365802764893,0.5467455387115479,0.013084557838737965,0.520508885383606,0.5611389875411987,0.012999835424125195,0.4572894275188446,0.5781577229499817,0.004051567986607552,0.49546074867248535,0.5408610701560974,0.0031371477525681257,0.5177620053291321,0.5483229756355286,0.0028128745034337044,0.5293287038803101,0.5652691125869751,0.003469715127721429,0.4659070074558258,0.5982736349105835,-0.008363660424947739,0.5001775026321411,0.5556613206863403,-0.008447760716080666,0.522499680519104,0.5585210919380188,-0.005959904287010431,0.5362735986709595,0.5702869892120361,-0.003952841740101576,0.4767811894416809,0.6277862191200256,-0.01979461871087551,0.49986234307289124,0.5863845944404602,-0.018756084144115448,0.5156915783882141,0.5771564245223999,-0.014898245222866535,0.5283715128898621,0.5779891014099121,-0.011443883180618286
0.4083004295825958,0.7086020708084106,1.3057997350074402e-08,0.42186588048934937,0.6533836722373962,0.01863025687634945,0.44137540459632874,0.6025144457817078,0.025431180372834206,0.4555550515651703,0.5710312128067017,0.027147719636559486,0.46651190519332886,0.5471767783164978,0.02840120904147625,0.45204317569732666,0.5732064247131348,0.01884331740438938,0.4873996078968048,0.545188307762146,0.018437286838889122,0.5073413848876953,0.550727128982544,0.0185307115316391,0.5184250473976135,0.5632681846618652,0.01928640715777874,0.4604594111442566,0.5823168754577637,0.006463463418185711,0.4981403350830078,0.544530987739563,0.007906990125775337,0.5186576843261719,0.5509352684020996,0.009238280355930328,0.5286988019943237,0.5664131045341492,0.010913743637502193,0.4693833589553833,0.6025166511535645,-0.005215362645685673,0.5034373998641968,0.558253824710846,-0.003602574346587062,0.5239942669868469,0.5598599314689636,0.00026471627643331885,0.5360016822814941,0.5698296427726746,0.0029378985054790974,0.47927364706993103,0.6326393485069275,-0.015873633325099945,0.5020246505737305,0.5926011800765991,-0.013894635252654552,0.5171530246734619,0.5837705731391907,-0.009250029921531677,0.5282203555107117,0.5842403769493103,-0.005318359937518835
0.40987634658813477,0.7059121131896973,3.411075510939554e-08,0.4252365827560425,0.6509526968002319,0.022479858249425888,0.44280022382736206,0.6039449572563171,0.03032468445599079,0.46104100346565247,0.5807929635047913,0.03249584883451462,0.47645077109336853,0.5704997181892395,0.03400654345750809,0.44909247756004333,0.5740317106246948,0.01974479667842388,0.4875103831291199,0.5455917716026306,0.02122010476887226,0.5086429715156555,0.5531591773033142,0.023455657064914703,0.5201371908187866,0.5679929256439209,0.025465184822678566,0.4584953486919403,0.5822811722755432,0.00622397568076849,0.49920570850372314,0.5410763621330261,0.008388590067625046,0.520039439201355,0.5503556132316589,0.011731037870049477,0.5298611521720886,0.567153811454773,0.015194251202046871,0.46825072169303894,0.6028424501419067,-0.006013160105794668,0.5034233331680298,0.5547042489051819,-0.00347957294434309,0.5235867500305176,0.5589980483055115,0.002528935205191374,0.5349181890487671,0.569810152053833,0.006818774156272411,0.47842514514923096,0.6353969573974609,-0.016835875809192657,0.5014594793319702,0.5925143361091614,-0.014431796036660671,0.5158134698867798,0.5834133625030518,-0.008961907587945461,0.5260869264602661,0.5825832486152649,-0.004189129453152418
0.40785902738571167,0.7058940529823303,3.232284129239815e-08,0.4242907166481018,0.6529911756515503,0.021833110600709915,0.44154787063598633,0.604338526725769,0.02891087345778942,0.4574827551841736,0.5769947171211243,0.030415086075663567,0.47247248888015747,0.5602920651435852,0.031141316518187523,0.45091038942337036,0.5776063799858093,0.016381194815039635,0.4890096187591553,0.5457438230514526,0.016368428245186806,0.5090315341949463,0.5535884499549866,0.018688539043068886,0.5193911790847778,0.5703525543212891,0.021324390545487404,0.45839908719062805,0.5860807299613953,0.002855402883142233,0.4990691542625427,0.5403783917427063,0.0031375873368233442,0.5207685828208923,0.5478432774543762,0.0069252606481313705,0.5309604406356812,0.5668103098869324,0.011512624099850655,0.46636322140693665,0.607151448726654,-0.009339447133243084,0.5023244619369507,0.5528726577758789,-0.008265979588031769,0.52238529920578,0.5566466450691223,-0.0015071535017341375,0.5334925651550293,0.5681555867195129,0.004053330514580011,0.47470343112945557,0.6389977931976318,-0.020098375156521797,0.4980325698852539,0.5947294235229492,-0.019239695742726326,0.5125388503074646,0.5835753083229065,-0.014064543880522251,0.5227062106132507,0.5818782448768616,-0.008836238645017147
0.40823715925216675,0.7072523832321167,5.231493460655656e-08,0.42468056082725525,0.6616242527961731,0.016228945925831795,0.4441806972026825,0.6103169918060303,0.022256268188357353,0.46047329902648926,0.5825345516204834,0.0248105451464653,0.4761725068092346,0.5668071508407593,0.027405232191085815,0.45207521319389343,0.5811341404914856,0.00812671147286892,0.49055081605911255,0.5448247194290161,0.007978769019246101,0.5109280943870544,0.5526734590530396,0.01126111764460802,0.5214427709579468,0.570735514163971,0.015018237754702568,0.45768627524375916,0.58466637134552,-0.0008033988997340202,0.49962297081947327,0.5371167659759521,-0.001708925818093121,0.5214604735374451,0.545795738697052,0.002157626673579216,0.5323690176010132,0.5651583671569824,0.007290072739124298,0.46510252356529236,0.6019603610038757,-0.008307433687150478,0.5022730231285095,0.5509980320930481,-0.007658874616026878,0.5223039388656616,0.5557589530944824,-0.0027584265917539597,0.533440351486206,0.5682509541511536,0.0018145442008972168,0.4734182059764862,0.6302496194839478,-0.014518399722874165,0.4995613694190979,0.5895189642906189,-0.01231658086180687,0.5145847797393799,0.5830754041671753,-0.007578014861792326,0.5239753127098083,0.5864037275314331,-0.0027730294968932867
0.4049050211906433,0.6996431350708008,9.808719880766148e-08,0.4267520308494568,0.6501226425170898,0.014451464638113976,0.4481985569000244,0.6053208112716675,0.016685720533132553,0.4712592661380768,0.5877382159233093,0.014802279882133007,0.4929797351360321,0.582862377166748,0.012771698646247387,0.44828706979751587,0.5720333456993103,0.00573205528780818,0.48956820368766785,0.5393504500389099,0.0022567484993487597,0.5115214586257935,0.5487933158874512,0.00243145739659667,0.5238267779350281,0.565908670425415,0.0035680606961250305,0.4535771906375885,0.5809145569801331,-0.005233438219875097,0.49810168147087097,0.5329360961914062,-0.009729505516588688,0.5213438868522644,0.5429975390434265,-0.009590672329068184,0.5335937738418579,0.5623471736907959,-0.007484711706638336,0.4615376591682434,0.6030568480491638,-0.014913360588252544,0.49972736835479736,0.5482717752456665,-0.017438072711229324,0.5226377248764038,0.5538593530654907,-0.014486121945083141,0.5364649295806885,0.5659787058830261,-0.011409929022192955,0.4711969196796417,0.6368327140808105,-0.023499947041273117,0.4983435869216919,0.5893566608428955,-0.024096716195344925,0.5150892734527588,0.5791005492210388,-0.020157119259238243,0.5277406573295593,0.5785391330718994,-0.016194069758057594
0.4026278853416443,0.6883641481399536,5.249386703098935e-08,0.4254351556301117,0.6335728764533997,0.018795263022184372,0.4465082883834839,0.5930726528167725,0.023092135787010193,0.46849381923675537,0.580839216709137,0.02207811549305916,0.48725464940071106,0.5805584192276001,0.020290685817599297,0.44832751154899597,0.5592836737632751,0.01192367635667324,0.4912906289100647,0.5337530374526978,0.009511908516287804,0.5108232498168945,0.5465680956840515,0.009132598526775837,0.5216326713562012,0.5642977952957153,0.009301465936005116,0.456522136926651,0.5725622177124023,-0.0017742555355653167,0.5006968975067139,0.5290771722793579,-0.004736727569252253,0.5215602517127991,0.5397704243659973,-0.005384660325944424,0.5325169563293457,0.5578427314758301,-0.004426498897373676,0.4655350148677826,0.5989876389503479,-0.014074672944843769,0.502126932144165,0.5448700785636902,-0.015898333862423897,0.5237814784049988,0.5485708117485046,-0.013465757481753826,0.5375885367393494,0.5571701526641846,-0.011172198690474033,0.4752259850502014,0.6373414993286133,-0.02496219612658024,0.5009046196937561,0.5882031917572021,-0.025375964120030403,0.5166925191879272,0.5770214200019836,-0.021221594884991646,0.5295344591140747,0.5737122893333435,-0.017398618161678314
0.40371254086494446,0.6794954538345337,4.821512433750286e-08,0.425068199634552,0.6230455636978149,0.018542010337114334,0.44532737135887146,0.582979679107666,0.02255452238023281,0.4669601619243622,0.5697343945503235,0.02141330949962139,0.4845677614212036,0.5700603127479553,0.019353112205863,0.44926461577415466,0.5521928071975708,0.010225769132375717,0.4920307397842407,0.5277179479598999,0.007455564569681883,0.5116261839866638,0.5409385561943054,0.006985882762819529,0.5229277014732361,0.5583528876304626,0.007056496571749449,0.45812177658081055,0.5663039088249207,-0.0033419469837099314,0.5018923878669739,0.5239990949630737,-0.006739778444170952,0.5223174691200256,0.5347801446914673,-0.007316288072615862,0.5325452089309692,0.5532254576683044,-0.006341007072478533,0.4670349359512329,0.5927551984786987,-0.01543243508785963,0.5036556720733643,0.5396847724914551,-0.01740577444434166,0.5254958271980286,0.5439762473106384,-0.015065210871398449,0.5394406318664551,0.5541306138038635,-0.01283105555921793,0.4761318564414978,0.6302553415298462,-0.02612755261361599,0.5026888847351074,0.5810083746910095,-0.027093438431620598,0.519013524055481,0.5705524682998657,-0.023457933217287064,0.5324970483779907,0.5690951943397522,-0.019898543134331703
0.40266484022140503,0.6697208881378174,3.6173215534063274e-08,0.4239714443683624,0.6149349212646484,0.018738199025392532,0.4431935250759125,0.5765838027000427,0.02291962131857872,0.46375593543052673,0.564163327217102,0.022106213495135307,0.479783296585083,0.5672515630722046,0.02034243755042553,0.4488685131072998,0.5447434186935425,0.009342566132545471,0.4919756054878235,0.5276187658309937,0.006985931191593409,0.5103585124015808,0.5435200333595276,0.007210953626781702,0.5207422971725464,0.5625792145729065,0.007634872570633888,0.4585458040237427,0.5591638684272766,-0.0041737123392522335,0.5033985376358032,0.5216793417930603,-0.007462096866220236,0.5229822397232056,0.5331678986549377,-0.007405413314700127,0.5329534411430359,0.5507515668869019,-0.006108327768743038,0.46730390191078186,0.585999608039856,-0.016126688569784164,0.505115807056427,0.5374677181243896,-0.018093019723892212,0.526481032371521,0.5420600175857544,-0.015574902296066284,0.5403167605400085,0.5510311722755432,-0.013311955146491528,0.4755144715309143,0.6241329312324524,-0.02660668082535267,0.5031698346138,0.5781611800193787,-0.02730104885995388,0.5195994973182678,0.56859290599823,-0.023545360192656517,0.533344566822052,0.5664699673652649,-0.020075876265764236
0.4038442373275757,0.6637279391288757,4.660293839719998e-08,0.42620187997817993,0.6114186644554138,0.018327079713344574,0.44504550099372864,0.5739027261734009,0.022100310772657394,0.4653714895248413,0.5616160035133362,0.020985586568713188,0.4803197681903839,0.5649965405464172,0.018978983163833618,0.4507938623428345,0.5403435826301575,0.00792165007442236,0.4938444495201111,0.524787962436676,0.005209815222769976,0.5123105049133301,0.5410085320472717,0.005261819344013929,0.5231344699859619,0.5597791075706482,0.005394878331571817,0.4600324034690857,0.5557742714881897,-0.005832656752318144,0.5046108961105347,0.5195206999778748,-0.009565888904035091,0.5248164534568787,0.5303733944892883,-0.00950622372329235,0.5358389616012573,0.5463671684265137,-0.008343583904206753,0.4681817591190338,0.5830392837524414,-0.018036484718322754,0.5059639811515808,0.5363621711730957,-0.020412705838680267,0.5277504324913025,0.5396651029586792,-0.017796870321035385,0.54234778881073,0.5463833212852478,-0.01552797295153141,0.4758528172969818,0.6212397813796997,-0.02884063310921192,0.5036881566047668,0.5765638947486877,-0.029756277799606323,0.5203953981399536,0.5659619569778442,-0.026025889441370964,0.5346500277519226,0.5626150965690613,-0.02265564352273941
0.4030197858810425,0.6608694791793823,6.870821778193203e-08,0.42502978444099426,0.6088796854019165,0.016764558851718903,0.44314223527908325,0.5719752311706543,0.019574949517846107,0.46250084042549133,0.5600738525390625,0.017696619033813477,0.4763711094856262,0.5632879734039307,0.014804487116634846,0.44964367151260376,0.5417841672897339,0.004939298145473003,0.4927200675010681,0.5236089825630188,0.00021348011796362698,0.5124652981758118,0.5391838550567627,-0.0010967254638671875,0.5247027277946472,0.5583541393280029,-0.0017729855608195066,0.459443598985672,0.5569904446601868,-0.008616752922534943,0.503267228603363,0.5155035257339478,-0.014469807967543602,0.5256887078285217,0.5236147046089172,-0.01564566232264042,0.5386039018630981,0.5390361547470093,-0.015108215622603893,0.46781763434410095,0.5840574502944946,-0.020716598257422447,0.5054665803909302,0.5330590009689331,-0.025179725140333176,0.528885543346405,0.5351426005363464,-0.02396288514137268,0.5449859499931335,0.5410599708557129,-0.022233692929148674,0.47544294595718384,0.6220439672470093,-0.031478915363550186,0.5027955174446106,0.5762658715248108,-0.03442198038101196,0.5197082757949829,0.5632048845291138,-0.03215205296874046,0.5348020792007446,0.5577402114868164,-0.029543353244662285
0.40329185128211975,0.6614906787872314,7.301927951175458e-08,0.42483311891555786,0.6076011657714844,0.015669524669647217,0.4445582926273346,0.5700902342796326,0.01872030273079872,0.4655601382255554,0.5575763583183289,0.01765255816280842,0.481645792722702,0.559479296207428,0.015841064974665642,0.4504009485244751,0.5427886247634888,0.004049701616168022,0.49475958943367004,0.5208617448806763,-0.0002925353473983705,0.5153085589408875,0.5324651598930359,-0.0010432932758703828,0.5282524228096008,0.5477712154388428,-0.0012450112262740731,0.459922730922699,0.5588749051094055,-0.008201655931770802,0.5038851499557495,0.5164209604263306,-0.013519126921892166,0.5265622138977051,0.5230728387832642,-0.014289784245193005,0.5401732325553894,0.5370598435401917,-0.01347135379910469,0.46856898069381714,0.5863431692123413,-0.01898806542158127,0.5062408447265625,0.5353830456733704,-0.02308024652302265,0.5301047563552856,0.5353564023971558,-0.021781474351882935,0.5470411777496338,0.5397428870201111,-0.020031124353408813,0.47645246982574463,0.6239401698112488,-0.02847413904964924,0.5032488107681274,0.5760250091552734,-0.03160744532942772,0.520531952381134,0.5609444975852966,-0.02971740998327732,0.5363876819610596,0.5538215041160583,-0.027295798063278198
0.4049810469150543,0.6667068004608154,5.5136187171456186e-08,0.42039501667022705,0.6099482178688049,0.012088018469512463,0.4395098090171814,0.571540117263794,0.013711593113839626,0.4603823125362396,0.5544669032096863,0.012057876214385033,0.4776717722415924,0.5503816604614258,0.010111228562891483,0.45027056336402893,0.5491129159927368,0.0017539520049467683,0.49032890796661377,0.5183037519454956,-0.003734245663508773,0.5118286609649658,0.5235682129859924,-0.005293036345392466,0.5254426598548889,0.5336846113204956,-0.005580338183790445,0.4604557752609253,0.5656477212905884,-0.008547521196305752,0.5002951622009277,0.520589292049408,-0.014874490909278393,0.5216851234436035,0.5246860384941101,-0.016263945028185844,0.5336933135986328,0.5365669131278992,-0.015664201229810715,0.46970656514167786,0.5915704369544983,-0.017724646255373955,0.5033950805664062,0.5424573421478271,-0.022442983463406563,0.5265623331069946,0.5372843742370605,-0.021621637046337128,0.5431746244430542,0.5384591817855835,-0.020080385729670525,0.477985680103302,0.627325713634491,-0.025887727737426758,0.5033735632896423,0.5817636251449585,-0.028461702167987823,0.5201493501663208,0.5659408569335938,-0.02615576609969139,0.5348671078681946,0.5581096410751343,-0.02345762960612774
0.40341293811798096,0.6669687032699585,1.857572051733314e-08,0.4188311696052551,0.6044567823410034,0.01365805882960558,0.43774381279945374,0.568183422088623,0.016808906570076942,0.45786482095718384,0.5536437630653381,0.016075072810053825,0.4755687713623047,0.552574634552002,0.014935405924916267,0.4440951943397522,0.5456079840660095,0.009447355754673481,0.47863149642944336,0.5124312043190002,0.006796300411224365,0.4983130097389221,0.5130944848060608,0.0066541507840156555,0.5107659101486206,0.5201504826545715,0.006885755341500044,0.45691895484924316,0.5608715415000916,-0.001368399360217154,0.4912548065185547,0.5180838704109192,-0.004168633837252855,0.5098788738250732,0.5170577764511108,-0.005618951749056578,0.5208637118339539,0.5244784355163574,-0.0060349092818796635,0.468241423368454,0.5860649943351746,-0.011411505751311779,0.49957165122032166,0.5393115282058716,-0.013715105131268501,0.5208344459533691,0.5283434987068176,-0.014052936807274818,0.5370681285858154,0.5232873558998108,-0.014273088425397873,0.4776303768157959,0.621365487575531,-0.02040782757103443,0.5025640726089478,0.5787245035171509,-0.022040044888854027,0.5181491374969482,0.5622010827064514,-0.020319007337093353,0.5323677659034729,0.5513854026794434,-0.018555430695414543
0.4041895270347595,0.6622254848480225,2.628962469941598e-08,0.41778823733329773,0.5990051627159119,0.013479650020599365,0.4356048107147217,0.562559962272644,0.0162940826267004,0.4553516209125519,0.5488919615745544,0.01515219360589981,0.47224149107933044,0.5491164922714233,0.013497398234903812,0.4399734139442444,0.543171763420105,0.008909732103347778,0.4725688397884369,0.5102107524871826,0.00608625914901495,0.49149376153945923,0.5102304816246033,0.005853866692632437,0.5033944249153137,0.5159109234809875,0.006128949113190174,0.45280593633651733,0.5575615763664246,-0.0018084247130900621,0.48517873883247375,0.5142137408256531,-0.0049223583191633224,0.5028735995292664,0.5117778778076172,-0.006556912325322628,0.5129561424255371,0.5170364379882812,-0.006852330639958382,0.4650615453720093,0.5817736983299255,-0.011690329760313034,0.4935356378555298,0.533847987651825,-0.014004749245941639,0.5134441256523132,0.5198944211006165,-0.014398259110748768,0.5281742215156555,0.5114341378211975,-0.014453023672103882,0.47618263959884644,0.6158893704414368,-0.020518535748124123,0.49870193004608154,0.5719163417816162,-0.021820994094014168,0.5127906799316406,0.554492712020874,-0.019712427631020546,0.5253559947013855,0.5425254702568054,-0.01759171672165394
0.40470442175865173,0.661118745803833,-5.47968292963219e-09,0.41486912965774536,0.599267840385437,0.013394918292760849,0.4313620328903198,0.5626164078712463,0.01718105375766754,0.45058783888816833,0.5482653379440308,0.01747952587902546,0.46739766001701355,0.548816978931427,0.017664683982729912,0.4367663562297821,0.5398719906806946,0.010417593643069267,0.4674450159072876,0.5106386542320251,0.01095068734139204,0.48422572016716003,0.5134004354476929,0.013691483065485954,0.4934988021850586,0.5201354622840881,0.015720313414931297,0.4513985514640808,0.5527309775352478,0.0009224498644471169,0.48129063844680786,0.5137003660202026,0.0010146248387172818,0.4963240623474121,0.5130534172058105,0.0015583002241328359,0.5040614008903503,0.517831027507782,0.002365429187193513,0.4648718535900116,0.5752020478248596,-0.007619392592459917,0.4909389019012451,0.529900848865509,-0.007540401071310043,0.508406937122345,0.5169258713722229,-0.006605884525924921,0.5212255120277405,0.5082579851150513,-0.006197148934006691,0.47644752264022827,0.60781329870224,-0.015052024275064468,0.4978025257587433,0.5648621916770935,-0.014577755704522133,0.5103373527526855,0.5491575598716736,-0.011362247169017792,0.5211421847343445,0.5378449559211731,-0.008672935888171196
0.40561333298683167,0.6599857211112976,6.880047642709997e-10,0.41491931676864624,0.5994343757629395,0.015205979347229004,0.4310513138771057,0.5618181228637695,0.01952110044658184,0.44957786798477173,0.5478090643882751,0.019824864342808723,0.4659997522830963,0.5486767888069153,0.019817525520920753,0.43461164832115173,0.5390493273735046,0.01415291614830494,0.4644513726234436,0.5157644748687744,0.015498900786042213,0.4806801378726959,0.5189175009727478,0.01773841120302677,0.4899439215660095,0.5263468623161316,0.019174909219145775,0.4489242434501648,0.5491946935653687,0.0037400044966489077,0.47843873500823975,0.5120317935943604,0.0049304538406431675,0.49363672733306885,0.5109670162200928,0.005797236692160368,0.5021213889122009,0.5151402950286865,0.0066584935411810875,0.4623693823814392,0.5699538588523865,-0.00581481633707881,0.48861533403396606,0.5258779525756836,-0.004951702430844307,0.5055248737335205,0.5144720673561096,-0.003534433664754033,0.5175354480743408,0.5067285299301147,-0.002922598971053958,0.47433894872665405,0.601736843585968,-0.014189573004841805,0.4947943091392517,0.559993326663971,-0.012945512309670448,0.5068798661231995,0.5455820560455322,-0.00927569530904293,0.5170280337333679,0.5351177453994751,-0.0064626410603523254
0.4067450165748596,0.6598294973373413,-7.434654225590975e-09,0.41413769125938416,0.6011179089546204,0.016167093068361282,0.4294465482234955,0.562339723110199,0.021353445947170258,0.4472697079181671,0.5472642779350281,0.02261514775454998,0.46334460377693176,0.5476776957511902,0.023698611184954643,0.43298768997192383,0.5371484160423279,0.015050899237394333,0.46235230565071106,0.5168623328208923,0.019004009664058685,0.4770985245704651,0.5219905376434326,0.023605188354849815,0.4849312901496887,0.5312609672546387,0.026436110958456993,0.44758525490760803,0.545300304889679,0.004974137060344219,0.47633200883865356,0.5099602341651917,0.008518204092979431,0.4906892776489258,0.5095064640045166,0.011179155670106411,0.4988579750061035,0.514462411403656,0.012932412326335907,0.46151936054229736,0.5645809173583984,-0.004027367569506168,0.48668646812438965,0.5226099491119385,-0.0010443591745570302,0.5026893615722656,0.5135911107063293,0.0012967229122295976,0.5137702226638794,0.5082434415817261,0.002057767240330577,0.4742187261581421,0.5946520566940308,-0.011771174147725105,0.4933934807777405,0.5544814467430115,-0.008723960258066654,0.504913866519928,0.542357325553894,-0.004369429778307676,0.5142530798912048,0.53440922498703,-0.0014205406187102199
0.40643763542175293,0.6556569337844849,-2.108974861414481e-08,0.4137081205844879,0.5990186929702759,0.016898365691304207,0.4291316866874695,0.5592886805534363,0.022784704342484474,0.44735637307167053,0.5446816086769104,0.02476413920521736,0.4627864956855774,0.5477473139762878,0.026374077424407005,0.4325118660926819,0.534397304058075,0.014938084408640862,0.4630831480026245,0.5160642266273499,0.019721275195479393,0.4772569537162781,0.5243051052093506,0.024985454976558685,0.4847952127456665,0.5358881950378418,0.028156956657767296,0.4470747709274292,0.5430856943130493,0.005002186633646488,0.47625502943992615,0.5071079730987549,0.008564400486648083,0.48889923095703125,0.5108470916748047,0.011383038945496082,0.4956009089946747,0.519546627998352,0.013548171147704124,0.46083882451057434,0.5629358291625977,-0.0035727948416024446,0.4859866201877594,0.5189692378044128,-0.0003384518495295197,0.502018928527832,0.5127518177032471,0.0019326894544064999,0.5127336978912354,0.5099812150001526,0.002769066020846367,0.47302573919296265,0.5927236676216125,-0.010702040046453476,0.49176156520843506,0.5518288612365723,-0.007124361116439104,0.5032466650009155,0.5405107140541077,-0.0026724538765847683,0.5123859643936157,0.5329806208610535,0.0003040494630113244
0.4053317606449127,0.65061354637146,1.8094281628577846e-08,0.41315439343452454,0.5952333211898804,0.017182420939207077,0.428676575422287,0.5564309358596802,0.02323729172348976,0.44614946842193604,0.5426374673843384,0.0251634418964386,0.4613231420516968,0.545944333076477,0.026765795424580574,0.43207794427871704,0.5320222973823547,0.015355182811617851,0.4627090394496918,0.5152673125267029,0.01912560500204563,0.4777754545211792,0.5240256190299988,0.023675989359617233,0.48569750785827637,0.5368269681930542,0.02692096121609211,0.4465368092060089,0.5391510128974915,0.00515335239470005,0.4773896336555481,0.5040335059165955,0.008395127020776272,0.4943777918815613,0.5042219758033752,0.011372478678822517,0.5045378804206848,0.5119444131851196,0.013991551473736763,0.4601859152317047,0.5580322742462158,-0.0037698715459555387,0.48650455474853516,0.513883650302887,-0.0006573115824721754,0.5034965872764587,0.5102643966674805,0.002395092509686947,0.5148361325263977,0.5121215581893921,0.00432587880641222,0.47266942262649536,0.5875698924064636,-0.011382696218788624,0.492229163646698,0.5462455153465271,-0.007017431780695915,0.5035016536712646,0.5375060439109802,-0.0013496436877176166,0.5121464133262634,0.5347107648849487,0.0028759767301380634
0.4039648473262787,0.6442618370056152,1.2601301335735116e-08,0.4114683270454407,0.5878987312316895,0.017351552844047546,0.4272335171699524,0.5491903424263,0.023256056010723114,0.44446003437042236,0.5354078412055969,0.024875443428754807,0.45908215641975403,0.5368788242340088,0.026175901293754578,0.4325600564479828,0.5248510241508484,0.016030339524149895,0.4621800184249878,0.5071126818656921,0.0198625810444355,0.47718706727027893,0.514400064945221,0.02452355995774269,0.48454010486602783,0.5262303948402405,0.028012050315737724,0.4467301666736603,0.5323699116706848,0.005608171224594116,0.47719576954841614,0.4974271059036255,0.009260466322302818,0.4934501349925995,0.4993789494037628,0.0125837791711092,0.5024235844612122,0.5087771415710449,0.015465876087546349,0.46023550629615784,0.5513200163841248,-0.0036032425705343485,0.4867973327636719,0.5074000954627991,-0.00034542239154689014,0.5035066604614258,0.5061460733413696,0.00301738316193223,0.5140655040740967,0.5112025737762451,0.005248303525149822,0.47250545024871826,0.580874502658844,-0.011507760733366013,0.4929253160953522,0.5389346480369568,-0.007082880474627018,0.5046160221099854,0.5329291820526123,-0.0010286812903359532,0.5128147602081299,0.5340629816055298,0.0035970117896795273
0.40190204977989197,0.6371954679489136,2.7449196249307306e-09,0.40986689925193787,0.5821167826652527,0.01871325448155403,0.42475625872612,0.5427855253219604,0.025562630966305733,0.43999016284942627,0.5282788872718811,0.027783695608377457,0.4523562490940094,0.5286543369293213,0.029498733580112457,0.4336187541484833,0.5176762342453003,0.01707576960325241,0.46327266097068787,0.4999271035194397,0.02086024172604084,0.4784058630466461,0.5082949995994568,0.025513596832752228,0.48531895875930786,0.522361695766449,0.02915119007229805,0.4473746120929718,0.5251586437225342,0.00601875688880682,0.47853514552116394,0.4908590316772461,0.009812574833631516,0.4949782192707062,0.4947912395000458,0.013321619480848312,0.5030468702316284,0.507462203502655,0.016487931832671165,0.4603210389614105,0.54449862241745,-0.003737084800377488,0.4879886507987976,0.5005859136581421,-0.00025028010713867843,0.5043896436691284,0.5021600127220154,0.0035015444736927748,0.5138489007949829,0.5102139115333557,0.006193251349031925,0.4716431200504303,0.5746806859970093,-0.012104300782084465,0.49307525157928467,0.532930314540863,-0.007666990626603365,0.504982054233551,0.5284149050712585,-0.0014286501100286841,0.5125108957290649,0.5318422317504883,0.003574216505512595
0.40191465616226196,0.632738471031189,1.6069906294546854e-08,0.4103229343891144,0.5759773254394531,0.018518595024943352,0.4243827164173126,0.5384131073951721,0.024121014401316643,0.4392439126968384,0.5249736309051514,0.02488069236278534,0.4518507122993469,0.5237676501274109,0.024975476786494255,0.4333092272281647,0.5133994817733765,0.01570085622370243,0.464482843875885,0.49402040243148804,0.01810523495078087,0.48084884881973267,0.5014424920082092,0.02195051684975624,0.4887544512748718,0.5157111883163452,0.02517024427652359,0.4467596411705017,0.5207793116569519,0.004096449352800846,0.47954779863357544,0.4851852357387543,0.006752721033990383,0.49627459049224854,0.4905588626861572,0.010001720860600471,0.5040866136550903,0.5050829648971558,0.01311983447521925,0.459446519613266,0.5401732921600342,-0.00624957075342536,0.4886681139469147,0.49519139528274536,-0.0032929936423897743,0.5050157904624939,0.4986104965209961,0.0009712427854537964,0.5141078233718872,0.508604109287262,0.00405372679233551,0.47066447138786316,0.5707846879959106,-0.01526886411011219,0.49304160475730896,0.527951717376709,-0.011461974121630192,0.5049948692321777,0.5234588980674744,-0.005098357796669006,0.5124941468238831,0.5270180106163025,0.0001724252651911229
0.4034727215766907,0.6315310001373291,3.578584895080894e-08,0.4140584170818329,0.575655996799469,0.01834811083972454,0.4292733073234558,0.5388901233673096,0.023310914635658264,0.447252482175827,0.5262507200241089,0.024126924574375153,0.4634536802768707,0.527591347694397,0.024444768205285072,0.4328916668891907,0.515595555305481,0.009213102981448174,0.46739858388900757,0.49542322754859924,0.01222809124737978,0.48461273312568665,0.5045859217643738,0.01867058128118515,0.4936007261276245,0.5212001800537109,0.023695917800068855,0.44604361057281494,0.5236882567405701,-0.0015019226120784879,0.48229554295539856,0.48255300521850586,-0.00036305675166659057,0.4998186230659485,0.4875924289226532,0.004186671692878008,0.5092734098434448,0.5013414621353149,0.00876997597515583,0.45895400643348694,0.5431561470031738,-0.0101701645180583,0.49001848697662354,0.49331897497177124,-0.00763185927644372,0.5070784091949463,0.4956419765949249,-0.0021752072498202324,0.5171794295310974,0.5040413737297058,0.0018553264671936631,0.4702322483062744,0.5730937123298645,-0.017265474423766136,0.4933086931705475,0.5280937552452087,-0.013141336850821972,0.505665123462677,0.5214333534240723,-0.006336355581879616,0.5145048499107361,0.5221355557441711,-0.0007472166325896978
0.40114066004753113,0.6361467242240906,5.932908564432182e-08,0.41504931449890137,0.5843843817710876,0.014227403327822685,0.43320322036743164,0.5454339981079102,0.018240373581647873,0.45198312401771545,0.5313819646835327,0.018513360992074013,0.4663149118423462,0.5297002792358398,0.018369948491454124,0.44100362062454224,0.5205074548721313,0.009019781835377216,0.47712084650993347,0.4973674416542053,0.007439950481057167,0.49612364172935486,0.5034934282302856,0.007863438688218594,0.5082061290740967,0.5152994990348816,0.008661031723022461,0.45133793354034424,0.5319356322288513,-0.001154804602265358,0.48850110173225403,0.4930298328399658,-0.0035341368056833744,0.5085829496383667,0.49619942903518677,-0.003030249383300543,0.5205811262130737,0.5062114000320435,-0.001194800017401576,0.4618392586708069,0.554023265838623,-0.010280906222760677,0.4929935932159424,0.5088545083999634,-0.0117358872666955,0.5132899284362793,0.5056787133216858,-0.00961166899651289,0.5270325541496277,0.5075806379318237,-0.007254043594002724,0.47181764245033264,0.5869207382202148,-0.01836296357214451,0.4947199821472168,0.5429801940917969,-0.01749201864004135,0.5090540051460266,0.531652569770813,-0.013167640194296837,0.5205845832824707,0.5281920433044434,-0.00920178648084402
0.4018096327781677,0.6464493274688721,7.862418982540476e-08,0.4183553457260132,0.5929850935935974,0.01048029400408268,0.43926534056663513,0.5557978749275208,0.012545455247163773,0.45872819423675537,0.5410837531089783,0.011455981060862541,0.4750794470310211,0.5361512303352356,0.010432892479002476,0.44674578309059143,0.534875750541687,0.005218434613198042,0.4846748113632202,0.5059593319892883,0.0005771710420958698,0.5055229663848877,0.5098440051078796,-0.0012614369625225663,0.5193253755569458,0.5186169147491455,-0.0017990043852478266,0.45559966564178467,0.5496898293495178,-0.003996542654931545,0.49345195293426514,0.5083516836166382,-0.008659230545163155,0.5158990621566772,0.5091976523399353,-0.010095104575157166,0.5298433899879456,0.5176839828491211,-0.009718087501823902,0.46500006318092346,0.5736430883407593,-0.012577797286212444,0.49757760763168335,0.5248266458511353,-0.016065286472439766,0.5204076170921326,0.5166838765144348,-0.015371512621641159,0.5370050668716431,0.5150713920593262,-0.014040016569197178,0.47443610429763794,0.6076266169548035,-0.020485298708081245,0.4964163899421692,0.5616705417633057,-0.022504959255456924,0.5115435123443604,0.544478178024292,-0.02030973508954048,0.5248342156410217,0.5356202125549316,-0.017715418711304665
0.4014776349067688,0.6557146310806274,9.374323894917325e-08,0.41872990131378174,0.6042324900627136,0.010204837657511234,0.4405795931816101,0.5674173831939697,0.011676766909658909,0.4614158868789673,0.5513114929199219,0.010127301327884197,0.47790437936782837,0.5456946492195129,0.008427050895988941,0.4483000934123993,0.5483691692352295,0.0005840433877892792,0.48773282766342163,0.5146873593330383,-0.00565338646993041,0.5094692707061768,0.5198811888694763,-0.007657260168343782,0.5237793922424316,0.5317705273628235,-0.008154605515301228,0.4570159614086151,0.5638114809989929,-0.008925926871597767,0.4962957501411438,0.5176780819892883,-0.014980664476752281,0.5200287699699402,0.5185909271240234,-0.016569318249821663,0.5353094339370728,0.5275696516036987,-0.016359107568860054,0.46556276082992554,0.5889844298362732,-0.017547938972711563,0.49958550930023193,0.5370882749557495,-0.022287053987383842,0.5230595469474792,0.5284073352813721,-0.022059988230466843,0.5408185720443726,0.5270916819572449,-0.021142099052667618,0.4734570384025574,0.6232203841209412,-0.0254328902810812,0.4961172640323639,0.5765288472175598,-0.029216822236776352,0.5123730897903442,0.5593449473381042,-0.02822427824139595,0.5276290774345398,0.5514800548553467,-0.02642165869474411
0.40039780735969543,0.6631276607513428,1.1340879524368574e-07,0.41882026195526123,0.6125295758247375,0.008957520127296448,0.44336432218551636,0.5751127600669861,0.009810765273869038,0.4655389189720154,0.5599457025527954,0.0079984525218606,0.4830227196216583,0.5533269643783569,0.0061861202120780945,0.4508666694164276,0.5577927827835083,-0.0022341469302773476,0.49092862010002136,0.5226538777351379,-0.00933119561523199,0.5131367444992065,0.5271445512771606,-0.011383278295397758,0.5282317996025085,0.5390341877937317,-0.011569567024707794,0.45775675773620605,0.5736407041549683,-0.011289626359939575,0.4985126256942749,0.5278478264808655,-0.018197501078248024,0.5235360264778137,0.5272380113601685,-0.019427284598350525,0.5396801233291626,0.5363427996635437,-0.01864151656627655,0.4650588631629944,0.6000332236289978,-0.019481949508190155,0.49992749094963074,0.5481390953063965,-0.02456764318048954,0.5238957405090332,0.5395174026489258,-0.023746080696582794,0.5415708422660828,0.5401071906089783,-0.022142797708511353,0.47196778655052185,0.6346380710601807,-0.027043547481298447,0.4945754110813141,0.5862705707550049,-0.03047069162130356,0.5110176801681519,0.5693102478981018,-0.028733178973197937,0.5258997678756714,0.5642799139022827,-0.026281272992491722
0.39980682730674744,0.6689777374267578,1.0198495203894709e-07,0.4176979959011078,0.6197745203971863,0.008341044187545776,0.4415535032749176,0.5801863670349121,0.008867336437106133,0.46329739689826965,0.5610897541046143,0.006865121424198151,0.48112526535987854,0.5520755052566528,0.004833419807255268,0.45022687315940857,0.5617357492446899,-0.0022953615989536047,0.4895780682563782,0.5270280838012695,-0.00962920393794775,0.5119156837463379,0.5288362503051758,-0.012096287682652473,0.5275548696517944,0.5372425317764282,-0.012777814641594887,0.4567364454269409,0.5776731967926025,-0.011445518583059311,0.49758049845695496,0.5325683951377869,-0.01936226151883602,0.5219775438308716,0.5308377742767334,-0.021649597212672234,0.5381525754928589,0.5372760891914368,-0.021628068760037422,0.46351879835128784,0.6046701073646545,-0.019870899617671967,0.49939489364624023,0.5534351468086243,-0.02633330598473549,0.5245049595832825,0.5440091490745544,-0.02697404846549034,0.5435476303100586,0.5429936051368713,-0.02632063627243042,0.46992936730384827,0.6404855847358704,-0.027601804584264755,0.4939228892326355,0.592424750328064,-0.032546307891607285,0.5114825963973999,0.5763655304908752,-0.032238446176052094,0.5276756286621094,0.5716272592544556,-0.030824776738882065
0.3993348479270935,0.668750524520874,1.1436662106234508e-07,0.4187208414077759,0.6175490617752075,0.009528148919343948,0.4430724084377289,0.5792363286018372,0.01024643424898386,0.4655812680721283,0.5639304518699646,0.008188404142856598,0.4844091832637787,0.5591420531272888,0.0059121944941580296,0.44994550943374634,0.5619543790817261,-0.0014514632057398558,0.4895997643470764,0.5269456505775452,-0.008501124568283558,0.5121210217475891,0.5265584588050842,-0.010879825800657272,0.5283278226852417,0.5325316190719604,-0.011686764657497406,0.45630091428756714,0.5785701870918274,-0.011219309642910957,0.49760308861732483,0.5335948467254639,-0.018257487565279007,0.5222110748291016,0.5306810140609741,-0.02043037861585617,0.5391377210617065,0.5358331799507141,-0.020709741860628128,0.4627392888069153,0.6065388321876526,-0.020152505487203598,0.4994432330131531,0.5548391342163086,-0.02623833529651165,0.5244083404541016,0.5446679592132568,-0.026856085285544395,0.5438655018806458,0.5424299836158752,-0.026555854827165604,0.46883702278137207,0.6430229544639587,-0.028266021981835365,0.49239906668663025,0.5962313413619995,-0.03381200507283211,0.5097073912620544,0.5792430639266968,-0.033924441784620285,0.5263561010360718,0.5725374817848206,-0.032933156937360764
0.39883649349212646,0.6677421927452087,1.227351305033153e-07,0.41945603489875793,0.6132657527923584,0.009946885518729687,0.44338762760162354,0.5765030384063721,0.01061268337070942,0.46617943048477173,0.563443660736084,0.008490894921123981,0.4847450256347656,0.5610874891281128,0.006039264611899853,0.44838011264801025,0.5593240261077881,-0.0015644265804439783,0.48990121483802795,0.527397871017456,-0.00830153375864029,0.5124220848083496,0.5290197134017944,-0.01055876724421978,0.5284081101417542,0.5363492965698242,-0.011324726976454258,0.4558594226837158,0.5784274339675903,-0.011109494604170322,0.49795427918434143,0.5333764553070068,-0.017539987340569496,0.5221465826034546,0.5315990447998047,-0.01950751058757305,0.5387264490127563,0.5373087525367737,-0.019834790378808975,0.46291542053222656,0.6075037717819214,-0.01967363804578781,0.5003736615180969,0.5543626546859741,-0.025240711867809296,0.5251436233520508,0.5452873706817627,-0.025703424587845802,0.5443882346153259,0.5438292026519775,-0.025460485368967056,0.4690386652946472,0.6434084177017212,-0.027329077944159508,0.49229544401168823,0.5960249900817871,-0.032828137278556824,0.5094256401062012,0.5796131491661072,-0.033001724630594254,0.526177704334259,0.5731037259101868,-0.032077085226774216
0.3990832567214966,0.668172299861908,1.2071639332589257e-07,0.42009368538856506,0.6169384121894836,0.010226783342659473,0.44403114914894104,0.5786123871803284,0.011295893229544163,0.46702367067337036,0.5645263195037842,0.009458936750888824,0.48458558320999146,0.5612807273864746,0.007326920051127672,0.4488225281238556,0.5588573217391968,-0.0001480844075558707,0.49022677540779114,0.5302372574806213,-0.00619661808013916,0.512891411781311,0.5328373908996582,-0.008249613456428051,0.5290303230285645,0.5395151376724243,-0.009114859625697136,0.4556707739830017,0.5766080021858215,-0.00986378826200962,0.49797409772872925,0.5340701937675476,-0.016118647530674934,0.5221111178398132,0.5331366658210754,-0.018136953935027122,0.5383491516113281,0.538784921169281,-0.018484944477677345,0.4625806212425232,0.6053553819656372,-0.018633749336004257,0.4997090697288513,0.5544995069503784,-0.024096356704831123,0.5248274207115173,0.5460235476493835,-0.02468705363571644,0.5440953969955444,0.544405460357666,-0.024504508823156357,0.4690095782279968,0.6414879560470581,-0.026494625955820084,0.4929471015930176,0.5941449403762817,-0.031586118042469025,0.5101327300071716,0.5779358148574829,-0.03169085085391998,0.5268081426620483,0.5719094276428223,-0.03083154745399952
0.40018969774246216,0.6730712056159973,1.3468678616845864e-07,0.42315706610679626,0.631689190864563,0.00850983988493681,0.4483291506767273,0.59135502576828,0.010108805261552334,0.4719299077987671,0.5760231614112854,0.00919914711266756,0.489896684885025,0.573567807674408,0.008465160615742207,0.450215220451355,0.560610830783844,0.0011878975201398134,0.49244454503059387,0.5381641983985901,-0.0034368857741355896,0.5142108201980591,0.5438768267631531,-0.004893559962511063,0.5295459032058716,0.5510267615318298,-0.005768485367298126,0.45535343885421753,0.573466956615448,-0.007416622247546911,0.4993857443332672,0.5376348495483398,-0.013063406571745872,0.5234467387199402,0.5410087704658508,-0.015007823705673218,0.539208710193634,0.5491282343864441,-0.015239087864756584,0.46166229248046875,0.59992915391922,-0.015360021963715553,0.5001795887947083,0.5569221377372742,-0.020181279629468918,0.5245591402053833,0.5515127182006836,-0.021041708067059517,0.5427459478378296,0.5505484938621521,-0.021170467138290405,0.46861469745635986,0.6353915333747864,-0.022603198885917664,0.4936751425266266,0.594476580619812,-0.026941070333123207,0.5107713937759399,0.579436719417572,-0.027321524918079376,0.5270706415176392,0.5733541250228882,-0.026918498799204826
0.4015704393386841,0.6768065690994263,1.448109401280817e-07,0.4251374304294586,0.6379596590995789,0.007214424200356007,0.45070669054985046,0.5990815758705139,0.008648567833006382,0.47416386008262634,0.5839870572090149,0.00829295627772808,0.49281755089759827,0.5802474617958069,0.008458136580884457,0.4526481330394745,0.563887357711792,-4.2548985220491886e-05,0.4949970543384552,0.5426548719406128,-0.0034827576018869877,0.5153513550758362,0.5511398315429688,-0.004077141173183918,0.5293514132499695,0.5599092245101929,-0.004315784201025963,0.4576469659805298,0.5745713710784912,-0.006926610134541988,0.5022856593132019,0.5388799905776978,-0.012087893672287464,0.5258187055587769,0.5434741377830505,-0.013399496674537659,0.5411521196365356,0.5525528192520142,-0.012934320606291294,0.4635806083679199,0.599216878414154,-0.01295385230332613,0.5020867586135864,0.5582252740859985,-0.01704997569322586,0.5258104205131531,0.5539323687553406,-0.017088592052459717,0.5428957343101501,0.5538525581359863,-0.016464242711663246,0.4702480137348175,0.6339466571807861,-0.01827431097626686,0.4960234761238098,0.5955982208251953,-0.0209517739713192,0.5125065445899963,0.5802366733551025,-0.019978903234004974,0.5277647972106934,0.5727126002311707,-0.018563872203230858
0.39881956577301025,0.68167644739151,1.4337354059534846e-07,0.42205676436424255,0.6387534141540527,0.009040248580276966,0.446469247341156,0.5985042452812195,0.010754197835922241,0.46898287534713745,0.5842299461364746,0.010144715197384357,0.48639991879463196,0.582239031791687,0.009694921784102917,0.45119228959083557,0.5667232275009155,0.0008028631564229727,0.49297213554382324,0.5467419624328613,-0.003274783492088318,0.5139613151550293,0.5552428364753723,-0.004358373116701841,0.5285962224006653,0.565706729888916,-0.004764375742524862,0.4570356011390686,0.5773449540138245,-0.0075082117691636086,0.5013564229011536,0.540743887424469,-0.013345208950340748,0.5263208150863647,0.5437960028648376,-0.014641215093433857,0.5425646901130676,0.5526568293571472,-0.01390645932406187,0.4635911285877228,0.6015580892562866,-0.014909730292856693,0.5012996196746826,0.5589806437492371,-0.01924404315650463,0.5256916880607605,0.5542619824409485,-0.018893392756581306,0.5433334708213806,0.5546700358390808,-0.01766902767121792,0.4703434109687805,0.636763870716095,-0.021552475169301033,0.4963228404521942,0.5944355726242065,-0.023716842755675316,0.5129996538162231,0.5801193714141846,-0.021806221455335617,0.5280438661575317,0.5749543309211731,-0.019532635807991028
0.39963769912719727,0.683615505695343,1.7840308430550067e-07,0.42955711483955383,0.6657899022102356,0.0015937478747218847,0.4572400152683258,0.624198317527771,0.0023875723127275705,0.47926756739616394,0.5954590439796448,0.002789886435493827,0.4978818893432617,0.5835835337638855,0.004231696017086506,0.4563635289669037,0.5711443424224854,-0.002517332788556814,0.49732136726379395,0.550825297832489,-0.005603612866252661,0.5179339647293091,0.5604365468025208,-0.006875098682940006,0.5320907831192017,0.5707030296325684,-0.007621509954333305,0.4568794071674347,0.5703625082969666,-0.0054383291862905025,0.5024254322052002,0.5413554310798645,-0.009293117560446262,0.5273686647415161,0.5474691390991211,-0.010648109018802643,0.5444201231002808,0.5576503276824951,-0.010602124966681004,0.459921658039093,0.5859194397926331,-0.007967725396156311,0.5008348226547241,0.5541085004806519,-0.010623257607221603,0.5254809260368347,0.5541715621948242,-0.01092812605202198,0.5428228378295898,0.5575720071792603,-0.01088869571685791,0.4648955762386322,0.6129489541053772,-0.010371959768235683,0.49385854601860046,0.5842514634132385,-0.011496900580823421,0.5118414163589478,0.574929416179657,-0.010491274297237396,0.5272216796875,0.5723533630371094,-0.009290127083659172
0.3978615701198578,0.683581531047821,1.1707705738217555e-07,0.42150017619132996,0.6380837559700012,0.011468205600976944,0.4457457959651947,0.5977298617362976,0.014439880847930908,0.468820720911026,0.5809602737426758,0.014432260766625404,0.48703551292419434,0.5781214833259583,0.014496132731437683,0.4508688747882843,0.5654991865158081,0.005090078338980675,0.49291419982910156,0.5448687672615051,0.0019911236595362425,0.5141265988349915,0.5529619455337524,0.0008400343358516693,0.5289567708969116,0.5635944604873657,0.00012285204138606787,0.4575594961643219,0.5773908495903015,-0.0044457390904426575,0.5018291473388672,0.5413880944252014,-0.008480239659547806,0.5265859961509705,0.5450724959373474,-0.00958169624209404,0.5429608225822449,0.5542098879814148,-0.009197923354804516,0.46479660272598267,0.6025662422180176,-0.013048909604549408,0.5026518106460571,0.5593733787536621,-0.01630851812660694,0.5267133712768555,0.5561654567718506,-0.015352113172411919,0.5444402694702148,0.5569003820419312,-0.014109409414231777,0.4722152650356293,0.6386489868164062,-0.020786946639418602,0.4982706904411316,0.5958071947097778,-0.022163165733218193,0.5143443942070007,0.5819073915481567,-0.019491787999868393,0.5288259983062744,0.5758053660392761,-0.016897860914468765
0.3983043432235718,0.6849477291107178,1.0204621503362432e-07,0.4208099842071533,0.6358320116996765,0.014581114985048771,0.44336995482444763,0.5939698815345764,0.018059710040688515,0.46446728706359863,0.5773635506629944,0.017414025962352753,0.4799124300479889,0.5747736692428589,0.01613209769129753,0.4478300213813782,0.5626176595687866,0.006733199581503868,0.49033123254776,0.539845883846283,0.0024238426703959703,0.5125871300697327,0.5474324822425842,0.0005219382583163679,0.5286351442337036,0.5587409138679504,-0.000900988990906626,0.4559226632118225,0.5758069753646851,-0.0054863193072378635,0.5003651976585388,0.5376811027526855,-0.010202636942267418,0.5258306264877319,0.5420083403587341,-0.012101175263524055,0.5434617400169373,0.551551878452301,-0.012574137188494205,0.4642202854156494,0.6015564203262329,-0.01672975905239582,0.5018569231033325,0.5539808869361877,-0.020855307579040527,0.5272247791290283,0.5518591403961182,-0.02099761553108692,0.5464473962783813,0.5537702441215515,-0.02084163762629032,0.472495973110199,0.6362231373786926,-0.026900431141257286,0.49656426906585693,0.5901418328285217,-0.03051725961267948,0.5134773254394531,0.5761244893074036,-0.02981708012521267,0.5297897458076477,0.5701426863670349,-0.028763730078935623
0.3972972631454468,0.6863828897476196,1.1323620441316962e-07,0.4214365780353546,0.6379138827323914,0.01487117912620306,0.4453204274177551,0.5996826887130737,0.01816731132566929,0.4669477343559265,0.5878500938415527,0.017343632876873016,0.4833183288574219,0.5863447189331055,0.016042405739426613,0.4486227035522461,0.5648572444915771,0.00699364859610796,0.4902059733867645,0.5415156483650208,0.0030625939834862947,0.5126645565032959,0.5474757552146912,0.0013945667305961251,0.5291280746459961,0.5567430853843689,0.000233881946769543,0.4555791914463043,0.5756799578666687,-0.005344413686543703,0.49955427646636963,0.5382585525512695,-0.009483171626925468,0.5256776809692383,0.5413195490837097,-0.010827559046447277,0.5435540080070496,0.5498831868171692,-0.010977395810186863,0.46340468525886536,0.599842369556427,-0.016676103696227074,0.5013473629951477,0.5537354350090027,-0.019951827824115753,0.5269495844841003,0.5513086318969727,-0.01944032311439514,0.5458836555480957,0.5532776713371277,-0.018868520855903625,0.4716283977031708,0.634611964225769,-0.026976870372891426,0.4963172972202301,0.5886544585227966,-0.02921641245484352,0.5132285952568054,0.5752666592597961,-0.02730751410126686,0.5285279154777527,0.5709962844848633,-0.02543691173195839
0.39743945002555847,0.6922406554222107,1.4528013991821354e-07,0.4238402247428894,0.6597601771354675,0.00854487530887127,0.44874489307403564,0.6190398335456848,0.01053315494209528,0.4692443609237671,0.5996265411376953,0.010028552263975143,0.48474377393722534,0.5921503305435181,0.009766546078026295,0.45005786418914795,0.571139395236969,0.0018826023442670703,0.4913488030433655,0.5489413142204285,-0.0025981341022998095,0.5141341090202332,0.5546035766601562,-0.0048183780163526535,0.5308594107627869,0.5615766048431396,-0.00637492211535573,0.45392754673957825,0.5765037536621094,-0.006716498173773289,0.49898985028266907,0.5425260663032532,-0.011785754933953285,0.5260668992996216,0.5455182790756226,-0.013638926669955254,0.5446923971176147,0.5529137849807739,-0.014170411042869091,0.4599080979824066,0.5969458222389221,-0.014753502793610096,0.49935564398765564,0.5568175911903381,-0.019106276333332062,0.5258225202560425,0.5545244812965393,-0.019873471930623055,0.5449618101119995,0.556779682636261,-0.02007245644927025,0.4678271412849426,0.6295264363288879,-0.022203432396054268,0.4942057728767395,0.5896425843238831,-0.025121087208390236,0.5123311281204224,0.5778967142105103,-0.024418829008936882,0.5279740691184998,0.5751023292541504,-0.023508505895733833
0.39623671770095825,0.697390079498291,1.387729469115584e-07,0.42277541756629944,0.6555398106575012,0.011617208831012249,0.44845297932624817,0.6162662506103516,0.014227805659174919,0.4704681932926178,0.6006908416748047,0.01334843598306179,0.4892266094684601,0.5961185693740845,0.012335589155554771,0.4495839476585388,0.5780550241470337,0.004771553911268711,0.4907187819480896,0.5515392422676086,-9.885888721328229e-05,0.5148605704307556,0.5533451437950134,-0.002509826561436057,0.5331602692604065,0.558218777179718,-0.004144442267715931,0.4545286297798157,0.5871633887290955,-0.006021148059517145,0.4983385503292084,0.5489253997802734,-0.01134226843714714,0.525610089302063,0.5508536696434021,-0.013712958432734013,0.5442980527877808,0.5585028529167175,-0.014604704454541206,0.4610785245895386,0.610196590423584,-0.016092995181679726,0.49808332324028015,0.5643936991691589,-0.02087126113474369,0.5246064066886902,0.5614095330238342,-0.021532567217946053,0.5439947247505188,0.5633652210235596,-0.021607685834169388,0.46911850571632385,0.6438682079315186,-0.025364752858877182,0.49306395649909973,0.598923921585083,-0.02859165519475937,0.5102916359901428,0.5851563215255737,-0.027581633999943733,0.5254715085029602,0.5809088349342346,-0.02641087956726551
0.39742326736450195,0.7032660245895386,1.2007595273644256e-07,0.41966211795806885,0.6502653956413269,0.014116291888058186,0.442849338054657,0.6114803552627563,0.017034020274877548,0.462597131729126,0.5978854894638062,0.015991564840078354,0.47918936610221863,0.5940524339675903,0.014489072374999523,0.4484131932258606,0.5852168798446655,0.00554686551913619,0.4882976710796356,0.5561352372169495,0.00022695442021358758,0.5112831592559814,0.5586770176887512,-0.0018120218301191926,0.5285214781761169,0.5661329627037048,-0.002685945015400648,0.4551413357257843,0.5964529514312744,-0.006308005657047033,0.4974583387374878,0.5539183616638184,-0.01205392461270094,0.5242753624916077,0.553119957447052,-0.013504202477633953,0.54316246509552,0.5600699782371521,-0.013272215612232685,0.4623762369155884,0.6196634769439697,-0.0172506645321846,0.4993803799152374,0.5693154335021973,-0.02195669896900654,0.5256609320640564,0.5643137097358704,-0.021550685167312622,0.5457331538200378,0.5658714771270752,-0.02044709399342537,0.4696536362171173,0.6533951163291931,-0.02717168815433979,0.4941587746143341,0.6050254702568054,-0.03009744919836521,0.5114311575889587,0.5905628204345703,-0.02810530550777912,0.5270729064941406,0.5861331820487976,-0.025808418169617653
0.39810317754745483,0.7081461548805237,1.3251244013190444e-07,0.4187624752521515,0.656927227973938,0.012211538851261139,0.4432000517845154,0.6130510568618774,0.01464139111340046,0.4642646014690399,0.5933119058609009,0.01309982594102621,0.482162743806839,0.585748016834259,0.011340927332639694,0.44620320200920105,0.5823069214820862,0.008785339072346687,0.4844392240047455,0.5538266897201538,0.003087132005020976,0.5091229677200317,0.5533369779586792,-0.00011693203850882128,0.5273771286010742,0.5575167536735535,-0.0016916781896725297,0.45257309079170227,0.592927098274231,-0.002555990591645241,0.49339723587036133,0.5563326478004456,-0.008016366511583328,0.5199053883552551,0.5545517802238464,-0.010806120000779629,0.5393539667129517,0.557805597782135,-0.011717882007360458,0.46017470955848694,0.6153687834739685,-0.013585620559751987,0.4957125186920166,0.5708440542221069,-0.017852604389190674,0.5218384861946106,0.5634423494338989,-0.017985597252845764,0.5420101284980774,0.5621631145477295,-0.017542731016874313,0.4689374268054962,0.6482852697372437,-0.023947691544890404,0.4926719069480896,0.6009199023246765,-0.026066822931170464,0.5100880265235901,0.5853083729743958,-0.023962488397955894,0.5258579850196838,0.5795047879219055,-0.02189807780086994
0.39981499314308167,0.7105048894882202,1.5270047981630341e-07,0.4226073622703552,0.675275981426239,0.009656037203967571,0.44786813855171204,0.629852294921875,0.012796645052731037,0.46969062089920044,0.6059644222259521,0.01278632041066885,0.4871959984302521,0.5924496650695801,0.012871626764535904,0.4464176297187805,0.582427978515625,0.007000015117228031,0.48392951488494873,0.5495070815086365,0.0019952887669205666,0.5089401602745056,0.5476113557815552,-0.0007282888400368392,0.5278656482696533,0.5501267313957214,-0.002248521661385894,0.45075902342796326,0.5892074108123779,-0.002379520796239376,0.4911297559738159,0.5524243116378784,-0.007306552957743406,0.5189113020896912,0.5511379241943359,-0.010252786800265312,0.539905846118927,0.5543152093887329,-0.011634412221610546,0.4575577974319458,0.6093741655349731,-0.011591590940952301,0.49265971779823303,0.5664973855018616,-0.01648177206516266,0.5198948383331299,0.5614839196205139,-0.018347371369600296,0.5407173037528992,0.5617184042930603,-0.01919063925743103,0.46690213680267334,0.6384114027023315,-0.020212814211845398,0.4900093376636505,0.5941110253334045,-0.023728612810373306,0.5071516036987305,0.581375002861023,-0.02359309047460556,0.5227177143096924,0.5780459642410278,-0.02302260510623455
0.40204960107803345,0.7076221108436584,1.1609709105186994e-07,0.4214926064014435,0.6677756309509277,0.010366115719079971,0.44465380907058716,0.624088704586029,0.012619073502719402,0.4665096700191498,0.6018476486206055,0.011634718626737595,0.4843883812427521,0.5906538963317871,0.010794197209179401,0.445031076669693,0.5776091814041138,0.005214388947933912,0.4828735291957855,0.5432467460632324,-0.0010404667118564248,0.5056676268577576,0.5509786605834961,-0.004287039395421743,0.5209558010101318,0.5617409348487854,-0.0057808528654277325,0.45064857602119446,0.5860006213188171,-0.00476271566003561,0.4922403395175934,0.5473366379737854,-0.01053531188517809,0.5190456509590149,0.5513401031494141,-0.013549774885177612,0.5370335578918457,0.560425877571106,-0.014852052554488182,0.4575868844985962,0.6068404912948608,-0.01443838607519865,0.4938688278198242,0.5642493367195129,-0.01929636299610138,0.5211888551712036,0.5623002052307129,-0.020812803879380226,0.5407074689865112,0.5659377574920654,-0.02143068239092827,0.4667091965675354,0.6370347142219543,-0.023421982303261757,0.49063485860824585,0.5937113761901855,-0.026416704058647156,0.507876455783844,0.580402135848999,-0.025848854333162308,0.5226267576217651,0.5767456293106079,-0.024980850517749786
0.40300482511520386,0.7056930661201477,1.0608941636292002e-07,0.4242865741252899,0.6638578176498413,0.013218536041676998,0.44768136739730835,0.6207557916641235,0.01596684940159321,0.4699849784374237,0.6004304885864258,0.014512358233332634,0.4882943034172058,0.5904503464698792,0.012892279773950577,0.44671693444252014,0.5731571912765503,0.008030321449041367,0.48573899269104004,0.5411697626113892,0.0022950780112296343,0.5093960165977478,0.5500076413154602,-0.0006780683761462569,0.5253250002861023,0.562453031539917,-0.0020875318441540003,0.45181235671043396,0.5822374224662781,-0.00398149574175477,0.494157075881958,0.547114908695221,-0.01012138556689024,0.520915687084198,0.5565686821937561,-0.013201188296079636,0.5374499559402466,0.5713898539543152,-0.014137329533696175,0.45874929428100586,0.6037220358848572,-0.01546489167958498,0.4953325390815735,0.5612507462501526,-0.020307868719100952,0.5225319266319275,0.5634814500808716,-0.02098296396434307,0.5407702922821045,0.571405291557312,-0.020766498520970345,0.4682527780532837,0.6339095830917358,-0.0261157788336277,0.49225378036499023,0.588986337184906,-0.02918420173227787,0.5099421739578247,0.5768730044364929,-0.028046445921063423,0.5245749950408936,0.5753340721130371,-0.026508495211601257
0.402019202709198,0.7038691639900208,7.343789576452764e-08,0.4241492450237274,0.6507735848426819,0.018744859844446182,0.44670596718788147,0.6101112961769104,0.02225640043616295,0.46886947751045227,0.5955343842506409,0.01974092237651348,0.4875245988368988,0.5899527072906494,0.016393274068832397,0.4459255337715149,0.5719666481018066,0.012614693492650986,0.4861828684806824,0.5410719513893127,0.00748079176992178,0.5088973045349121,0.5545644760131836,0.005050919484347105,0.5238674283027649,0.5716171860694885,0.004099601414054632,0.4510023295879364,0.5817786455154419,-0.0029232825618237257,0.49333199858665466,0.5445218682289124,-0.008310782723128796,0.5177439451217651,0.5599087476730347,-0.010989545844495296,0.5316827297210693,0.5809911489486694,-0.011452747508883476,0.4586452543735504,0.6041946411132812,-0.017566082999110222,0.49562469124794006,0.5575582385063171,-0.02115938626229763,0.5216701626777649,0.5669761896133423,-0.020694687962532043,0.5381066203117371,0.5821768641471863,-0.01973377726972103,0.46894773840904236,0.635955810546875,-0.03109014593064785,0.4945913851261139,0.5880782008171082,-0.033388927578926086,0.5136383771896362,0.5782002806663513,-0.031543340533971786,0.5290814638137817,0.5789445638656616,-0.029514199122786522
0.40385672450065613,0.7043436765670776,7.047022876349729e-08,0.4252755641937256,0.6495954990386963,0.019801519811153412,0.4476450979709625,0.609804630279541,0.023630300536751747,0.4686318337917328,0.5964623093605042,0.021319903433322906,0.4868853986263275,0.5912545323371887,0.018332568928599358,0.44669800996780396,0.5732558369636536,0.013332290574908257,0.486304372549057,0.5418893694877625,0.008732863701879978,0.5092499256134033,0.5561398267745972,0.006872742902487516,0.5240962505340576,0.5752058029174805,0.006567822769284248,0.45185670256614685,0.5819524526596069,-0.002072517527267337,0.49218612909317017,0.543651819229126,-0.006158110219985247,0.5166394114494324,0.5590306520462036,-0.00731723103672266,0.5301363468170166,0.5807486176490784,-0.006820327136665583,0.4592755436897278,0.6030130982398987,-0.016488220542669296,0.4946080148220062,0.556014358997345,-0.018735798075795174,0.5195947289466858,0.5668628811836243,-0.016673041507601738,0.5348337292671204,0.5843492746353149,-0.014684182591736317,0.4695341885089874,0.6334586143493652,-0.029747502878308296,0.4947894811630249,0.5874666571617126,-0.030323801562190056,0.5127339363098145,0.5801692008972168,-0.026799125596880913,0.5260947942733765,0.5838809013366699,-0.023553967475891113
0.405281662940979,0.7047021389007568,6.005147668020072e-08,0.42397114634513855,0.6473535895347595,0.021331077441573143,0.4448080360889435,0.6069188714027405,0.025478100404143333,0.4641861617565155,0.592303454875946,0.023085780441761017,0.48183491826057434,0.5851548314094543,0.019919870421290398,0.44530850648880005,0.5777870416641235,0.012774522416293621,0.4836476445198059,0.5382305383682251,0.007643363904207945,0.5058479309082031,0.552703857421875,0.006298566237092018,0.5188224911689758,0.5755785703659058,0.007076086010783911,0.45135435461997986,0.585877537727356,-0.003223379608243704,0.4917027950286865,0.5399425625801086,-0.007775235455483198,0.5162889957427979,0.5540605783462524,-0.007913891226053238,0.5279145836830139,0.5789636969566345,-0.005952589679509401,0.459073007106781,0.6062087416648865,-0.018042635172605515,0.4937603175640106,0.5538349151611328,-0.02006498910486698,0.5180924534797668,0.5658091306686401,-0.016863802447915077,0.5317061543464661,0.5868604183197021,-0.013581100851297379,0.4686615467071533,0.6356233954429626,-0.031622447073459625,0.4928113520145416,0.5865573287010193,-0.032186128199100494,0.5100803971290588,0.5807836651802063,-0.028223088011145592,0.5223707556724548,0.5886679887771606,-0.024068403989076614
0.4060906767845154,0.7059881687164307,3.514669089099698e-08,0.42512011528015137,0.6514142155647278,0.021998414769768715,0.4457555413246155,0.6097856163978577,0.026558537036180496,0.46387016773223877,0.5942663550376892,0.024709776043891907,0.48137974739074707,0.5839598178863525,0.022222915664315224,0.4463435113430023,0.5797141790390015,0.010666503570973873,0.4858068823814392,0.5389062166213989,0.00397700909525156,0.5080170631408691,0.5558494925498962,0.0020667375065386295,0.5197262763977051,0.5818824172019958,0.00287158926948905,0.45136240124702454,0.5873170495033264,-0.005522148683667183,0.4936392307281494,0.5365502834320068,-0.012304854579269886,0.5185941457748413,0.5543225407600403,-0.012662213295698166,0.5284832715988159,0.5833870768547058,-0.01018431130796671,0.4582521915435791,0.6076343059539795,-0.020410003140568733,0.49466750025749207,0.5495573878288269,-0.024954648688435555,0.5188204646110535,0.564409613609314,-0.022154677659273148,0.53078293800354,0.5877530574798584,-0.01842089183628559,0.4674209952354431,0.6375439167022705,-0.03374578058719635,0.49185818433761597,0.5880971550941467,-0.03694753348827362,0.5087425708770752,0.5835916996002197,-0.0341884084045887,0.5195240378379822,0.5930120944976807,-0.030408106744289398
0.4040069580078125,0.708033561706543,9.138241807704617e-08,0.4249766767024994,0.6648391485214233,0.005867830477654934,0.4510740637779236,0.6205630898475647,0.006235103588551283,0.47172194719314575,0.5976328253746033,0.004741329699754715,0.4904899001121521,0.5816966891288757,0.004250615369528532,0.4485742449760437,0.5863232016563416,-0.004233567975461483,0.4894338846206665,0.5374503135681152,-0.012162904255092144,0.5112007260322571,0.5560386776924133,-0.014713356271386147,0.5220566391944885,0.5825755000114441,-0.013807548210024834,0.45183858275413513,0.5930560827255249,-0.01015547662973404,0.49342408776283264,0.5348215103149414,-0.017217323184013367,0.5185567736625671,0.5510411262512207,-0.018972977995872498,0.5294686555862427,0.5801072120666504,-0.017777079716324806,0.4580092430114746,0.6131548285484314,-0.015409216284751892,0.492017537355423,0.5536969900131226,-0.01963457092642784,0.5153399705886841,0.5669339299201965,-0.019819878041744232,0.5271524786949158,0.5907131433486938,-0.018520379438996315,0.46579647064208984,0.6400527954101562,-0.02019568532705307,0.48686227202415466,0.5909193754196167,-0.022879211232066154,0.5023313760757446,0.5891622304916382,-0.021927867084741592,0.5117483139038086,0.6025964021682739,-0.01975957117974758
0.40289050340652466,0.7087734937667847,1.519883312539605e-07,0.43085378408432007,0.6774774193763733,-0.009317786432802677,0.45786845684051514,0.6287953853607178,-0.01035663578659296,0.4754657745361328,0.593733012676239,-0.00907250214368105,0.4906449317932129,0.5729475617408752,-0.005379280541092157,0.45035403966903687,0.5842544436454773,-0.010159401223063469,0.49199897050857544,0.5335438847541809,-0.015984563156962395,0.5147431492805481,0.5519722104072571,-0.01822769269347191,0.5246556997299194,0.5784718990325928,-0.01736092008650303,0.4519045948982239,0.5911605358123779,-0.004657729063183069,0.49433812499046326,0.5480303168296814,-0.007462559267878532,0.5176219344139099,0.5669406652450562,-0.009394511580467224,0.5287160873413086,0.5933866500854492,-0.009769925847649574,0.45658570528030396,0.6106871366500854,0.00029993915813975036,0.48940375447273254,0.5701148509979248,0.00012164920917712152,0.5109975934028625,0.582073986530304,-0.002463465789332986,0.522654116153717,0.6038019061088562,-0.004366310313344002,0.4631043076515198,0.6355758309364319,0.004412551410496235,0.48320272564888,0.6024766564369202,0.004077159333974123,0.4961203634738922,0.6055383682250977,0.00314137595705688,0.5030087828636169,0.6199358701705933,0.00316991051658988
0.4019988477230072,0.70420902967453,1.2866908605246863e-07,0.42576441168785095,0.6681497097015381,-0.0020661787129938602,0.4534358084201813,0.6182307004928589,-0.0021443176083266735,0.47466352581977844,0.5865926146507263,-0.002196001587435603,0.49348655343055725,0.5653968453407288,-0.00047527934657409787,0.4493604898452759,0.5791926980018616,-0.004709194879978895,0.4919533133506775,0.5298289656639099,-0.012042959220707417,0.5145966410636902,0.5473660826683044,-0.015572515316307545,0.5253075361251831,0.5727804899215698,-0.015583448112010956,0.4520677924156189,0.5859840512275696,-0.004970457870513201,0.4963356852531433,0.5405427813529968,-0.01015090849250555,0.5197733044624329,0.5599960088729858,-0.013163664378225803,0.5303950309753418,0.5872060060501099,-0.013665354810655117,0.45754995942115784,0.6054251194000244,-0.005472647026181221,0.492736279964447,0.5598016977310181,-0.00800967775285244,0.5145800113677979,0.5732238292694092,-0.010195254348218441,0.5262315273284912,0.5953884124755859,-0.011117965914309025,0.4653073847293854,0.6303615570068359,-0.006223720032721758,0.48697954416275024,0.5888193249702454,-0.007514624856412411,0.5012080669403076,0.5888020396232605,-0.0075115906074643135,0.5098471641540527,0.6018528938293457,-0.006613708566874266
0.40060460567474365,0.7010126709938049,8.800120809837608e-08,0.4212139844894409,0.6469672918319702,0.014740404672920704,0.44546544551849365,0.6034635901451111,0.017808789387345314,0.4661976397037506,0.5870566964149475,0.0164351686835289,0.48464760184288025,0.5756140947341919,0.015264838933944702,0.4458860456943512,0.574203610420227,0.006577648222446442,0.4879359006881714,0.5285965800285339,0.00035036265035159886,0.5100131630897522,0.5460146069526672,-0.0021068742498755455,0.522432804107666,0.5720027089118958,-0.001785422209650278,0.45071476697921753,0.5812346935272217,-0.004600617103278637,0.49427902698516846,0.5276469588279724,-0.009630924090743065,0.519057035446167,0.5440104603767395,-0.011044624261558056,0.5311647057533264,0.5713863372802734,-0.010273645631968975,0.4579492509365082,0.601186990737915,-0.014851375482976437,0.4948567748069763,0.5460024476051331,-0.01685819961130619,0.5179334878921509,0.5617526173591614,-0.015853464603424072,0.5303675532341003,0.5864421129226685,-0.014516567811369896,0.4670395851135254,0.6298788785934448,-0.024250201880931854,0.49031373858451843,0.5815873146057129,-0.024802127853035927,0.5055233240127563,0.5813283920288086,-0.0221962071955204,0.5153397917747498,0.5951924324035645,-0.01934756338596344
0.4031154215335846,0.7030931711196899,2.2354013751169077e-08,0.42197462916374207,0.6475567817687988,0.019819512963294983,0.4443943202495575,0.6014772057533264,0.023931894451379776,0.4633985161781311,0.5826719403266907,0.02231859229505062,0.48234689235687256,0.5720648169517517,0.020442774519324303,0.4460103511810303,0.5715377926826477,0.0080594252794981,0.4872279465198517,0.5264289379119873,0.0009729932644404471,0.5087719559669495,0.54814213514328,-0.0011349570704624057,0.5190753936767578,0.577149510383606,-0.00022078973415773362,0.45051801204681396,0.5786986947059631,-0.006630445830523968,0.49518346786499023,0.5271214246749878,-0.013635979034006596,0.5201312899589539,0.5490334033966064,-0.014306330122053623,0.5285875797271729,0.5813522934913635,-0.012029735371470451,0.45701608061790466,0.5990645885467529,-0.02003493718802929,0.4957647919654846,0.5430395603179932,-0.024122251197695732,0.5196405053138733,0.5606437921524048,-0.021981077268719673,0.5303727388381958,0.5866758823394775,-0.018802383914589882,0.46559154987335205,0.6283596754074097,-0.03201879560947418,0.49110203981399536,0.5787480473518372,-0.03406895697116852,0.5073177814483643,0.5783646106719971,-0.030812053009867668,0.5162273049354553,0.5934396386146545,-0.026802469044923782
0.39820125699043274,0.7013580799102783,4.1235987957577436e-09,0.4179450273513794,0.641108512878418,0.021760568022727966,0.440135657787323,0.5985682606697083,0.02663498744368553,0.4596698582172394,0.5861299633979797,0.025339974090456963,0.47793570160865784,0.5813660025596619,0.023380504921078682,0.4452059864997864,0.5669287443161011,0.011278215795755386,0.4831654727458954,0.5235371589660645,0.00586734339594841,0.5041105151176453,0.5416983962059021,0.004765479359775782,0.5152676701545715,0.5677903890609741,0.006070347037166357,0.4515003561973572,0.578184962272644,-0.00430760532617569,0.4934486150741577,0.5318764448165894,-0.00882112979888916,0.5164903998374939,0.5509929060935974,-0.007996482774615288,0.5253859162330627,0.5789329409599304,-0.004804813768714666,0.45880579948425293,0.6026558876037598,-0.01849198527634144,0.4950645864009857,0.5496001839637756,-0.02110425941646099,0.5172891020774841,0.5627694725990295,-0.016707388684153557,0.5285472273826599,0.5843925476074219,-0.011854271404445171,0.4671995937824249,0.6368400454521179,-0.03117980994284153,0.49179351329803467,0.5899110436439514,-0.032043907791376114,0.5082348585128784,0.584804117679596,-0.02691572532057762,0.5190014243125916,0.5926256775856018,-0.021236686035990715
0.39924561977386475,0.7075227499008179,2.471497229095121e-09,0.41757795214653015,0.6499266028404236,0.025744633749127388,0.4406878650188446,0.6075534820556641,0.03273259848356247,0.4603801369667053,0.5933604836463928,0.033201102167367935,0.47854194045066833,0.5879685282707214,0.033016402274370193,0.44393521547317505,0.570351243019104,0.016221826896071434,0.48241040110588074,0.5244854092597961,0.016234979033470154,0.5019006729125977,0.5387465953826904,0.019508138298988342,0.5132556557655334,0.5620012879371643,0.023090306669473648,0.4502590298652649,0.5785541534423828,0.00011710647231666371,0.49401262402534485,0.5356202125549316,0.0006636478938162327,0.5156216621398926,0.5557591915130615,0.0049051558598876,0.5260810256004333,0.5826877951622009,0.00953533686697483,0.4578314423561096,0.6014561653137207,-0.01420283131301403,0.49588459730148315,0.5551624298095703,-0.012842142023146152,0.5160973072052002,0.573969841003418,-0.006678924895823002,0.5268767476081848,0.5987243056297302,-0.0018954877741634846,0.4668442904949188,0.6331251859664917,-0.02670847624540329,0.4897831082344055,0.5874367356300354,-0.024654243141412735,0.502508282661438,0.5878880023956299,-0.018619410693645477,0.5110505223274231,0.5998984575271606,-0.013154888525605202
0.3975965678691864,0.70850670337677,-8.369051007761641e-10,0.41542574763298035,0.6517875790596008,0.022843599319458008,0.43898123502731323,0.6094886660575867,0.02944951318204403,0.4584178328514099,0.5968979597091675,0.030114712193608284,0.4752241373062134,0.5918082594871521,0.03016829490661621,0.4441266655921936,0.5727869272232056,0.014832939952611923,0.48053842782974243,0.5239629745483398,0.0137671222910285,0.5001588463783264,0.5298399329185486,0.015926223248243332,0.511345624923706,0.5473441481590271,0.01894381456077099,0.45084112882614136,0.5821698307991028,0.00038772961124777794,0.4931958317756653,0.542639434337616,-9.507915092399344e-05,0.5143957138061523,0.5621526837348938,0.003077418776229024,0.5241604447364807,0.5885979533195496,0.007246272172778845,0.45883047580718994,0.6053645610809326,-0.012584895826876163,0.49504855275154114,0.5608077645301819,-0.01224459707736969,0.5154625177383423,0.5771690011024475,-0.007153549697250128,0.5262873768806458,0.6011333465576172,-0.0026747852098196745,0.4680115580558777,0.6363888382911682,-0.023963114246726036,0.4900512397289276,0.5921078324317932,-0.023051118478178978,0.503440797328949,0.5914118885993958,-0.01799430325627327,0.5122366547584534,0.6021949648857117,-0.012894967570900917
0.39754217863082886,0.7103635668754578,3.5820253430074445e-08,0.4162430167198181,0.6530973315238953,0.017378145828843117,0.441591739654541,0.6111328601837158,0.02203862927854061,0.46172067523002625,0.598312497138977,0.02256065420806408,0.47920385003089905,0.5938531160354614,0.023303691297769547,0.44619232416152954,0.5771008729934692,0.009230303578078747,0.48548224568367004,0.5306846499443054,0.006736866198480129,0.5046966671943665,0.5383906960487366,0.0077383085153996944,0.5138629078865051,0.5556517243385315,0.010202715173363686,0.45249849557876587,0.5906272530555725,-0.0017644533654674888,0.4953957498073578,0.5513336062431335,-0.003487790934741497,0.5165098905563354,0.5655937194824219,-0.0016316840192303061,0.5266507267951965,0.5868613123893738,0.0014812781009823084,0.45930027961730957,0.6164703369140625,-0.011504667811095715,0.4945176839828491,0.5698916912078857,-0.011678198352456093,0.5162889957427979,0.5765990018844604,-0.008453178219497204,0.5295578837394714,0.5927145481109619,-0.005562914535403252,0.46723470091819763,0.6510452628135681,-0.019878743216395378,0.4872997999191284,0.6075232028961182,-0.018237819895148277,0.4998975396156311,0.6012763381004333,-0.01354930829256773,0.508797824382782,0.606621503829956,-0.0091318991035223
0.3979206681251526,0.7095061540603638,6.238246186285323e-08,0.41574740409851074,0.6528715491294861,0.016568994149565697,0.4416576325893402,0.6096634268760681,0.021488673985004425,0.4627356231212616,0.5969682335853577,0.02274186722934246,0.4814256727695465,0.5953229665756226,0.02436588704586029,0.44782787561416626,0.5757285356521606,0.009611583314836025,0.48476752638816833,0.5311727523803711,0.008848365396261215,0.5045297145843506,0.5321766138076782,0.011059317737817764,0.5158650875091553,0.5428634285926819,0.013844846747815609,0.4546661078929901,0.5902862548828125,-0.0005810580332763493,0.4957727789878845,0.5509422421455383,-0.001835895935073495,0.5170501470565796,0.5598833560943604,0.0001484593522036448,0.528433084487915,0.5766427516937256,0.0032971056643873453,0.461410254240036,0.6166031360626221,-0.009412601590156555,0.49618062376976013,0.569908857345581,-0.009464136324822903,0.5178391933441162,0.5722659230232239,-0.0060018920339643955,0.5316752791404724,0.5841881036758423,-0.0028100961353629827,0.4684385061264038,0.6520362496376038,-0.016887905076146126,0.4886464774608612,0.608134925365448,-0.01407851092517376,0.5002415180206299,0.6007267236709595,-0.008316484279930592,0.5082567930221558,0.6052141785621643,-0.003227025968953967
0.3995938301086426,0.705315113067627,7.279022895545495e-08,0.41804373264312744,0.6474722623825073,0.018402056768536568,0.4420998692512512,0.6059752702713013,0.02305905893445015,0.4633057713508606,0.592592716217041,0.023556692525744438,0.4818538725376129,0.5867437124252319,0.0241584163159132,0.4484333097934723,0.5740129351615906,0.008751236833631992,0.48405879735946655,0.5265214443206787,0.006015188060700893,0.5040370225906372,0.5275751948356628,0.00728502357378602,0.5162420868873596,0.5381220579147339,0.009646396152675152,0.45506739616394043,0.5896933078765869,-0.003091544145718217,0.497140496969223,0.5498952865600586,-0.006668726447969675,0.519600510597229,0.5590425133705139,-0.004933467134833336,0.5311079025268555,0.5765835642814636,-0.0013710911152884364,0.46159738302230835,0.6161972880363464,-0.013417588546872139,0.4969610273838043,0.5685742497444153,-0.015384327620267868,0.5188196897506714,0.5714608430862427,-0.011027728207409382,0.5321879386901855,0.5832231640815735,-0.006644896697252989,0.46852898597717285,0.6511240601539612,-0.022221678867936134,0.48846176266670227,0.6061655282974243,-0.02233140729367733,0.5001923441886902,0.5952938795089722,-0.017237277701497078,0.5086369514465332,0.5959338545799255,-0.011800852604210377
0.40245866775512695,0.7019617557525635,7.268508284141717e-08,0.41947075724601746,0.641450822353363,0.01874520257115364,0.4429430663585663,0.6023510694503784,0.023668058216571808,0.4636539816856384,0.590211033821106,0.024505170062184334,0.4821142554283142,0.5857886075973511,0.02546815387904644,0.44927704334259033,0.5726083517074585,0.009039697237312794,0.4846091568470001,0.5242038369178772,0.006900090258568525,0.5041342377662659,0.5256760716438293,0.008687257766723633,0.5159391164779663,0.5369151830673218,0.011409110389649868,0.45751896500587463,0.5883625745773315,-0.002188844373449683,0.49802932143211365,0.5467973947525024,-0.004503204021602869,0.5195345878601074,0.5539087653160095,-0.002106555039063096,0.5305060148239136,0.5698277354240417,0.0016541327349841595,0.4650626480579376,0.6143724322319031,-0.011779534630477428,0.4986148774623871,0.5673100352287292,-0.011769633740186691,0.5180067420005798,0.5685522556304932,-0.006468585692346096,0.5296205282211304,0.5789404511451721,-0.0020285050850361586,0.4720645546913147,0.6485111117362976,-0.01995200291275978,0.48816484212875366,0.6085782051086426,-0.018341461196541786,0.49768635630607605,0.5988168716430664,-0.012835408560931683,0.5046993494033813,0.5999270677566528,-0.0074218581430613995
0.4028915762901306,0.6985130310058594,7.918979605392451e-08,0.4218028783798218,0.6434801816940308,0.0170124601572752,0.4459725618362427,0.6038601994514465,0.02121770940721035,0.4690752625465393,0.5913094878196716,0.021657301113009453,0.48929235339164734,0.5893746614456177,0.022393494844436646,0.4511597752571106,0.5727351307868958,0.008988700807094574,0.4899536073207855,0.5354672074317932,0.0077080014161765575,0.5108193755149841,0.542953372001648,0.009455490857362747,0.5222309231758118,0.5587378740310669,0.012031877413392067,0.4564758837223053,0.5836054682731628,-0.0012701546074822545,0.4967670142650604,0.5387012958526611,-0.0023695649579167366,0.5180323123931885,0.5458897948265076,-0.0004172289336565882,0.5283381342887878,0.5638121366500854,0.0027099866420030594,0.46253278851509094,0.6069982051849365,-0.009943594224750996,0.49684807658195496,0.5558560490608215,-0.00871960911899805,0.5163998007774353,0.5573340058326721,-0.003954553045332432,0.5277206301689148,0.5689744353294373,-0.000202444483875297,0.4693513810634613,0.6414627432823181,-0.01730792410671711,0.4904196560382843,0.6000415086746216,-0.013936885632574558,0.5027854442596436,0.5902003645896912,-0.008006066083908081,0.511171281337738,0.5913235545158386,-0.0027777417562901974
0.4042642414569855,0.702778160572052,9.28461147964299e-08,0.424202561378479,0.6663166880607605,0.008518142625689507,0.4458068907260895,0.615898072719574,0.012595518492162228,0.46207162737846375,0.5853512287139893,0.015904569998383522,0.4746783375740051,0.5637232065200806,0.02000177837908268,0.4558338224887848,0.5874761939048767,-0.00020361813949421048,0.4939408004283905,0.551466703414917,0.000500860158354044,0.5135434865951538,0.5585098266601562,0.0041970000602304935,0.5238661170005798,0.5730206966400146,0.008230339735746384,0.456975519657135,0.5861853361129761,-0.0032889151480048895,0.4981958866119385,0.5445286631584167,-0.0012441272847354412,0.5186676979064941,0.5524613261222839,0.00278104399330914,0.5285443067550659,0.5707868933677673,0.006785211618989706,0.46000686287879944,0.5987993478775024,-0.004980682861059904,0.4948108494281769,0.557121992111206,-0.0008326249080710113,0.5122898817062378,0.5634380578994751,0.002648187568411231,0.5209184288978577,0.578809916973114,0.004696057643741369,0.46433642506599426,0.6217460036277771,-0.005961758084595203,0.48630648851394653,0.5928868055343628,-0.001806075917556882,0.4983289837837219,0.5924961566925049,0.0016162281390279531,0.5045245885848999,0.600972592830658,0.004639555234462023
0.4051381051540375,0.7010613083839417,1.2177390829037904e-07,0.4353308081626892,0.6890426874160767,0.0010802000761032104,0.4615105390548706,0.6430027484893799,0.0044258669950068,0.47580814361572266,0.6058771014213562,0.009549431502819061,0.4836551547050476,0.5778380632400513,0.016096320003271103,0.4637622833251953,0.5992187261581421,-0.009821613319218159,0.4998356103897095,0.5538240671157837,-0.007641841657459736,0.5197585225105286,0.5633098483085632,-0.0013157390058040619,0.5276888608932495,0.5806909799575806,0.004943111911416054,0.4569249153137207,0.5844968557357788,-0.006728663574904203,0.49752238392829895,0.5431512594223022,-0.0024658881593495607,0.5165348052978516,0.5579502582550049,0.0033534360118210316,0.5231674909591675,0.5805500745773315,0.008170890621840954,0.4523673355579376,0.5852752923965454,-0.0020383819937705994,0.486495703458786,0.5503976345062256,0.004676841199398041,0.5026038289070129,0.5673654675483704,0.009061025455594063,0.5072082281112671,0.5896825194358826,0.01121737901121378,0.45006805658340454,0.5961217284202576,0.0029156834352761507,0.4721754193305969,0.5750643610954285,0.008345698937773705,0.4851445257663727,0.5843758583068848,0.01145244762301445,0.4891604483127594,0.6001930236816406,0.014142969623208046
0.4054294228553772,0.7050738334655762,5.519383705632208e-08,0.4194928705692291,0.6574375629425049,0.007507245987653732,0.44102615118026733,0.6054599285125732,0.011082970537245274,0.45790213346481323,0.5722830295562744,0.013990095816552639,0.47057241201400757,0.5489870309829712,0.017643814906477928,0.45678743720054626,0.5850749015808105,-0.0019328556954860687,0.4965560734272003,0.5490949153900146,-0.002151425927877426,0.5156821012496948,0.5599799752235413,0.0008604268659837544,0.523383617401123,0.5791632533073425,0.004748089239001274,0.4624134600162506,0.5935217142105103,-0.004410865716636181,0.5025377869606018,0.5522139668464661,-0.0009947491344064474,0.5194786190986633,0.562473714351654,0.0030831964686512947,0.5248371958732605,0.5816298723220825,0.00660296343266964,0.4677019715309143,0.615106999874115,-0.005437331739813089,0.49849146604537964,0.5791163444519043,0.00047958054346963763,0.5085523724555969,0.5903286337852478,0.004383147694170475,0.5094407796859741,0.6075127124786377,0.006146412808448076,0.4725955128669739,0.6456868052482605,-0.005887216422706842,0.4893403947353363,0.6244996190071106,-0.0002671166730578989,0.49294859170913696,0.6253681182861328,0.003391105681657791,0.4909133315086365,0.6321905255317688,0.006338182836771011
0.4055074453353882,0.705150306224823,7.592384321242207e-08,0.42485666275024414,0.6704332828521729,0.00985054299235344,0.44909682869911194,0.6232252717018127,0.01596084050834179,0.4683544933795929,0.600366473197937,0.02238718420267105,0.4825746715068817,0.5886321663856506,0.029909901320934296,0.4545370936393738,0.5903531312942505,-0.0037861312739551067,0.4933495819568634,0.5494877696037292,0.0017540488624945283,0.5134748220443726,0.5621046423912048,0.011069845408201218,0.522018313407898,0.5838544368743896,0.01920921355485916,0.4561610519886017,0.5848248600959778,-0.004350920207798481,0.49731069803237915,0.5364658832550049,0.0015376561786979437,0.5167366862297058,0.5516460537910461,0.00903337262570858,0.5241170525550842,0.5754724144935608,0.015277157537639141,0.4590139389038086,0.5929631590843201,-0.00235342257656157,0.4924163222312927,0.5545639395713806,0.006661335472017527,0.5058130025863647,0.5739203095436096,0.01178695447742939,0.5076451301574707,0.5963892936706543,0.014202921651303768,0.46280527114868164,0.6111551523208618,0.0007212810451164842,0.48458990454673767,0.5850846171379089,0.009308586828410625,0.49417099356651306,0.592642068862915,0.0139837097376585,0.4951370656490326,0.6061176061630249,0.017300274223089218
0.4018133878707886,0.6948661804199219,4.656422447624209e-08,0.4258101284503937,0.6388351917266846,0.029154455289244652,0.44545769691467285,0.6034036874771118,0.037492379546165466,0.4672570824623108,0.5983412861824036,0.03970039263367653,0.48514026403427124,0.6044679880142212,0.04099983349442482,0.4466318190097809,0.5702185034751892,0.015578057616949081,0.49011486768722534,0.5493119955062866,0.019146108999848366,0.5095820426940918,0.5666467547416687,0.02575952187180519,0.5176640748977661,0.5898866057395935,0.03067813627421856,0.4559040069580078,0.5806119441986084,0.00019751518266275525,0.4993688464164734,0.5299664735794067,0.0006944487686268985,0.5193367004394531,0.5423539280891418,0.006874991115182638,0.5269140005111694,0.5652239322662354,0.012681545689702034,0.4634212851524353,0.6049787402153015,-0.012105071917176247,0.5013322234153748,0.5498371124267578,-0.008005686104297638,0.5150512456893921,0.5666337609291077,0.0014248983934521675,0.5189372301101685,0.5867323875427246,0.007431988138705492,0.46965232491493225,0.6417368650436401,-0.022120168432593346,0.49158886075019836,0.6118334531784058,-0.017464833334088326,0.4984890818595886,0.6105846166610718,-0.01045564841479063,0.5008718371391296,0.6150626540184021,-0.005033154971897602
0.40346744656562805,0.6918286681175232,3.127225411958534e-08,0.42891576886177063,0.6362388730049133,0.0277340579777956,0.4484837055206299,0.5980005264282227,0.034640196710824966,0.47131288051605225,0.5892869234085083,0.03558661416172981,0.49035167694091797,0.5941141247749329,0.035416219383478165,0.4479354918003082,0.5646582841873169,0.012640253640711308,0.49188801646232605,0.5433951020240784,0.015764635056257248,0.5097000598907471,0.563838005065918,0.02168043702840805,0.5163806676864624,0.5881636738777161,0.0257734265178442,0.4564498960971832,0.5763147473335266,-0.0028812927193939686,0.5021162629127502,0.5279147624969482,-0.002246675780043006,0.5208086967468262,0.540425717830658,0.0023683516774326563,0.5281509757041931,0.5609994530677795,0.006488298065960407,0.46341580152511597,0.6010514497756958,-0.015277820639312267,0.5038357377052307,0.5411079525947571,-0.012134999968111515,0.5184619426727295,0.5538480281829834,-0.0050573269836604595,0.5235183238983154,0.5717700719833374,-0.001034442218951881,0.4698922038078308,0.6381529569625854,-0.025294924154877663,0.4923311769962311,0.599772572517395,-0.02201922982931137,0.5011429786682129,0.5950846076011658,-0.01618792861700058,0.5065322518348694,0.5969586968421936,-0.011857032775878906
0.40449270606040955,0.6894949078559875,3.925471503407607e-08,0.42974376678466797,0.6340200304985046,0.027234306558966637,0.44876569509506226,0.5968536734580994,0.03424543887376785,0.47098296880722046,0.5897720456123352,0.03549835830926895,0.4895206391811371,0.5956966876983643,0.0357467345893383,0.4480679929256439,0.5605871677398682,0.011734455823898315,0.4911549389362335,0.543716549873352,0.014953969046473503,0.5083280205726624,0.564319908618927,0.021533239632844925,0.5152533650398254,0.5883615612983704,0.02595309540629387,0.4564597010612488,0.5727077722549438,-0.003879335941746831,0.5012107491493225,0.524617612361908,-0.0042076921090483665,0.5208882689476013,0.5336102843284607,0.00047097125207073987,0.5302934646606445,0.5519741773605347,0.004895124584436417,0.46344193816185,0.5990618467330933,-0.016391867771744728,0.5028151273727417,0.5388889908790588,-0.014888017438352108,0.5179072618484497,0.5479492545127869,-0.00817164033651352,0.524469792842865,0.5626930594444275,-0.003827991196885705,0.47000011801719666,0.637995719909668,-0.026465311646461487,0.49232611060142517,0.6000900864601135,-0.024073252454400063,0.5009937882423401,0.5941779017448425,-0.01809138059616089,0.5072054266929626,0.5953821539878845,-0.013355976901948452
0.40585458278656006,0.6877632737159729,5.0244196359017224e-08,0.43118399381637573,0.6308491826057434,0.02575749158859253,0.45184051990509033,0.5940555334091187,0.03249261528253555,0.4746643006801605,0.5887066721916199,0.03452824428677559,0.4941541254520416,0.5965316891670227,0.03590666502714157,0.4513501226902008,0.5604591965675354,0.007643114775419235,0.495652437210083,0.541246771812439,0.01227344200015068,0.512086033821106,0.5613934993743896,0.02090919390320778,0.5191980004310608,0.5841515064239502,0.026758814230561256,0.4591752290725708,0.573013186454773,-0.006059220526367426,0.5042458772659302,0.5232678651809692,-0.005324498284608126,0.5228399634361267,0.5335989594459534,0.00099769770167768,0.5317152738571167,0.5523855090141296,0.0065931412391364574,0.46574607491493225,0.6003758907318115,-0.016241194680333138,0.5045498013496399,0.5441350340843201,-0.01253955066204071,0.5168840885162354,0.555727481842041,-0.004510751459747553,0.5215740203857422,0.5713009834289551,0.00028659129748120904,0.4716244637966156,0.6399143934249878,-0.02405511401593685,0.49138307571411133,0.607162356376648,-0.019105078652501106,0.4965019226074219,0.6013429760932922,-0.012268315069377422,0.4998374581336975,0.6019954085350037,-0.007299896329641342
0.40588104724884033,0.6890235543251038,7.129415280360263e-08,0.43172743916511536,0.6334104537963867,0.02215973474085331,0.45263004302978516,0.5958766937255859,0.027141427621245384,0.47562330961227417,0.5894796848297119,0.027560684829950333,0.4949549436569214,0.5955778956413269,0.02725629322230816,0.451825350522995,0.561523973941803,0.006503349635750055,0.4958411753177643,0.5388537645339966,0.007793704979121685,0.5134486556053162,0.5563321709632874,0.012289464473724365,0.5228517651557922,0.5781932473182678,0.015409416519105434,0.4588161110877991,0.5736767649650574,-0.006776097696274519,0.5035591721534729,0.5246883630752563,-0.00792674534022808,0.5234292149543762,0.5325649380683899,-0.004738699644804001,0.534044086933136,0.5501300692558289,-0.001353069324977696,0.46507397294044495,0.5999111533164978,-0.017208458855748177,0.503902018070221,0.5414904952049255,-0.015870649367570877,0.519418478012085,0.5476564764976501,-0.010044746100902557,0.5281952619552612,0.5597022771835327,-0.006317493971437216,0.4713062644004822,0.638461709022522,-0.025650618597865105,0.49343475699424744,0.5994600057601929,-0.023135920986533165,0.5037187933921814,0.5908189415931702,-0.01741432398557663,0.5124966502189636,0.5896470546722412,-0.012794743292033672
0.4087110459804535,0.6933244466781616,1.128434732322603e-07,0.43489015102386475,0.6412608027458191,0.013143790885806084,0.4594220519065857,0.6033799052238464,0.015022353269159794,0.48398515582084656,0.5935339331626892,0.0144768375903368,0.5044662952423096,0.5936982035636902,0.014253084547817707,0.45763570070266724,0.568598747253418,-0.0005801226361654699,0.5020449757575989,0.5365002155303955,-0.001995583064854145,0.5199477672576904,0.5519358515739441,-0.0005768039845861495,0.5308619141578674,0.5705845952033997,0.0007497384212911129,0.4600229561328888,0.5774087309837341,-0.008765296079218388,0.5041981935501099,0.5298110842704773,-0.009479472413659096,0.5242937207221985,0.5380363464355469,-0.0077615720219910145,0.5364534854888916,0.5541955828666687,-0.006128374487161636,0.4639407992362976,0.6017590761184692,-0.014868009835481644,0.5013673305511475,0.5502344369888306,-0.012620520778000355,0.515723466873169,0.5586697459220886,-0.008630762808024883,0.5242515206336975,0.5725549459457397,-0.006860366091132164,0.46981555223464966,0.6384787559509277,-0.019873546436429024,0.48911070823669434,0.6077563166618347,-0.016825297847390175,0.49667975306510925,0.5993847250938416,-0.012788753025233746,0.5029777884483337,0.5983008742332458,-0.00983655545860529
0.4086848199367523,0.6964011788368225,1.361645871611472e-07,0.43037378787994385,0.6467342376708984,0.009425864554941654,0.4565587043762207,0.6091524958610535,0.00960150733590126,0.4823710322380066,0.5982673764228821,0.007855533622205257,0.5038058757781982,0.5956723093986511,0.006835922598838806,0.45636069774627686,0.5782327651977539,-0.0038706001359969378,0.4998663663864136,0.5340820550918579,-0.007933981716632843,0.5218069553375244,0.5423080325126648,-0.007915101014077663,0.5349246263504028,0.5567297339439392,-0.006831001024693251,0.4586980938911438,0.5897648334503174,-0.01119607500731945,0.5025842785835266,0.5366930365562439,-0.014456345699727535,0.525818943977356,0.541594922542572,-0.014132787473499775,0.5389879941940308,0.5558579564094543,-0.012978475540876389,0.46355298161506653,0.6143025755882263,-0.016974035650491714,0.5005038380622864,0.5569947957992554,-0.017512083053588867,0.5192928910255432,0.5558986663818359,-0.015419313684105873,0.5311874151229858,0.564873993396759,-0.014413781464099884,0.4711596369743347,0.6492700576782227,-0.021941207349300385,0.49152854084968567,0.6136196255683899,-0.02150810696184635,0.502291202545166,0.6027175784111023,-0.018812883645296097,0.5108156204223633,0.6021572947502136,-0.016464171931147575
0.40835464000701904,0.6973693370819092,1.0311362075299257e-07,0.4237137734889984,0.6480169892311096,0.009346839971840382,0.44801029562950134,0.6081340909004211,0.01041661761701107,0.47193029522895813,0.5943097472190857,0.00972372479736805,0.4916502833366394,0.5883005261421204,0.009753304533660412,0.4521309733390808,0.5808064937591553,-0.004565257579088211,0.4910685122013092,0.53043532371521,-0.009323769249022007,0.5137126445770264,0.5357010364532471,-0.008477200753986835,0.5268349051475525,0.5504270792007446,-0.005855557043105364,0.4589812755584717,0.592668890953064,-0.011263363994657993,0.4985312819480896,0.5319205522537231,-0.016325654461979866,0.5225251913070679,0.533062756061554,-0.014676332473754883,0.5355948805809021,0.5463904738426208,-0.011242414824664593,0.46754592657089233,0.6143760085105896,-0.0165810976177454,0.5008140802383423,0.5509799122810364,-0.019711269065737724,0.5230158567428589,0.5471888780593872,-0.017307640984654427,0.5370761752128601,0.555932879447937,-0.01428679283708334,0.47646084427833557,0.6458641290664673,-0.020941711962223053,0.498241662979126,0.6014972925186157,-0.021518725901842117,0.5124548673629761,0.5941073894500732,-0.017920464277267456,0.5223237872123718,0.6000088453292847,-0.013870466500520706
0.40673762559890747,0.691268265247345,8.354922442777024e-08,0.4268772006034851,0.6380963325500488,0.011316811665892601,0.45395874977111816,0.6008073687553406,0.012437344528734684,0.48095762729644775,0.5886805653572083,0.01074253674596548,0.5043827891349792,0.5856437683105469,0.009195949882268906,0.45115184783935547,0.57492995262146,-2.4583201593486592e-05,0.48746126890182495,0.5241999626159668,-0.005251611117273569,0.5092521905899048,0.5232284665107727,-0.0061343214474618435,0.5240591764450073,0.5325624942779541,-0.005600950215011835,0.4577525854110718,0.5889485478401184,-0.009516313672065735,0.4946140944957733,0.528418779373169,-0.014882339164614677,0.51806640625,0.525664210319519,-0.01662856712937355,0.5325205326080322,0.5366920828819275,-0.016532445326447487,0.46595606207847595,0.6132249236106873,-0.01767374388873577,0.4982381761074066,0.5488564372062683,-0.020986251533031464,0.5202973484992981,0.5415539145469666,-0.020699691027402878,0.5359904766082764,0.5450705885887146,-0.02015668898820877,0.47530844807624817,0.6456204652786255,-0.02482321858406067,0.495170533657074,0.5963147878646851,-0.026454074308276176,0.509142279624939,0.5804304480552673,-0.02454157918691635,0.5214187502861023,0.5756976008415222,-0.02250869758427143
0.4080672562122345,0.6858713626861572,7.449310857055025e-08,0.4243783950805664,0.6291970610618591,0.01157948188483715,0.44936469197273254,0.5908495187759399,0.012261378578841686,0.47482505440711975,0.5758036375045776,0.0095985047519207,0.4982152581214905,0.5718399882316589,0.006984202191233635,0.44689255952835083,0.5701494216918945,0.000525441428180784,0.48200616240501404,0.5181326866149902,-0.006219798699021339,0.5043051242828369,0.5191795825958252,-0.007900549098849297,0.5183969140052795,0.530832827091217,-0.007356779184192419,0.4553242027759552,0.5844370722770691,-0.009687935933470726,0.4913015067577362,0.5211029648780823,-0.016177300363779068,0.5148681402206421,0.5202178955078125,-0.018062788993120193,0.528448224067688,0.533357560634613,-0.017613541334867477,0.4658588171005249,0.608418881893158,-0.018706057220697403,0.49701210856437683,0.541804850101471,-0.02272823452949524,0.5197598338127136,0.5353089570999146,-0.02198522910475731,0.5353909134864807,0.5404071807861328,-0.020579535514116287,0.4775361120700836,0.6400492191314697,-0.026801928877830505,0.49733325839042664,0.585273265838623,-0.02850276231765747,0.5127092003822327,0.5712488889694214,-0.025711145251989365,0.5255867838859558,0.5699154138565063,-0.02266913838684559
0.4092140793800354,0.6833758354187012,3.7041800737824815e-08,0.42109444737434387,0.6253551840782166,0.011961476877331734,0.440106064081192,0.5842205286026001,0.014046263881027699,0.45982345938682556,0.5662009119987488,0.012775326147675514,0.47805681824684143,0.560375452041626,0.011516373604536057,0.44511908292770386,0.5641857385635376,0.0036484329029917717,0.4773232340812683,0.5184186100959778,-0.0008058615494519472,0.4977883994579315,0.5199308395385742,-0.0008620957378298044,0.5101500153541565,0.5299771428108215,0.0005977321998216212,0.45615848898887634,0.5776198506355286,-0.005783755332231522,0.489033043384552,0.5204921364784241,-0.010164289735257626,0.5099962949752808,0.5202582478523254,-0.010173811577260494,0.5218708515167236,0.5311357975006104,-0.008431036956608295,0.4680934548377991,0.6001324653625488,-0.0142249446362257,0.4960259795188904,0.5404725074768066,-0.017122486606240273,0.5174515247344971,0.5343980193138123,-0.01524516474455595,0.532063901424408,0.5391483306884766,-0.012823477387428284,0.4796254336833954,0.6317875385284424,-0.02177855186164379,0.4994566738605499,0.5800065994262695,-0.022545773535966873,0.5140570402145386,0.5687256455421448,-0.018800513818860054,0.5257405638694763,0.56940758228302,-0.014868801459670067
0.40769028663635254,0.6785924434661865,2.7226057852658414e-08,0.41953060030937195,0.6228318214416504,0.01399565115571022,0.43761005997657776,0.5803676247596741,0.017755568027496338,0.45672890543937683,0.563064694404602,0.01751040108501911,0.47511327266693115,0.5589106678962708,0.017013197764754295,0.44309166073799133,0.5601437091827393,0.010054186917841434,0.47509393095970154,0.5229939222335815,0.007289208937436342,0.49448534846305847,0.5218838453292847,0.007454717997461557,0.5068816542625427,0.529731035232544,0.008566290140151978,0.4540505111217499,0.5718108415603638,-4.8913920181803405e-05,0.4866154193878174,0.5205488801002502,-0.0034292994532734156,0.5056196451187134,0.5210133790969849,-0.003034057794138789,0.5172929763793945,0.5314270257949829,-0.0008416450582444668,0.4662325084209442,0.593510627746582,-0.009372704662382603,0.4936985671520233,0.537491500377655,-0.011971677653491497,0.5131576657295227,0.5315166711807251,-0.00928001943975687,0.5266364216804504,0.5348528623580933,-0.0060933781787753105,0.4783656895160675,0.6252910494804382,-0.01771073415875435,0.4975760877132416,0.5756957530975342,-0.018336007371544838,0.5109305381774902,0.5627616047859192,-0.014239000156521797,0.5221145153045654,0.5597006678581238,-0.009990958496928215
0.4075901210308075,0.6759852766990662,8.21511889625981e-08,0.4265464246273041,0.6399510502815247,0.012052489444613457,0.4485103487968445,0.5936376452445984,0.01735617406666279,0.46843770146369934,0.5713340640068054,0.02018754556775093,0.4870251417160034,0.563556432723999,0.023575998842716217,0.4472266733646393,0.5594885945320129,0.008996590040624142,0.481371134519577,0.5246498584747314,0.010650131851434708,0.5007918477058411,0.5237294435501099,0.013955173082649708,0.5128569006919861,0.5309095978736877,0.016869617626070976,0.451228529214859,0.5580577254295349,0.0028016341384500265,0.48769789934158325,0.5189263224601746,0.003078658366575837,0.506257176399231,0.5232664942741394,0.004911279771476984,0.5170738101005554,0.5353590846061707,0.0076212515123188496,0.45902761816978455,0.5698124766349792,-0.002211627783253789,0.4908485412597656,0.5295194983482361,-0.00032471909071318805,0.5091232657432556,0.5300123691558838,0.002045591361820698,0.5203614234924316,0.5372223854064941,0.003934267908334732,0.469216525554657,0.5924394726753235,-0.006291789468377829,0.4931243062019348,0.5564921498298645,-0.0026927993167191744,0.5072541236877441,0.5512856841087341,0.0014342565555125475,0.5174389481544495,0.5552045106887817,0.004943199921399355
0.4021559953689575,0.6648135781288147,5.8017757709194484e-08,0.41766390204429626,0.6121625304222107,0.015102801844477654,0.43722620606422424,0.5746597647666931,0.02068657986819744,0.45565685629844666,0.5637469291687012,0.02231447398662567,0.4721371829509735,0.564220666885376,0.023929057642817497,0.4439660310745239,0.5476211309432983,0.015436389483511448,0.47741806507110596,0.5273994207382202,0.01697986200451851,0.494570255279541,0.5367180705070496,0.019259290769696236,0.5044440031051636,0.5516074299812317,0.021251676604151726,0.455049991607666,0.5539500713348389,0.0060338303446769714,0.4889521300792694,0.5156986713409424,0.006146786268800497,0.5082715153694153,0.5170837044715881,0.007274451199918985,0.5196935534477234,0.5275010466575623,0.009631508961319923,0.4663091003894806,0.5721489191055298,-0.0024370753671973944,0.494038850069046,0.5262696146965027,-0.0015170613769441843,0.5122048258781433,0.5238227248191833,0.001237416174262762,0.524098813533783,0.528191089630127,0.004036175552755594,0.4776504933834076,0.6034762859344482,-0.009920520707964897,0.4979371428489685,0.5619216561317444,-0.006793609820306301,0.5101672410964966,0.5538685321807861,-0.001229201559908688,0.5194958448410034,0.5546088814735413,0.003774473909288645
0.4050302505493164,0.6576778292655945,6.473985791899395e-08,0.4191553294658661,0.6002318859100342,0.016732385382056236,0.436990350484848,0.5647042989730835,0.021292783319950104,0.4555107355117798,0.5533877611160278,0.021438654512166977,0.4721968173980713,0.553540825843811,0.02142728865146637,0.44444921612739563,0.5417753458023071,0.014357458800077438,0.47903281450271606,0.5214408040046692,0.01533470954746008,0.49671506881713867,0.5303252339363098,0.018307572230696678,0.5058692097663879,0.5468519330024719,0.02120341546833515,0.45556047558784485,0.5496002435684204,0.0036931000649929047,0.4915989637374878,0.5126497745513916,0.003523259423673153,0.5099406242370605,0.5170513391494751,0.00581254530698061,0.5200722813606262,0.5306608080863953,0.00926987174898386,0.4669150114059448,0.569343626499176,-0.005853628274053335,0.49719488620758057,0.5236992239952087,-0.004086417146027088,0.5140143632888794,0.5238362550735474,0.0007527272100560367,0.5245205760002136,0.530794084072113,0.004857734311372042,0.4776321053504944,0.6015775799751282,-0.014349828474223614,0.49943670630455017,0.5584160685539246,-0.010070268996059895,0.5109582543373108,0.5498857498168945,-0.002967671724036336,0.5192693471908569,0.5504348278045654,0.0031516628805547953
0.4058575928211212,0.6478270292282104,3.583493679570893e-08,0.41766679286956787,0.5906244516372681,0.017062295228242874,0.43466246128082275,0.5544807314872742,0.022319935262203217,0.4509677290916443,0.5424816012382507,0.022992905229330063,0.46531274914741516,0.5440543293952942,0.02315528504550457,0.44573840498924255,0.5324368476867676,0.015877051278948784,0.47895577549934387,0.514506995677948,0.016518590971827507,0.49551329016685486,0.5216022729873657,0.01848895102739334,0.5034028887748718,0.5360927581787109,0.02074204571545124,0.458048939704895,0.5425561666488647,0.0049749393947422504,0.49347180128097534,0.5081661939620972,0.00524824159219861,0.510995626449585,0.5139697194099426,0.007217868231236935,0.5191329121589661,0.5292953848838806,0.010361981578171253,0.4694793224334717,0.5633965134620667,-0.004918987862765789,0.4999684691429138,0.520236074924469,-0.00336257996968925,0.5163154602050781,0.5233449339866638,0.000952284608501941,0.5256059169769287,0.5332379937171936,0.004872150253504515,0.47931087017059326,0.5951653122901917,-0.013680854812264442,0.5016558766365051,0.553528904914856,-0.009923228994011879,0.5132673382759094,0.5481966733932495,-0.0030663677025586367,0.5206122994422913,0.5517695546150208,0.0030069958884269
0.4067242741584778,0.638261079788208,4.422544108706461e-08,0.4192621409893036,0.5823720097541809,0.017582377418875694,0.43579888343811035,0.5480172038078308,0.022555319592356682,0.4520975649356842,0.5381972193717957,0.022793680429458618,0.4668251872062683,0.5407059788703918,0.022457797080278397,0.4447415769100189,0.5272981524467468,0.014575988985598087,0.47863003611564636,0.5098068714141846,0.014995972625911236,0.4957033693790436,0.5190240740776062,0.01736460253596306,0.5037745237350464,0.5348576307296753,0.019999191164970398,0.4570692777633667,0.5360925197601318,0.003377014072611928,0.4937519133090973,0.50244140625,0.003589291824027896,0.5117568969726562,0.5098723769187927,0.006053284741938114,0.5197280645370483,0.5259880423545837,0.00949681643396616,0.46862292289733887,0.5562406182289124,-0.006661742459982634,0.5002210736274719,0.5130420923233032,-0.005114794708788395,0.5168573260307312,0.5187637805938721,-0.0004477565234992653,0.5256717205047607,0.5310018658638,0.003676296677440405,0.4785340428352356,0.5876762866973877,-0.015493778511881828,0.5020325183868408,0.5471315383911133,-0.011862631887197495,0.513852059841156,0.5441456437110901,-0.0048401448875665665,0.5208718776702881,0.5500186681747437,0.0013705343008041382
0.40724611282348633,0.636845052242279,4.086097149524903e-08,0.41772279143333435,0.5838791131973267,0.01643725298345089,0.43306562304496765,0.5486957430839539,0.020996995270252228,0.44848746061325073,0.5359141230583191,0.02113879658281803,0.46148577332496643,0.5332036018371582,0.020716890692710876,0.4456729292869568,0.5273458957672119,0.012660126201808453,0.47867751121520996,0.507651686668396,0.012966910377144814,0.49601370096206665,0.5156610012054443,0.01568528637290001,0.5048034191131592,0.5307680368423462,0.01871553063392639,0.45735952258110046,0.534816324710846,0.0020584051962941885,0.49273476004600525,0.49912989139556885,0.0022069804836064577,0.5111398696899414,0.5048142671585083,0.005227967165410519,0.5200636386871338,0.5203855037689209,0.009294265881180763,0.4684111773967743,0.5540847182273865,-0.007434376515448093,0.49913281202316284,0.5087096095085144,-0.0060120862908661366,0.5165643692016602,0.5124574303627014,-0.0012834460940212011,0.5267147421836853,0.5235069990158081,0.0031262612901628017,0.4779394268989563,0.5849587917327881,-0.01581701822578907,0.5013641119003296,0.5424342751502991,-0.012461205944418907,0.5138198137283325,0.5382773280143738,-0.005748375318944454,0.5215348601341248,0.5436183214187622,0.00047120399540290236
0.40777990221977234,0.641643762588501,7.791921774469301e-08,0.4228774309158325,0.5928879380226135,0.011786471121013165,0.44151875376701355,0.5546267032623291,0.013966142199933529,0.46060335636138916,0.5409048199653625,0.012956502847373486,0.47617214918136597,0.5385395288467407,0.011819437146186829,0.44916436076164246,0.5311577916145325,0.003604657482355833,0.4888118803501129,0.5082160234451294,0.00041454689926467836,0.5073520541191101,0.5197568535804749,0.000436061731306836,0.5177353024482727,0.5349817276000977,0.0015544560737907887,0.4569624066352844,0.5422583222389221,-0.005381155293434858,0.4975684881210327,0.5050265789031982,-0.009353703819215298,0.5184874534606934,0.5145437717437744,-0.00903293676674366,0.5291041135787964,0.5310512185096741,-0.006751806940883398,0.4657716751098633,0.5649170875549316,-0.013226181268692017,0.4997979700565338,0.518079936504364,-0.01583535224199295,0.5201108455657959,0.5222020149230957,-0.01366124115884304,0.5323135852813721,0.5321242809295654,-0.010743940249085426,0.47470197081565857,0.5985535383224487,-0.02007383666932583,0.4996923804283142,0.5532581806182861,-0.020235203206539154,0.5133575797080994,0.5462384819984436,-0.0159617830067873,0.5228675007820129,0.5482739210128784,-0.011474833823740482
0.40958380699157715,0.6573421955108643,7.34630560828009e-08,0.4273433983325958,0.6144210696220398,0.006913919001817703,0.44913598895072937,0.5749865174293518,0.008410032838582993,0.4695885181427002,0.5571714043617249,0.007652644533663988,0.48621243238449097,0.5505204200744629,0.007620266173034906,0.452953577041626,0.5463896989822388,0.002407188294455409,0.4900655448436737,0.5175022482872009,-0.002600946230813861,0.5104038715362549,0.5251822471618652,-0.0044281673617661,0.5232509970664978,0.5377628803253174,-0.004775341134518385,0.4590548276901245,0.5564760565757751,-0.004491897765547037,0.4972586929798126,0.5173014998435974,-0.010339701548218727,0.5196816921234131,0.5229257941246033,-0.012288217432796955,0.5326995849609375,0.536943793296814,-0.011922735720872879,0.46736422181129456,0.5774025917053223,-0.010991198010742664,0.4993812143802643,0.5328736901283264,-0.01527584157884121,0.5215919613838196,0.532838761806488,-0.015693841502070427,0.5366178750991821,0.5401202440261841,-0.014879093505442142,0.47695574164390564,0.6077990531921387,-0.01706250198185444,0.49874356389045715,0.5661946535110474,-0.019375460222363472,0.5130711793899536,0.554779589176178,-0.018228281289339066,0.5250459909439087,0.5536461472511292,-0.016364241018891335
0.406913697719574,0.6716219186782837,1.379256531208739e-07,0.42768311500549316,0.6434524059295654,-0.002031702781096101,0.4560818374156952,0.603812575340271,-0.0034030023962259293,0.47851088643074036,0.5812620520591736,-0.0049336617812514305,0.49680066108703613,0.5676864385604858,-0.005113487131893635,0.4569281339645386,0.5728422403335571,-0.008696026168763638,0.4931851029396057,0.5323802828788757,-0.016640054062008858,0.5158020853996277,0.5353296995162964,-0.019860927015542984,0.5311444401741028,0.5464783906936646,-0.02043805457651615,0.458771288394928,0.5798169374465942,-0.010960833169519901,0.49647876620292664,0.5342022180557251,-0.018929895013570786,0.5225920677185059,0.5332109928131104,-0.021725745871663094,0.539276123046875,0.5441962480545044,-0.021828198805451393,0.46422693133354187,0.5969887375831604,-0.013244792819023132,0.49682262539863586,0.5497384667396545,-0.01909549906849861,0.521034836769104,0.5438147783279419,-0.02082885056734085,0.5374337434768677,0.5489808320999146,-0.02068694308400154,0.4728586673736572,0.6200949549674988,-0.01578471064567566,0.49618983268737793,0.5799068808555603,-0.019024694338440895,0.5131533741950989,0.5674286484718323,-0.018912609666585922,0.5264254212379456,0.5677042603492737,-0.017720144242048264
0.40443524718284607,0.6828122138977051,2.085742920598932e-07,0.4376680254936218,0.6954432725906372,-0.008802061900496483,0.4702518582344055,0.6581704020500183,-0.010190688073635101,0.4885157644748688,0.6220376491546631,-0.010015522129833698,0.5047557950019836,0.6005873084068298,-0.008428340777754784,0.4639381170272827,0.6019029021263123,-0.0123450281098485,0.4972149431705475,0.5571578741073608,-0.019543254747986794,0.5216634273529053,0.5511605739593506,-0.022648289799690247,0.5388429760932922,0.5539122819900513,-0.023350579664111137,0.4585857391357422,0.589801013469696,-0.009703079238533974,0.49750763177871704,0.547768771648407,-0.0167662613093853,0.5255777835845947,0.5464308261871338,-0.01935797743499279,0.545007586479187,0.556443452835083,-0.019518349319696426,0.4577602446079254,0.592523992061615,-0.007519906852394342,0.4933425784111023,0.5548912286758423,-0.013268397189676762,0.5194470286369324,0.5524569153785706,-0.01635889708995819,0.5375852584838867,0.5608972311019897,-0.017195342108607292,0.4611101448535919,0.6046501994132996,-0.006102859973907471,0.4882883131504059,0.5787076950073242,-0.010819204151630402,0.5091016888618469,0.5762515664100647,-0.012960424646735191,0.5246982574462891,0.5837182402610779,-0.01322962436825037
0.4048677682876587,0.6929657459259033,1.9402540374358068e-07,0.4294196367263794,0.6764397621154785,-0.006246001459658146,0.4602796137332916,0.6418731808662415,-0.008794843219220638,0.4835190176963806,0.6206778883934021,-0.010359815321862698,0.5027517676353455,0.6074469685554504,-0.010603007860481739,0.4626905918121338,0.6009726524353027,-0.011993475258350372,0.4996072053909302,0.5621075630187988,-0.02026335522532463,0.5239015221595764,0.557360827922821,-0.02398088201880455,0.5415393710136414,0.5603723526000977,-0.025163261219859123,0.4632786214351654,0.6052437424659729,-0.012002377770841122,0.5027499198913574,0.5668039321899414,-0.01946398615837097,0.5300933122634888,0.5637795925140381,-0.022346781566739082,0.5498706698417664,0.5709226131439209,-0.02294512465596199,0.4667495787143707,0.6232128143310547,-0.012387048453092575,0.5014699697494507,0.5838045477867126,-0.01844797283411026,0.5277213454246521,0.5758484601974487,-0.021217219531536102,0.547752857208252,0.5782848000526428,-0.022230632603168488,0.47253844141960144,0.6492599248886108,-0.013319777324795723,0.49624475836753845,0.6165085434913635,-0.018164169043302536,0.5143570303916931,0.6045386791229248,-0.019735995680093765,0.5295642614364624,0.6031546592712402,-0.01985379494726658
0.4055210053920746,0.6988349556922913,1.6597665819517715e-07,0.424032598733902,0.6573039293289185,0.0022379399742931128,0.45059025287628174,0.6211490035057068,-6.780129479011521e-05,0.47349199652671814,0.6032952070236206,-0.0036199248861521482,0.4930471181869507,0.5935982465744019,-0.0068497019819915295,0.4587029218673706,0.6038253307342529,-0.010510463267564774,0.49709296226501465,0.5646934509277344,-0.020949864760041237,0.5221860408782959,0.5603623390197754,-0.02525143511593342,0.5409022569656372,0.5647656321525574,-0.02654910646378994,0.4634038805961609,0.6167787313461304,-0.016986198723316193,0.504223644733429,0.5707021951675415,-0.02621738240122795,0.5325067043304443,0.5673213005065918,-0.028848886489868164,0.552017331123352,0.5756639838218689,-0.0289645753800869,0.46913668513298035,0.6429568529129028,-0.02306891605257988,0.5048602819442749,0.590347945690155,-0.030717479065060616,0.531602144241333,0.5814588069915771,-0.032382190227508545,0.5520005822181702,0.5848259329795837,-0.03233126923441887,0.4752466082572937,0.6770391464233398,-0.028928864747285843,0.4976775050163269,0.6319313645362854,-0.03566458821296692,0.5159681439399719,0.6175795793533325,-0.036672789603471756,0.5322080254554749,0.6160441040992737,-0.03595906123518944
0.4062442481517792,0.7015185356140137,1.7812104147196806e-07,0.42514342069625854,0.6622933149337769,0.0007864678627811372,0.45261409878730774,0.6260709762573242,-0.002351096598431468,0.4762150049209595,0.6086207628250122,-0.005944871809333563,0.49710530042648315,0.6019752025604248,-0.008978774771094322,0.45984920859336853,0.6053950786590576,-0.014331350103020668,0.498561829328537,0.5655933618545532,-0.024487676098942757,0.5226448178291321,0.5614861249923706,-0.027858586981892586,0.5402395725250244,0.5652070641517639,-0.02859974279999733,0.46347758173942566,0.6185218095779419,-0.019465673714876175,0.5055786371231079,0.5731723308563232,-0.02945352904498577,0.5331692695617676,0.5699840784072876,-0.03174085170030594,0.5521185994148254,0.5769685506820679,-0.03153146430850029,0.4681020677089691,0.6439533233642578,-0.024020202457904816,0.5043528079986572,0.5918011665344238,-0.031819891184568405,0.5305068492889404,0.5821948647499084,-0.03323877975344658,0.5504593849182129,0.5837757587432861,-0.03312484174966812,0.4729016423225403,0.6765035390853882,-0.028347667306661606,0.49578139185905457,0.6329854726791382,-0.034982651472091675,0.5141816735267639,0.6193947196006775,-0.03627869859337807,0.5304307341575623,0.6179818511009216,-0.03593551367521286
0.40602102875709534,0.702738344669342,1.6857326556873886e-07,0.425417959690094,0.6555303931236267,0.00440398370847106,0.4521767199039459,0.6194647550582886,0.002038386184722185,0.4753703773021698,0.6048915386199951,-0.0017276630969718099,0.49577438831329346,0.5996077656745911,-0.005325727164745331,0.4591526985168457,0.6017308235168457,-0.011303525418043137,0.49838539958000183,0.5639277696609497,-0.021120235323905945,0.5220653414726257,0.5608257055282593,-0.02434457466006279,0.5394654273986816,0.5652725696563721,-0.025012535974383354,0.4634248614311218,0.6182205677032471,-0.01860187202692032,0.5056811571121216,0.5721276998519897,-0.028524789959192276,0.532907247543335,0.5685060620307922,-0.03097882866859436,0.5519460439682007,0.574763834476471,-0.03080795146524906,0.46838483214378357,0.6462886929512024,-0.02501562237739563,0.5043284893035889,0.5914638042449951,-0.0328952819108963,0.5297830700874329,0.5812442898750305,-0.03384922817349434,0.549239456653595,0.5821887254714966,-0.033247556537389755,0.47343140840530396,0.6816548705101013,-0.03089580126106739,0.49579134583473206,0.6342535614967346,-0.03749719634652138,0.5138543844223022,0.6191627383232117,-0.03813944011926651,0.5303650498390198,0.6169751286506653,-0.03716006129980087
0.40562766790390015,0.7074686884880066,1.5792097940448002e-07,0.42601194977760315,0.6578551530838013,0.006793576292693615,0.45319026708602905,0.622006893157959,0.0052381353452801704,0.47717705368995667,0.6099993586540222,0.0016147507121786475,0.4977978467941284,0.6058165431022644,-0.0019664980936795473,0.45912790298461914,0.6032238006591797,-0.008045095019042492,0.4992079734802246,0.5662819147109985,-0.017165586352348328,0.522439181804657,0.5647060871124268,-0.02025206945836544,0.5393372774124146,0.5705145597457886,-0.020903758704662323,0.46366289258003235,0.620787501335144,-0.01668652519583702,0.5057330131530762,0.5755048394203186,-0.02585049346089363,0.5322043895721436,0.5725354552268982,-0.02823832631111145,0.5503926277160645,0.5793627500534058,-0.028082650154829025,0.4687387943267822,0.650044322013855,-0.024346427991986275,0.5044185519218445,0.5950125455856323,-0.03111240454018116,0.5284461975097656,0.5845264196395874,-0.031101947650313377,0.5466654896736145,0.584652304649353,-0.02998286485671997,0.4736103415489197,0.6869869828224182,-0.03137689456343651,0.495870977640152,0.6385250687599182,-0.036257050931453705,0.5128276348114014,0.6209072470664978,-0.03545846417546272,0.5286224484443665,0.6159560680389404,-0.03360920771956444
0.4056335389614105,0.7140445113182068,1.6843554817569384e-07,0.4253765642642975,0.6727628707885742,0.0040062302723526955,0.45323795080184937,0.634692907333374,0.002374055562540889,0.4777762293815613,0.6183595657348633,-0.0004717407573480159,0.49906009435653687,0.6116325855255127,-0.0027542314492166042,0.4587786793708801,0.6075139045715332,-0.008400787599384785,0.4989125430583954,0.5710915327072144,-0.016534045338630676,0.5223992466926575,0.5694102048873901,-0.01891906186938286,0.539245069026947,0.5738858580589294,-0.019131643697619438,0.46262866258621216,0.6215835213661194,-0.014797813259065151,0.5053369998931885,0.5770751237869263,-0.023578016087412834,0.5315410494804382,0.5756676197052002,-0.025629922747612,0.5492583513259888,0.5831637382507324,-0.025061069056391716,0.4675573706626892,0.6479729413986206,-0.020451299846172333,0.5039929151535034,0.5957236886024475,-0.026956021785736084,0.5288878083229065,0.5870925784111023,-0.0270351804792881,0.5476630926132202,0.5881876349449158,-0.025801915675401688,0.47266846895217896,0.6824324131011963,-0.025679534301161766,0.49680811166763306,0.637018620967865,-0.029820598661899567,0.5147566199302673,0.6219008564949036,-0.028978943824768066,0.5309711694717407,0.618984043598175,-0.027128571644425392
0.40572309494018555,0.7162294387817383,1.8545605939834786e-07,0.4292527437210083,0.6929581761360168,0.0008759968332014978,0.45720258355140686,0.6529091596603394,-0.00020267616491764784,0.48041239380836487,0.6289198994636536,-0.001392662525177002,0.5001176595687866,0.6172801852226257,-0.0014751460403203964,0.4590854048728943,0.6093806028366089,-0.009548666886985302,0.5000689625740051,0.5773085355758667,-0.01572653464972973,0.5216690301895142,0.5825368165969849,-0.016818126663565636,0.5365300178527832,0.5914338231086731,-0.016459474340081215,0.461190402507782,0.6143478751182556,-0.012717695906758308,0.5054210424423218,0.5728837847709656,-0.02011471427977085,0.5309948325157166,0.5748949646949768,-0.02093062549829483,0.5484545230865479,0.5840171575546265,-0.019483795389533043,0.4653077721595764,0.6340726613998413,-0.015288197435438633,0.5036918520927429,0.5878759622573853,-0.021042590960860252,0.5289416313171387,0.5835163593292236,-0.020880192518234253,0.5476594567298889,0.5861437916755676,-0.019523341208696365,0.47057127952575684,0.6632632613182068,-0.01764194294810295,0.4958202838897705,0.6257736682891846,-0.021982066333293915,0.514238715171814,0.6143489480018616,-0.021944595500826836,0.5312511324882507,0.6129646897315979,-0.020608672872185707
0.4039795696735382,0.7192845344543457,2.1436542851915874e-07,0.4335225820541382,0.7117313742637634,-0.006765418220311403,0.463461697101593,0.6706904172897339,-0.008617659099400043,0.4842514395713806,0.6378361582756042,-0.008520237170159817,0.5020962953567505,0.6201497912406921,-0.006926297675818205,0.4623238742351532,0.6149623394012451,-0.014856223948299885,0.5035428404808044,0.5831217765808105,-0.020261699333786964,0.5246977210044861,0.5919981598854065,-0.021442420780658722,0.5387690663337708,0.6026244163513184,-0.021202651783823967,0.4602087140083313,0.6106312870979309,-0.012671644799411297,0.5059447288513184,0.572566568851471,-0.019517093896865845,0.5319308042526245,0.5777258276939392,-0.020734751597046852,0.5489122867584229,0.5899178385734558,-0.01964905485510826,0.46171045303344727,0.6225629448890686,-0.01023466233164072,0.501365602016449,0.5862128734588623,-0.014781204983592033,0.5270427465438843,0.584862232208252,-0.015506806783378124,0.544746458530426,0.591224730014801,-0.014908078126609325,0.46585020422935486,0.6454079747200012,-0.00818999856710434,0.49365121126174927,0.6138174533843994,-0.010710818693041801,0.512618362903595,0.6059277653694153,-0.010576733388006687,0.5282869935035706,0.6083365082740784,-0.009405112825334072
0.40171539783477783,0.7195850610733032,1.940143050660481e-07,0.43312180042266846,0.7045902013778687,-0.0015355827054008842,0.46232664585113525,0.6642172932624817,-0.0012166145024821162,0.48270612955093384,0.6351687908172607,-0.00028261326951906085,0.5000312924385071,0.6216768026351929,0.0018347670556977391,0.46202874183654785,0.6080747246742249,-0.006582347676157951,0.5036838054656982,0.5847464203834534,-0.009614209644496441,0.5246132612228394,0.5928868055343628,-0.01028444990515709,0.5388208627700806,0.6011768579483032,-0.010426712222397327,0.46136534214019775,0.6074129343032837,-0.00745791383087635,0.5074154138565063,0.574204683303833,-0.012614265084266663,0.5327206254005432,0.5799552798271179,-0.013907991349697113,0.5496030449867249,0.5907862186431885,-0.013280566781759262,0.46365979313850403,0.6235895156860352,-0.007923931814730167,0.5033441185951233,0.5890433192253113,-0.011751598678529263,0.5282084345817566,0.5872295498847961,-0.012114795856177807,0.5455727577209473,0.5908913016319275,-0.011527267284691334,0.46802422404289246,0.6509214639663696,-0.008384107612073421,0.49606069922447205,0.6182751655578613,-0.009919974952936172,0.5139552354812622,0.6086341142654419,-0.008709399960935116,0.5290125608444214,0.6082517504692078,-0.007064328528940678
0.401569128036499,0.7180670499801636,1.4525070923809835e-07,0.42958757281303406,0.6892699003219604,0.007195597980171442,0.45609861612319946,0.6486113667488098,0.009434539824724197,0.4770647883415222,0.6263850331306458,0.00990324467420578,0.49445486068725586,0.6167646646499634,0.010910090059041977,0.45858582854270935,0.6024202108383179,0.0009547487716190517,0.4995957612991333,0.5787606239318848,-0.0021468130871653557,0.520145058631897,0.5863839387893677,-0.0027406984008848667,0.534682035446167,0.5963267683982849,-0.003051295643672347,0.461986243724823,0.6049854159355164,-0.005718646105378866,0.5075672268867493,0.5691329836845398,-0.010408497415482998,0.5325632691383362,0.5743014216423035,-0.011256331577897072,0.5496224164962769,0.5848560333251953,-0.010482707992196083,0.46722903847694397,0.624199628829956,-0.011699575930833817,0.5069706439971924,0.5844939947128296,-0.015394921414554119,0.531050980091095,0.5839123129844666,-0.015081381425261497,0.5483887195587158,0.586906373500824,-0.01431372482329607,0.4736565053462982,0.6554815173149109,-0.017087506130337715,0.5005154013633728,0.6191761493682861,-0.01923154853284359,0.5178208947181702,0.6080802083015442,-0.017925085499882698,0.5332790613174438,0.6041996479034424,-0.016318287700414658
0.40048444271087646,0.7187730073928833,1.3160934031475335e-07,0.4256941080093384,0.6790577173233032,0.009726176969707012,0.451767235994339,0.6379390358924866,0.011980150826275349,0.47367727756500244,0.6203688383102417,0.01153156254440546,0.4917968213558197,0.6130619049072266,0.011344945058226585,0.4559221565723419,0.599063515663147,0.002920568687841296,0.4979591965675354,0.5739074349403381,-0.0016879636095836759,0.5207237005233765,0.5789541602134705,-0.003291709115728736,0.5370943546295166,0.5881122946739197,-0.004071472678333521,0.4608617126941681,0.605458676815033,-0.006101103033870459,0.5058454871177673,0.5659003853797913,-0.011962788179516792,0.5311737060546875,0.5712208151817322,-0.013301912695169449,0.5479530096054077,0.5830033421516418,-0.012689546681940556,0.4673674702644348,0.6271896958351135,-0.014480965211987495,0.5061373710632324,0.5819560289382935,-0.019092516973614693,0.5312690734863281,0.5813974738121033,-0.018525380641222,0.5494224429130554,0.585888147354126,-0.01731007546186447,0.47509947419166565,0.6606050133705139,-0.022184399887919426,0.5012391209602356,0.6175053119659424,-0.024959467351436615,0.519004225730896,0.6049258708953857,-0.023490145802497864,0.5347543358802795,0.6012783050537109,-0.02163861319422722
0.40051087737083435,0.7174632549285889,1.0175788389688023e-07,0.4252990484237671,0.6673213839530945,0.015428132377564907,0.4487224519252777,0.6271257400512695,0.018683888018131256,0.46957093477249146,0.6115047931671143,0.017523260787129402,0.4868546426296234,0.606202244758606,0.015891265124082565,0.45371514558792114,0.5971511602401733,0.00726714264601469,0.4958948493003845,0.5707494616508484,0.0025282297283411026,0.5186899900436401,0.5768362879753113,0.0007834353018552065,0.535065233707428,0.5874877572059631,-0.00020751992997247726,0.4603797495365143,0.6066903471946716,-0.005560070741921663,0.5052064657211304,0.5644697546958923,-0.010645519010722637,0.5311981439590454,0.5692214369773865,-0.011723250150680542,0.5484189987182617,0.5807157158851624,-0.011319983750581741,0.46799522638320923,0.6308715343475342,-0.01746702380478382,0.5068380236625671,0.5795252323150635,-0.02169826626777649,0.5323566794395447,0.5793888568878174,-0.02073667198419571,0.5507789254188538,0.5849596858024597,-0.01951509900391102,0.47648993134498596,0.666944146156311,-0.02832038700580597,0.5012471675872803,0.6187298893928528,-0.03167182207107544,0.5186929702758789,0.6053054928779602,-0.03021821565926075,0.5346303582191467,0.6016417145729065,-0.028404492884874344
0.39991623163223267,0.7212347388267517,1.1177664305250801e-07,0.4277220666408539,0.6673315167427063,0.018824484199285507,0.45136818289756775,0.630944550037384,0.022891033440828323,0.4718962013721466,0.6202370524406433,0.02124500647187233,0.4897984564304352,0.6185901761054993,0.01876296103000641,0.45325517654418945,0.5997099280357361,0.014077656902372837,0.4953417479991913,0.5787924528121948,0.010282224044203758,0.5181950926780701,0.584362268447876,0.008211315609514713,0.5355912446975708,0.5922072529792786,0.006505735218524933,0.45939409732818604,0.6109535694122314,-0.0013848947128280997,0.5049104690551758,0.5745750665664673,-0.005555103998631239,0.5315307378768921,0.5787219405174255,-0.007378865964710712,0.5503987669944763,0.5862488150596619,-0.007968179881572723,0.46647757291793823,0.6352264881134033,-0.016114620491862297,0.5055719017982483,0.5837985873222351,-0.020524971187114716,0.5313080549240112,0.582779049873352,-0.020012110471725464,0.5505974888801575,0.5853424668312073,-0.019256407395005226,0.4744035601615906,0.6708183288574219,-0.029630575329065323,0.49876299500465393,0.6213352084159851,-0.03329446166753769,0.5159791707992554,0.6081297993659973,-0.03166019916534424,0.5318190455436707,0.6033579111099243,-0.029933379963040352
0.39833980798721313,0.7253074645996094,1.1747919614890634e-07,0.42666637897491455,0.6734758615493774,0.018744012340903282,0.45066192746162415,0.6379822492599487,0.02276288904249668,0.47126078605651855,0.6287991404533386,0.02125335857272148,0.48918628692626953,0.6290400624275208,0.018938634544610977,0.4532448947429657,0.6058575510978699,0.01332004088908434,0.4942176342010498,0.5864338874816895,0.00949794240295887,0.5172483921051025,0.5919241905212402,0.00726911798119545,0.5352317094802856,0.5998398065567017,0.0054392097517848015,0.4588310718536377,0.6172773838043213,-0.0019155651098117232,0.5031256675720215,0.5836326479911804,-0.0062601156532764435,0.5302668213844299,0.5878781676292419,-0.008116954937577248,0.5499793291091919,0.5959758162498474,-0.008752169087529182,0.4651836156845093,0.6419163942337036,-0.016318881884217262,0.504050076007843,0.593716561794281,-0.020754685625433922,0.529622495174408,0.5922403335571289,-0.020070616155862808,0.5485267043113708,0.5942691564559937,-0.01919747330248356,0.4727201461791992,0.6779578924179077,-0.029469486325979233,0.49715933203697205,0.6302303075790405,-0.0330108106136322,0.5139259099960327,0.6154671311378479,-0.031183581799268723,0.5289661884307861,0.6085201501846313,-0.029294023290276527
0.398017555475235,0.7332281470298767,1.4720306751314638e-07,0.42310822010040283,0.6870006322860718,0.013161014765501022,0.44774892926216125,0.650784969329834,0.015754375606775284,0.4678910970687866,0.6397729516029358,0.014304578304290771,0.4846175014972687,0.6369033455848694,0.012714648619294167,0.4534887969493866,0.6180245876312256,0.008662578649818897,0.4931413531303406,0.5949832201004028,0.004026999697089195,0.5160942077636719,0.5990748405456543,0.001621545059606433,0.5337188839912415,0.6061920523643494,0.00043073666165582836,0.45883551239967346,0.6265179514884949,-0.0028552247676998377,0.5020697712898254,0.5904132723808289,-0.007572014816105366,0.5295931696891785,0.5907828211784363,-0.008945024572312832,0.5491166710853577,0.5975457429885864,-0.008709708228707314,0.46486684679985046,0.6482452154159546,-0.013890902511775494,0.5026895999908447,0.602455735206604,-0.017942896112799644,0.5284396409988403,0.5995365977287292,-0.017319906502962112,0.5470147132873535,0.6031711101531982,-0.016044890508055687,0.4715157747268677,0.6815728545188904,-0.024159692227840424,0.49611926078796387,0.6365460157394409,-0.026715578511357307,0.5136270523071289,0.6238080263137817,-0.024487456306815147,0.5284039974212646,0.6209473609924316,-0.022005733102560043
0.3994099497795105,0.7432435154914856,1.745482762771644e-07,0.42492175102233887,0.7104862928390503,0.007306401617825031,0.4517849087715149,0.6686105132102966,0.008840923197567463,0.47324714064598083,0.6467491984367371,0.007949241437017918,0.4903848171234131,0.6341997385025024,0.007557452656328678,0.4529467523097992,0.6250889301300049,0.003357271198183298,0.4931911528110504,0.5979095697402954,-0.0021203220821917057,0.5181645750999451,0.5990409255027771,-0.004503907635807991,0.536841630935669,0.6035321354866028,-0.0053212945349514484,0.45507439970970154,0.6286768317222595,-0.004420981742441654,0.49919450283050537,0.5931882858276367,-0.010213836096227169,0.5272469520568848,0.5948516726493835,-0.011822777800261974,0.5475975871086121,0.6016479134559631,-0.011451564729213715,0.45968151092529297,0.6470310688018799,-0.012063553556799889,0.4980236291885376,0.6037388443946838,-0.01698847860097885,0.5245314240455627,0.6022179126739502,-0.01685348153114319,0.5435017347335815,0.606718897819519,-0.015675947070121765,0.4668296277523041,0.6762545108795166,-0.019314901903271675,0.49274513125419617,0.6316904425621033,-0.022134900093078613,0.5113669037818909,0.6201903820037842,-0.02064627781510353,0.5271776914596558,0.6188732385635376,-0.01868033967912197
0.39897778630256653,0.7430965304374695,1.414025518897688e-07,0.4237290918827057,0.6949538588523865,0.01563146710395813,0.44781309366226196,0.6535946130752563,0.019496705383062363,0.46871232986450195,0.6379461884498596,0.018603071570396423,0.48618975281715393,0.6309995055198669,0.01719682104885578,0.4498458802700043,0.6189156770706177,0.01163407601416111,0.4882495403289795,0.5901848077774048,0.00681636668741703,0.5131704807281494,0.589293360710144,0.004415703937411308,0.5323108434677124,0.5922424793243408,0.0030288563575595617,0.4545513093471527,0.6280496120452881,-0.001557450625114143,0.49650275707244873,0.5913209319114685,-0.006585938390344381,0.5242701172828674,0.592750072479248,-0.008777206763625145,0.5448457598686218,0.5984318256378174,-0.009412407875061035,0.4607774317264557,0.650300145149231,-0.014294818975031376,0.4972681403160095,0.6029216647148132,-0.019309524446725845,0.5242180228233337,0.6004602909088135,-0.019727878272533417,0.5445842146873474,0.6030641198158264,-0.019412199035286903,0.4690062701702118,0.6832476854324341,-0.026017846539616585,0.4926888048648834,0.6361844539642334,-0.029880091547966003,0.5101872682571411,0.6228763461112976,-0.02904575504362583,0.5260848999023438,0.618924081325531,-0.027836378663778305
0.4007074236869812,0.743238091468811,1.4793623392961308e-07,0.42645540833473206,0.7033271193504333,0.012747237458825111,0.4505612254142761,0.6589251756668091,0.016146788373589516,0.4720117449760437,0.637490451335907,0.015436953864991665,0.4894252419471741,0.6257962584495544,0.014589046128094196,0.4492393136024475,0.6183034777641296,0.009286880493164062,0.48804575204849243,0.5884469151496887,0.004245609510689974,0.5133830904960632,0.5893283486366272,0.0016098965425044298,0.5320801138877869,0.5938562750816345,0.0001251263456651941,0.4527600109577179,0.6243191361427307,-0.0020557146053761244,0.4955699145793915,0.5875816941261292,-0.006913272198289633,0.5235644578933716,0.5915384292602539,-0.009226009249687195,0.5433362126350403,0.5996917486190796,-0.010052449069917202,0.4587630331516266,0.6443359851837158,-0.01309406477957964,0.4959832727909088,0.600009560585022,-0.01766129769384861,0.5233460664749146,0.6010117530822754,-0.018586207181215286,0.5429308414459229,0.6070063710212708,-0.018863728269934654,0.46751102805137634,0.6744840145111084,-0.023390598595142365,0.49082353711128235,0.6316516399383545,-0.02705821767449379,0.5079908967018127,0.620131254196167,-0.026912875473499298,0.5229812860488892,0.6181331872940063,-0.026369798928499222
0.4009072482585907,0.7421700954437256,1.7380605754624412e-07,0.4285508692264557,0.7075992226600647,0.009374420158565044,0.4525213837623596,0.6649922728538513,0.012013240717351437,0.4727855622768402,0.6425042748451233,0.011287087574601173,0.48841556906700134,0.6290982961654663,0.010603786446154118,0.45030269026756287,0.6163535118103027,0.008379203267395496,0.489559143781662,0.5900559425354004,0.003213619813323021,0.5153955817222595,0.5908899307250977,-0.0003831362701021135,0.5344010591506958,0.594466507434845,-0.002617696300148964,0.45311909914016724,0.6217136383056641,-0.0010015928419306874,0.4960035979747772,0.5893489718437195,-0.006266152951866388,0.5237977504730225,0.5931575894355774,-0.009763958863914013,0.5433436632156372,0.5999463200569153,-0.011492263525724411,0.45873916149139404,0.6404521465301514,-0.01034039631485939,0.4953344464302063,0.6007782220840454,-0.015147452242672443,0.5220687389373779,0.6004238128662109,-0.01669507473707199,0.54102623462677,0.6041816473007202,-0.017324522137641907,0.4672035574913025,0.6685629487037659,-0.019207078963518143,0.49091675877571106,0.6273947358131409,-0.022539623081684113,0.5079609751701355,0.6152389645576477,-0.022155163809657097,0.5225894451141357,0.6117077469825745,-0.021429618820548058
0.4029098153114319,0.7404905557632446,1.5882814352607966e-07,0.42805206775665283,0.7083009481430054,0.008016894571483135,0.45160117745399475,0.6655393242835999,0.010282040573656559,0.4715767800807953,0.6424170732498169,0.009642872028052807,0.48687511682510376,0.6277684569358826,0.00924595259130001,0.45004600286483765,0.6149004697799683,0.006237257272005081,0.4897304177284241,0.5871354937553406,0.0005943092983216047,0.5151177644729614,0.5937991738319397,-0.0032773639541119337,0.5329103469848633,0.6041816473007202,-0.00537475198507309,0.4532933235168457,0.619380533695221,-0.0019616028293967247,0.4955511689186096,0.586321234703064,-0.007250647526234388,0.5231643319129944,0.5950570702552795,-0.010747365653514862,0.5411943197250366,0.6093556880950928,-0.012431648559868336,0.45891377329826355,0.6375658512115479,-0.010106966830790043,0.49516892433166504,0.5986819863319397,-0.01478648278862238,0.5216453075408936,0.6027352809906006,-0.016756990924477577,0.5394625663757324,0.6122636795043945,-0.01768445409834385,0.46736130118370056,0.6644583940505981,-0.017803000286221504,0.4916499853134155,0.6246320605278015,-0.0210629403591156,0.5089749097824097,0.6154348850250244,-0.020911693572998047,0.5229178071022034,0.6156527400016785,-0.020269079133868217
0.4035860002040863,0.737717866897583,8.359867109675179e-08,0.4255855977535248,0.6868002414703369,0.02118764817714691,0.4481724798679352,0.6468806266784668,0.026019705459475517,0.4677315950393677,0.6330532431602478,0.024561312049627304,0.485162615776062,0.6267959475517273,0.02226615697145462,0.4492224156856537,0.6121790409088135,0.013643254525959492,0.4894804358482361,0.5844382047653198,0.009017088450491428,0.5137416124343872,0.59848552942276,0.007406485732644796,0.5293734073638916,0.6176897883415222,0.007385663688182831,0.4538891911506653,0.6197727918624878,-0.0024437138345092535,0.49616527557373047,0.5835087895393372,-0.007550965528935194,0.5227457284927368,0.5995739102363586,-0.0084078349173069,0.5363796353340149,0.6242766976356506,-0.0071285986341536045,0.4602389931678772,0.6403622627258301,-0.017428314313292503,0.4964955449104309,0.594292938709259,-0.020770426839590073,0.522531270980835,0.6068461537361145,-0.018884828314185143,0.5375024080276489,0.6269922256469727,-0.01648743636906147,0.4691801071166992,0.6705036163330078,-0.031089279800653458,0.4938340187072754,0.6251420974731445,-0.033457979559898376,0.5113951563835144,0.6193070411682129,-0.031067803502082825,0.5237749218940735,0.6261627674102783,-0.028117287904024124
0.4046160578727722,0.7424756288528442,5.204103459277576e-08,0.4254225492477417,0.6915785074234009,0.02096199057996273,0.4475601315498352,0.6507992148399353,0.026042930781841278,0.46618369221687317,0.6375592947006226,0.025138026103377342,0.4838695824146271,0.6321265697479248,0.023697638884186745,0.4487054944038391,0.6133245229721069,0.014141762629151344,0.4870063364505768,0.5840110182762146,0.011041068471968174,0.5090306401252747,0.597943902015686,0.010418826714158058,0.5226279497146606,0.6195167899131775,0.011106438003480434,0.45335206389427185,0.6197181344032288,-0.0010478516342118382,0.4931875169277191,0.5813595056533813,-0.004270398057997227,0.517877995967865,0.5960361957550049,-0.004221846349537373,0.5304665565490723,0.6207554936408997,-0.002557245781645179,0.45988962054252625,0.639736533164978,-0.015076210722327232,0.4951680600643158,0.5934668183326721,-0.016544263809919357,0.5193572044372559,0.6045751571655273,-0.014405546709895134,0.5331794023513794,0.6246523261070251,-0.012151863425970078,0.4691270887851715,0.6699138879776001,-0.02777433954179287,0.4936669170856476,0.623967170715332,-0.027910420671105385,0.5104457139968872,0.6199914813041687,-0.024318087846040726,0.5217308402061462,0.6296126246452332,-0.020737290382385254
0.40499117970466614,0.7435182332992554,1.765268997644398e-08,0.4246040880680084,0.6925503611564636,0.022694788873195648,0.4473191201686859,0.649995744228363,0.028293896466493607,0.4663003385066986,0.6351485252380371,0.02734731137752533,0.4849868714809418,0.6280666589736938,0.025665195658802986,0.44918256998062134,0.6149698495864868,0.014200089499354362,0.48808690905570984,0.580310046672821,0.009647931903600693,0.50989830493927,0.5969442129135132,0.008379349485039711,0.5216962099075317,0.6212519407272339,0.00918641034513712,0.45368966460227966,0.622287392616272,-0.0023042631801217794,0.49500206112861633,0.5806515216827393,-0.0074183703400194645,0.5197596549987793,0.5997281670570374,-0.008066493086516857,0.5296663045883179,0.6294439435005188,-0.006236041896045208,0.4597921669483185,0.6430415511131287,-0.017532261088490486,0.4968920350074768,0.5955612063407898,-0.020661959424614906,0.5210561752319336,0.6106812953948975,-0.018768038600683212,0.5325987339019775,0.633804202079773,-0.01604890264570713,0.46827471256256104,0.6724880337715149,-0.031215796247124672,0.49339818954467773,0.6247206926345825,-0.03271053358912468,0.5102280974388123,0.6218640208244324,-0.02960330992937088,0.5204566717147827,0.6337291598320007,-0.026039687916636467
0.40324607491493225,0.7442836165428162,6.595230672701291e-08,0.42516061663627625,0.6931463479995728,0.017133789137005806,0.449215292930603,0.6525247693061829,0.02062099426984787,0.4687722325325012,0.638926088809967,0.019513603299856186,0.48691612482070923,0.6308392882347107,0.018162734806537628,0.4501420557498932,0.620542585849762,0.006204456556588411,0.49119019508361816,0.5855792760848999,0.0011845389381051064,0.5119935274124146,0.6041334867477417,-3.074012784054503e-05,0.5243887901306152,0.6274862289428711,0.0005959175177849829,0.4536774456501007,0.6279404759407043,-0.006491494365036488,0.4966704547405243,0.5796626806259155,-0.011922110803425312,0.5215649008750916,0.5972774028778076,-0.012460270896553993,0.5337182879447937,0.6251763701438904,-0.010795473121106625,0.459096759557724,0.6494536399841309,-0.017821744084358215,0.4961087703704834,0.5942028164863586,-0.021255910396575928,0.5188681483268738,0.609587550163269,-0.019731126725673676,0.5314970016479492,0.6318696141242981,-0.017599865794181824,0.4662216603755951,0.6801263093948364,-0.027807585895061493,0.4879825711250305,0.6332176327705383,-0.029796218499541283,0.5008480548858643,0.6299178004264832,-0.027317427098751068,0.50949627161026,0.638757050037384,-0.024339040741324425
0.4029378890991211,0.7476926445960999,1.2390650283577997e-07,0.425557941198349,0.7038254141807556,0.004396652337163687,0.4512558579444885,0.6605043411254883,0.004425961058586836,0.470800518989563,0.6394974589347839,0.003110053250566125,0.4870295226573944,0.6261206865310669,0.0028375573456287384,0.450473427772522,0.6219419836997986,-0.0028849903028458357,0.49240532517433167,0.5833846926689148,-0.00908840261399746,0.51352858543396,0.6019397974014282,-0.01179150864481926,0.525983452796936,0.6249198913574219,-0.011931322515010834,0.4538000822067261,0.6293275952339172,-0.007619948126375675,0.49680811166763306,0.5814169049263,-0.011959153227508068,0.5209676623344421,0.5970340371131897,-0.013023069128394127,0.5339338779449463,0.6220970749855042,-0.012434528209269047,0.45919111371040344,0.6505810022354126,-0.011891658417880535,0.49484458565711975,0.6012517809867859,-0.01389867253601551,0.5168783068656921,0.6145491003990173,-0.01384708285331726,0.5296815037727356,0.6364319920539856,-0.013471480458974838,0.4658196270465851,0.6801174879074097,-0.01596558839082718,0.48591622710227966,0.6402458548545837,-0.016770875081419945,0.4976584017276764,0.6397850513458252,-0.015237703919410706,0.5052228569984436,0.6503760814666748,-0.013337207026779652
0.4026237726211548,0.7447271943092346,1.3676954324637336e-07,0.42504534125328064,0.7019435167312622,0.0002905948495026678,0.45129919052124023,0.6547499895095825,0.0002130567590938881,0.471735417842865,0.6298275589942932,-0.0002364822430536151,0.488120436668396,0.6140458583831787,0.0008154248935170472,0.45077091455459595,0.6195653080940247,-0.0035747268702834845,0.49387869238853455,0.577155590057373,-0.009985016658902168,0.5156950354576111,0.5949914455413818,-0.013047924265265465,0.5276918411254883,0.6174293160438538,-0.013237940147519112,0.45423340797424316,0.6271203756332397,-0.00537644699215889,0.49825987219810486,0.5835527181625366,-0.009636790491640568,0.5220363736152649,0.6008830070495605,-0.01157065574079752,0.5345355272293091,0.6251469850540161,-0.011641362681984901,0.45983290672302246,0.6470726728439331,-0.00721001299098134,0.49464622139930725,0.6003233790397644,-0.0090057123452425,0.5170021057128906,0.6126087307929993,-0.010044499300420284,0.5299508571624756,0.6335896253585815,-0.010454447008669376,0.46700307726860046,0.6741319298744202,-0.009215128608047962,0.487628698348999,0.632590115070343,-0.010035756975412369,0.5011322498321533,0.6306726932525635,-0.009394985623657703,0.5101943612098694,0.640285074710846,-0.008182838559150696
0.4030240774154663,0.7409909963607788,1.1573271052611744e-07,0.4236839711666107,0.693077027797699,0.006183973513543606,0.44873735308647156,0.6482635736465454,0.007118381094187498,0.4688478708267212,0.6279134750366211,0.006189441308379173,0.4855770468711853,0.6150505542755127,0.006188752595335245,0.4499625265598297,0.6146016120910645,-0.0006068793591111898,0.49267610907554626,0.5775198936462402,-0.007050297688692808,0.513774573802948,0.596498429775238,-0.0099253598600626,0.5258935689926147,0.6197289228439331,-0.01010860875248909,0.4541648030281067,0.6212294101715088,-0.0063535491935908794,0.49828919768333435,0.5770580768585205,-0.0112390061840415,0.5220154523849487,0.5940607786178589,-0.012955456040799618,0.534369170665741,0.6191108822822571,-0.012699191458523273,0.460549533367157,0.640535831451416,-0.011649489402770996,0.4963732957839966,0.5927520990371704,-0.013977909460663795,0.5190116167068481,0.6065599322319031,-0.014305331744253635,0.5319057703018188,0.628683865070343,-0.014041841961443424,0.4684118926525116,0.667930543422699,-0.01664046384394169,0.4903480112552643,0.6237528920173645,-0.017661405727267265,0.5049692392349243,0.6222267150878906,-0.01639217883348465,0.515082597732544,0.6333549618721008,-0.014665655791759491
0.40419065952301025,0.7391301989555359,8.543103291458465e-08,0.4249688982963562,0.6856129169464111,0.01723911240696907,0.44875144958496094,0.6452315449714661,0.020569056272506714,0.46866142749786377,0.6304929256439209,0.01898173987865448,0.4863322079181671,0.6211187243461609,0.01722298376262188,0.44870221614837646,0.6106114387512207,0.00846792757511139,0.491630494594574,0.5743574500083923,0.004029993433505297,0.5129734873771667,0.5943617224693298,0.0019536102190613747,0.5261317491531372,0.6174348592758179,0.0015820226399227977,0.4536017179489136,0.6177574992179871,-0.004332136362791061,0.4980066120624542,0.5714899301528931,-0.007197403348982334,0.5225473642349243,0.5895751714706421,-0.008339598774909973,0.5356913208961487,0.6156817674636841,-0.008595959283411503,0.4603123962879181,0.6376430988311768,-0.0159175805747509,0.4979320168495178,0.5893301963806152,-0.016266413033008575,0.5200217366218567,0.607634961605072,-0.015157432295382023,0.5324115753173828,0.6315692067146301,-0.014932428486645222,0.46871817111968994,0.6657413840293884,-0.02647760510444641,0.4900221526622772,0.6227761507034302,-0.025383617728948593,0.5028112530708313,0.6243768930435181,-0.022174270823597908,0.5113714337348938,0.6371594667434692,-0.019881559535861015
0.4047483801841736,0.7394417524337769,1.6318788098601544e-08,0.42691078782081604,0.6829447746276855,0.022619161754846573,0.4490143656730652,0.6403219699859619,0.02778053469955921,0.46744826436042786,0.6251927614212036,0.026093991473317146,0.4855637848377228,0.6168786287307739,0.023738324642181396,0.4482473134994507,0.6080478429794312,0.014463799074292183,0.4900963604450226,0.5712714791297913,0.009219741448760033,0.5112777352333069,0.5943797826766968,0.007086893077939749,0.5225232243537903,0.6205520033836365,0.0069040413945913315,0.45309242606163025,0.6156993508338928,-0.0022981769870966673,0.4981559216976166,0.5716291666030884,-0.007737756706774235,0.5221527814865112,0.5966609716415405,-0.009494110010564327,0.5320413112640381,0.6275280117988586,-0.00909204501658678,0.4600338041782379,0.6358587145805359,-0.017854245379567146,0.4995341897010803,0.5861036777496338,-0.020730340853333473,0.5228391885757446,0.6077283620834351,-0.019378675147891045,0.5344535708427429,0.633720874786377,-0.017791911959648132,0.469113290309906,0.665325939655304,-0.03198745474219322,0.49456271529197693,0.6194402575492859,-0.03299958258867264,0.5101418495178223,0.6213914752006531,-0.029980944469571114,0.5198752880096436,0.6357445120811462,-0.027148444205522537
0.4016609191894531,0.742506206035614,1.706942143187007e-08,0.42521440982818604,0.6859030723571777,0.021601101383566856,0.44850417971611023,0.6455072164535522,0.02691570110619068,0.4677619934082031,0.6333417296409607,0.025793401524424553,0.4861214756965637,0.6285987496376038,0.02416357770562172,0.4483722746372223,0.6099038124084473,0.016042739152908325,0.4889235496520996,0.5774404406547546,0.012645694427192211,0.5097649097442627,0.5985093712806702,0.011109979823231697,0.5218124389648438,0.6228733658790588,0.01092048455029726,0.45342597365379333,0.6179535388946533,0.0001881937205325812,0.49680936336517334,0.5804451107978821,-0.0030035562813282013,0.5203387141227722,0.6027175188064575,-0.004383044317364693,0.5316500663757324,0.6304528117179871,-0.004149852320551872,0.4605293869972229,0.6389796733856201,-0.014533814042806625,0.49784716963768005,0.5920189619064331,-0.015840142965316772,0.519844114780426,0.6098888516426086,-0.014356719329953194,0.5320062637329102,0.6329071521759033,-0.01299770176410675,0.46950164437294006,0.6697385311126709,-0.027973784133791924,0.49203935265541077,0.6242349743843079,-0.028094269335269928,0.50637286901474,0.6234815716743469,-0.024799460545182228,0.5165320634841919,0.6346973776817322,-0.021796727553009987
0.40198051929473877,0.7449096441268921,2.5106245971073804e-08,0.4240131378173828,0.6896777153015137,0.0241121556609869,0.44660836458206177,0.6486718654632568,0.03065590187907219,0.4658798277378082,0.6341922283172607,0.03067719377577305,0.48440825939178467,0.6290587186813354,0.03015948086977005,0.447583943605423,0.6140210032463074,0.018169211223721504,0.4880325198173523,0.5826406478881836,0.01767081394791603,0.5084151029586792,0.5983709096908569,0.01895126700401306,0.5205992460250854,0.6188021898269653,0.020427554845809937,0.4528043568134308,0.6199434399604797,0.0020500514656305313,0.49570432305336,0.581021785736084,0.001839621807448566,0.518637478351593,0.5979148149490356,0.0034788392949849367,0.5300806760787964,0.6221745610237122,0.005532742012292147,0.45988160371780396,0.639525294303894,-0.012673349119722843,0.4971546232700348,0.5927487015724182,-0.011522779241204262,0.5194842219352722,0.6060944199562073,-0.008145241066813469,0.5321851968765259,0.626305103302002,-0.006010096520185471,0.4690561890602112,0.6686409115791321,-0.02589205652475357,0.493171364068985,0.6258362531661987,-0.02457771636545658,0.5089067816734314,0.6224876642227173,-0.020756203681230545,0.519952654838562,0.6306908130645752,-0.01761247031390667
0.3988953232765198,0.7469671964645386,8.29911073196854e-08,0.4246147572994232,0.7018359899520874,0.013147925026714802,0.45080137252807617,0.6584135293960571,0.016848167404532433,0.47160598635673523,0.6409379243850708,0.016671741381287575,0.4888933300971985,0.6326729655265808,0.016736863180994987,0.45110249519348145,0.6166602373123169,0.010723426006734371,0.49173906445503235,0.5912555456161499,0.008291594684123993,0.5140064358711243,0.6033331751823425,0.007170301396399736,0.5277167558670044,0.6198289394378662,0.006985219661146402,0.4540233314037323,0.6231043338775635,0.00040152244037017226,0.4975171983242035,0.5910192728042603,-0.0020127389580011368,0.5217642784118652,0.6053463220596313,-0.003408218966796994,0.534579873085022,0.6275014281272888,-0.0034861834719777107,0.45930442214012146,0.6430696249008179,-0.009320025332272053,0.4970950782299042,0.6020440459251404,-0.010753907263278961,0.5209594964981079,0.6115010380744934,-0.011277456767857075,0.5353132486343384,0.6289948225021362,-0.011501473374664783,0.46685755252838135,0.6720820665359497,-0.018204940482974052,0.4909876585006714,0.6309460401535034,-0.018858376890420914,0.5061941146850586,0.6263188123703003,-0.017289401963353157,0.5168172717094421,0.6336866021156311,-0.015673983842134476
0.3995199501514435,0.746177077293396,1.679061369941337e-07,0.43580132722854614,0.7396924495697021,-0.004514526110142469,0.46418827772140503,0.6935166120529175,-0.003711438737809658,0.48095113039016724,0.6578696370124817,-0.0018959145527333021,0.4926602840423584,0.6353669762611389,0.001641237991861999,0.4556306004524231,0.6253567934036255,-0.0012215733295306563,0.49599990248680115,0.5982601046562195,-0.0035511122550815344,0.5191022753715515,0.6100252866744995,-0.0051200916059315205,0.5319905281066895,0.6267268657684326,-0.0053307656198740005,0.4516855776309967,0.6171106100082397,0.0007104100077413023,0.49546343088150024,0.585652232170105,-0.001520671066828072,0.5192967057228088,0.6021547913551331,-0.003439508378505707,0.532053530216217,0.6258782148361206,-0.0038723289035260677,0.45192214846611023,0.6242141723632812,0.0021724803373217583,0.49156060814857483,0.5930602550506592,0.00035799064789898694,0.5155689120292664,0.6060978770256042,-0.0029258346185088158,0.5289178490638733,0.6270362734794617,-0.004925502464175224,0.4565323293209076,0.6403774619102478,0.0032417031470686197,0.48471957445144653,0.6111211776733398,0.0009920577285811305,0.5020987391471863,0.6143278479576111,-0.0009116005967371166,0.5129308700561523,0.6272090077400208,-0.0014558268012478948
0.39925459027290344,0.7430245280265808,1.4877674914259842e-07,0.429332971572876,0.7224775552749634,-0.00029919916414655745,0.4576509892940521,0.677711546421051,0.0003565714287105948,0.478123277425766,0.6510459780693054,0.0012026678305119276,0.49332091212272644,0.6349422335624695,0.0035492684692144394,0.4541945159435272,0.6202149987220764,-0.001479527447372675,0.49422675371170044,0.5874881744384766,-0.003662942675873637,0.5159048438072205,0.5980914235115051,-0.004281745292246342,0.528028130531311,0.6145788431167603,-0.0036284727975726128,0.45279020071029663,0.6204581260681152,-0.0021295277401804924,0.496390700340271,0.5882411599159241,-0.003783800872042775,0.5205457210540771,0.6019958257675171,-0.004693672526627779,0.533869743347168,0.6245601177215576,-0.004367138724774122,0.4543698728084564,0.6347517967224121,-0.002633074065670371,0.49208009243011475,0.5993971824645996,-0.0032374951988458633,0.5158572793006897,0.6087595224380493,-0.00462711276486516,0.5300949811935425,0.6271612048149109,-0.005478293169289827,0.4589610695838928,0.6567432284355164,-0.0031567420810461044,0.4841808080673218,0.623503565788269,-0.0036430286709219217,0.5000113844871521,0.6224982738494873,-0.003186037763953209,0.5105217099189758,0.6324077248573303,-0.0020345139782875776
0.4007512927055359,0.7404601573944092,1.2841081797887455e-07,0.42844003438949585,0.711829662322998,0.006158440373837948,0.45531341433525085,0.6662583351135254,0.00864508468657732,0.4758344292640686,0.6422732472419739,0.009612369351089,0.49194005131721497,0.6293121576309204,0.011623258702456951,0.4534573256969452,0.6164190769195557,0.004108780063688755,0.49331367015838623,0.5858006477355957,0.0023388389963656664,0.5154299139976501,0.5960367321968079,0.0020171336364001036,0.5271515846252441,0.6127986907958984,0.002955051138997078,0.45415210723876953,0.6183210015296936,-0.0003878230636473745,0.49751079082489014,0.5834218859672546,-0.0013939226046204567,0.521079957485199,0.5956630110740662,-0.0015616321470588446,0.5325210690498352,0.6177535653114319,-0.0005238414742052555,0.4577099084854126,0.6351474523544312,-0.004433480091392994,0.495063453912735,0.5967174172401428,-0.004509604070335627,0.5186131000518799,0.6051250100135803,-0.0051333168521523476,0.5315765142440796,0.6237138509750366,-0.005390652921050787,0.4642530381679535,0.6612338423728943,-0.008042396977543831,0.48904359340667725,0.6265224814414978,-0.00798171665519476,0.5042874813079834,0.6251839399337769,-0.006827174220234156,0.5139452219009399,0.6358818411827087,-0.005166744347661734
0.3975934386253357,0.7448010444641113,1.1685677492323521e-07,0.4264133870601654,0.7027855515480042,0.010169055312871933,0.45382237434387207,0.6614972352981567,0.013622447848320007,0.4759247303009033,0.6442360281944275,0.014383576810359955,0.49345287680625916,0.6368622779846191,0.015877479687333107,0.4514831304550171,0.6173591613769531,0.009769218042492867,0.4927698075771332,0.5924206972122192,0.008726157248020172,0.5147964358329773,0.6030110716819763,0.007940122857689857,0.5284311175346375,0.6168432235717773,0.007699976675212383,0.45321035385131836,0.6249041557312012,0.002506120130419731,0.4966537058353424,0.5926163792610168,0.0022674843203276396,0.5190207958221436,0.6038642525672913,0.0014115693047642708,0.5318966507911682,0.6209104657173157,0.0011436971835792065,0.457249253988266,0.6462790966033936,-0.004174536559730768,0.49406948685646057,0.607123613357544,-0.0035957235377281904,0.5138246417045593,0.6142406463623047,-0.003201692132279277,0.5255011320114136,0.6289580464363098,-0.0034142148215323687,0.4638952612876892,0.6789739727973938,-0.01029302179813385,0.4855961799621582,0.6454139351844788,-0.00924192275851965,0.49661514163017273,0.6410385370254517,-0.007054345216602087,0.5043778419494629,0.6463500261306763,-0.005278338212519884
0.3969062864780426,0.7462535500526428,1.0172073672265469e-07,0.4236118793487549,0.6983674764633179,0.016825076192617416,0.4500497877597809,0.6587895750999451,0.02164635993540287,0.4722141921520233,0.6442804336547852,0.022057782858610153,0.4906840920448303,0.6372833251953125,0.022557808086276054,0.4503119885921478,0.6219163537025452,0.014792895875871181,0.49105268716812134,0.5950366258621216,0.013829362578690052,0.5122547149658203,0.6047123670578003,0.013615825213491917,0.5255671739578247,0.6198978424072266,0.014060703106224537,0.4526126980781555,0.6285892128944397,0.003657784080132842,0.4965679943561554,0.5918629765510559,0.0034635213669389486,0.5192866325378418,0.6032755970954895,0.0031880391761660576,0.5323556661605835,0.6232088208198547,0.003772096009925008,0.4570898711681366,0.6488335728645325,-0.0065035345032811165,0.49487239122390747,0.6024174094200134,-0.006037812680006027,0.5145416855812073,0.612503170967102,-0.004610672127455473,0.5257797241210938,0.6298139095306396,-0.003741663880646229,0.4641892611980438,0.6794289946556091,-0.01553261000663042,0.4865988492965698,0.6392965316772461,-0.015211374498903751,0.49746185541152954,0.6349596381187439,-0.012730507180094719,0.5049830675125122,0.6405674815177917,-0.010295792482793331
0.3963301479816437,0.744793713092804,5.771734379322879e-08,0.4251740276813507,0.6902028918266296,0.025742337107658386,0.44993239641189575,0.6543393135070801,0.03275701403617859,0.47081267833709717,0.645807147026062,0.03331262990832329,0.49021464586257935,0.644779622554779,0.033003002405166626,0.4494855999946594,0.6210243105888367,0.020308315753936768,0.4903141260147095,0.5988651514053345,0.020271295681595802,0.5110284686088562,0.6078543066978455,0.02125362493097782,0.5238235592842102,0.6251692175865173,0.022071879357099533,0.45391136407852173,0.630146861076355,0.0038746073842048645,0.49710023403167725,0.5893155336380005,0.0033146634232252836,0.5198980569839478,0.5978639721870422,0.003875454654917121,0.532908022403717,0.6180485486984253,0.005070681683719158,0.4585845470428467,0.6526629328727722,-0.010861361399292946,0.4963870942592621,0.6004459857940674,-0.010254010558128357,0.5142071843147278,0.6096466779708862,-0.007163439877331257,0.5245444178581238,0.6252069473266602,-0.0054274918511509895,0.464721143245697,0.6858956813812256,-0.023728998377919197,0.48486217856407166,0.6427605748176575,-0.02408951334655285,0.49509790539741516,0.6330352425575256,-0.02175411954522133,0.502959132194519,0.6327733397483826,-0.019575223326683044
0.39738258719444275,0.7452208399772644,6.171367772367375e-08,0.42659610509872437,0.6967340111732483,0.02465531788766384,0.45157894492149353,0.658107578754425,0.03183482959866524,0.47222572565078735,0.6439522504806519,0.03308694437146187,0.4909675717353821,0.6358641386032104,0.034039027988910675,0.4506884217262268,0.6202601790428162,0.019574444741010666,0.4922523498535156,0.5943765044212341,0.020175999030470848,0.5124907493591309,0.6049230694770813,0.02185834012925625,0.5235682725906372,0.6246628761291504,0.02354978397488594,0.45330485701560974,0.6247826218605042,0.0044300733134150505,0.49676746129989624,0.5836845636367798,0.004082333296537399,0.5193767547607422,0.5931331515312195,0.005544222891330719,0.5309054255485535,0.615038275718689,0.007835653610527515,0.456950306892395,0.6433741450309753,-0.009101096540689468,0.49532780051231384,0.5928043127059937,-0.007682622876018286,0.5144122838973999,0.6015473008155823,-0.004009607248008251,0.5251787304878235,0.6181269884109497,-0.001729463809169829,0.4635002315044403,0.6744623184204102,-0.020886821672320366,0.485678106546402,0.635790228843689,-0.02012355998158455,0.49713099002838135,0.629138171672821,-0.017134638503193855,0.5053903460502625,0.6321978569030762,-0.014326757751405239
0.39756354689598083,0.7431697845458984,1.1623249918102374e-07,0.4252281188964844,0.6996545791625977,0.013325716368854046,0.4510940611362457,0.6599436402320862,0.017324138432741165,0.47136160731315613,0.6434228420257568,0.018024183809757233,0.48707687854766846,0.6303386688232422,0.0194541122764349,0.45106497406959534,0.6183596849441528,0.010389946401119232,0.4922546446323395,0.5840359926223755,0.008787562139332294,0.5130325555801392,0.5947538614273071,0.008706607855856419,0.5236896872520447,0.615738570690155,0.010062257759273052,0.45228487253189087,0.6228182911872864,0.002227416029199958,0.4949433505535126,0.5775948762893677,0.001740722800604999,0.5165829658508301,0.5860118865966797,0.0021487735211849213,0.5280570983886719,0.6061816811561584,0.0037759810220450163,0.45580118894577026,0.6412966251373291,-0.0050227283500134945,0.4918472170829773,0.5944675207138062,-0.003208426758646965,0.508663535118103,0.6035569310188293,-0.000717357499524951,0.5174302458763123,0.6203948259353638,0.0009707314311526716,0.4622751474380493,0.6713581085205078,-0.011465650051832199,0.48590087890625,0.6379073858261108,-0.00880002323538065,0.49565982818603516,0.636969268321991,-0.004919867496937513,0.5010688900947571,0.6444742679595947,-0.001409657415933907
0.39689454436302185,0.7354487180709839,4.675022680089569e-08,0.42308998107910156,0.6795631051063538,0.023494943976402283,0.44554802775382996,0.6407209038734436,0.028595538809895515,0.4658980369567871,0.6295726299285889,0.027336647734045982,0.48326173424720764,0.620830774307251,0.02518807165324688,0.44812101125717163,0.6107255220413208,0.012844154611229897,0.49056506156921387,0.5775072574615479,0.00879072118550539,0.5108206272125244,0.5916851162910461,0.007982445880770683,0.5219532251358032,0.6148852109909058,0.008531567640602589,0.45234033465385437,0.620503842830658,-0.0036948840133845806,0.49579134583473206,0.5685344338417053,-0.007753399666398764,0.5177892446517944,0.5796211957931519,-0.007348043844103813,0.5278170108795166,0.6039878129959106,-0.005272792652249336,0.4570910930633545,0.6440719366073608,-0.018611444160342216,0.4936457872390747,0.5866496562957764,-0.020643793046474457,0.5109736323356628,0.5997475981712341,-0.016576534137129784,0.5193457007408142,0.6195235252380371,-0.013128220103681087,0.4639502465724945,0.6787283420562744,-0.031893543899059296,0.485019713640213,0.6311100721359253,-0.03471092879772186,0.4957870543003082,0.6225367188453674,-0.032017387449741364,0.5032232403755188,0.6237645149230957,-0.02864115685224533
0.39732325077056885,0.7341649532318115,6.113069872526466e-08,0.4263499677181244,0.6802080273628235,0.025777043774724007,0.4495673179626465,0.6423029899597168,0.03126027062535286,0.47025200724601746,0.6320715546607971,0.029644586145877838,0.4890093207359314,0.6279569268226624,0.026922838762402534,0.44759848713874817,0.6076498031616211,0.016803786158561707,0.49082306027412415,0.5775994658470154,0.01513545960187912,0.5105466842651367,0.5924311876296997,0.015209863893687725,0.5220069885253906,0.6140299439430237,0.015476731583476067,0.4510411024093628,0.6149178743362427,-0.0013268842594698071,0.4972389340400696,0.5672112107276917,-0.003623400116339326,0.5193077921867371,0.5785183310508728,-0.003354958025738597,0.5302577018737793,0.6009760499000549,-0.0019444792997092009,0.45608457922935486,0.6371371746063232,-0.017677439376711845,0.4959182143211365,0.575191855430603,-0.018260063603520393,0.514173150062561,0.5851101279258728,-0.014636517502367496,0.5245265960693359,0.6024582386016846,-0.0122217433527112,0.46425655484199524,0.6717810034751892,-0.032233405858278275,0.48655495047569275,0.6238868832588196,-0.03337555006146431,0.49707740545272827,0.6189883947372437,-0.029929690062999725,0.5050865411758423,0.6244649291038513,-0.026615668088197708
0.39622506499290466,0.7339043021202087,5.0787189564971413e-08,0.4261776804924011,0.6802985668182373,0.02466612309217453,0.44846203923225403,0.6416373252868652,0.029455576092004776,0.4682067036628723,0.6293643116950989,0.027430379763245583,0.48669835925102234,0.6254023313522339,0.024096840992569923,0.4463844299316406,0.6070820093154907,0.013658070005476475,0.49027156829833984,0.5814613699913025,0.010843758471310139,0.509627103805542,0.5976340174674988,0.010407005436718464,0.5213527083396912,0.6192173361778259,0.00993409939110279,0.45002514123916626,0.6155422925949097,-0.004539938177913427,0.4960904121398926,0.5682271122932434,-0.008642042987048626,0.5199349522590637,0.5795782208442688,-0.009163026697933674,0.5333641767501831,0.6028866767883301,-0.00829176977276802,0.4546729028224945,0.6397396922111511,-0.020940715447068214,0.4953266382217407,0.5748307704925537,-0.023816481232643127,0.5151259899139404,0.583367645740509,-0.021462030708789825,0.5275742411613464,0.5987727046012878,-0.01973472535610199,0.4624643325805664,0.6760631799697876,-0.03546687215566635,0.4826464056968689,0.6274973154067993,-0.03990764915943146,0.4939148724079132,0.615977942943573,-0.03886274993419647,0.5037927031517029,0.613732635974884,-0.03706333041191101
0.39462020993232727,0.7390219569206238,3.796926151267144e-08,0.4241127371788025,0.6826391220092773,0.026791376993060112,0.4450395703315735,0.6413244605064392,0.032600291073322296,0.46190446615219116,0.6269763112068176,0.03139829635620117,0.4801889657974243,0.6220057010650635,0.028752118349075317,0.4471859037876129,0.6140351891517639,0.015394385904073715,0.48962756991386414,0.5917316675186157,0.013338981196284294,0.5093027353286743,0.6031069755554199,0.01384986937046051,0.5209936499595642,0.6229400634765625,0.01409971620887518,0.45147904753685,0.6245585083961487,-0.0031367100309580564,0.49454790353775024,0.5771220922470093,-0.006534077227115631,0.5185346007347107,0.5878975987434387,-0.00558820553123951,0.5313570499420166,0.6128539443016052,-0.003446237649768591,0.4551398456096649,0.6493083834648132,-0.019719960168004036,0.4942527115345001,0.5879222750663757,-0.021063493564724922,0.5130764842033386,0.5961991548538208,-0.01672700233757496,0.5240522623062134,0.6102338433265686,-0.013788188807666302,0.46077096462249756,0.6844063401222229,-0.03431583195924759,0.4779505133628845,0.6409309506416321,-0.03813888877630234,0.48689746856689453,0.6254342198371887,-0.036835066974163055,0.4933808445930481,0.6172476410865784,-0.03473307937383652
0.3941388428211212,0.7431769371032715,6.992942758188292e-08,0.42338383197784424,0.6901134252548218,0.020429285243153572,0.4465550482273102,0.6486639976501465,0.024551047012209892,0.46610385179519653,0.6330347657203674,0.023195384070277214,0.4845482409000397,0.6280415058135986,0.021239709109067917,0.44638246297836304,0.6181951761245728,0.01184635329991579,0.4890419840812683,0.5937345027923584,0.009380989708006382,0.5095486044883728,0.6066299080848694,0.008982615545392036,0.5220675468444824,0.6255807876586914,0.008769740350544453,0.44896161556243896,0.6270930171012878,-0.002667088760063052,0.49318403005599976,0.5854992270469666,-0.005401400849223137,0.5164448618888855,0.5983706712722778,-0.005485442467033863,0.5298993587493896,0.6211955547332764,-0.004587153438478708,0.4526350796222687,0.6509801149368286,-0.015760771930217743,0.4923097491264343,0.5965098738670349,-0.016982460394501686,0.5117411017417908,0.6047059893608093,-0.015053415670990944,0.5237737894058228,0.6189167499542236,-0.014012541621923447,0.45859572291374207,0.6852403283119202,-0.027363838627934456,0.47715190052986145,0.6439074277877808,-0.030005566775798798,0.48641183972358704,0.6318897604942322,-0.02925758622586727,0.49383726716041565,0.6273518204689026,-0.02800324559211731
0.39487528800964355,0.7466663718223572,1.3837829726526252e-07,0.4228794276714325,0.6989294290542603,0.01038188487291336,0.45045021176338196,0.6585227251052856,0.013079702854156494,0.47334566712379456,0.6426831483840942,0.013206622563302517,0.4922058880329132,0.6355552673339844,0.01393475104123354,0.4476073086261749,0.6199585795402527,0.008173156529664993,0.48961931467056274,0.5922194123268127,0.006766973994672298,0.510962963104248,0.6028279066085815,0.005901258438825607,0.5250976085662842,0.6166266202926636,0.005697312299162149,0.4498507082462311,0.6280711889266968,0.0011798497289419174,0.493152916431427,0.5915271639823914,0.0020326869562268257,0.5152184367179871,0.6016833186149597,0.0016384825576096773,0.529638409614563,0.6174720525741577,0.001376583008095622,0.4539095163345337,0.6503700017929077,-0.00507137319073081,0.4896647036075592,0.6101274490356445,-0.0022864348720759153,0.5075761675834656,0.6176226139068604,-0.0010040882043540478,0.5193309783935547,0.6308757662773132,-0.001454718760214746,0.45969143509864807,0.6827166676521301,-0.010820763185620308,0.47776883840560913,0.6528429985046387,-0.008007276803255081,0.4870574474334717,0.6480559706687927,-0.005390610080212355,0.4946363866329193,0.6505042314529419,-0.0037459200248122215
0.39731982350349426,0.7448030114173889,1.4096863765189482e-07,0.4230751097202301,0.6971696019172668,0.006793424021452665,0.44943174719810486,0.6533965468406677,0.007599555887281895,0.4717838168144226,0.6355332136154175,0.006250124424695969,0.4908283054828644,0.6267995238304138,0.0057916720397770405,0.44720712304115295,0.6159701943397522,0.0035449888091534376,0.48843827843666077,0.5850102305412292,-0.0009300709352828562,0.5101238489151001,0.5944876074790955,-0.00317340693436563,0.5230125784873962,0.6098319888114929,-0.0037526984233409166,0.4494456350803375,0.6260412931442261,-0.0027877686079591513,0.49263137578964233,0.5897602438926697,-0.005561900325119495,0.5151286721229553,0.6015508770942688,-0.007549848407506943,0.5287693738937378,0.6211010813713074,-0.008251297287642956,0.45389050245285034,0.6497625708580017,-0.008798999711871147,0.489908903837204,0.6102101802825928,-0.00962150003761053,0.5108007192611694,0.6185896396636963,-0.010080509819090366,0.5243037939071655,0.6345831751823425,-0.010786095634102821,0.4601711630821228,0.6817097663879395,-0.014515338465571404,0.479311466217041,0.646979808807373,-0.014844565652310848,0.4921361804008484,0.6403188109397888,-0.014090707525610924,0.5031968355178833,0.6428579688072205,-0.013243221677839756
0.39784935116767883,0.738898515701294,1.3721916047870764e-07,0.42165517807006836,0.6912879347801208,0.008956330828368664,0.44800832867622375,0.6496164798736572,0.010023572482168674,0.4706888496875763,0.6345065832138062,0.008677715435624123,0.4891963601112366,0.6254557967185974,0.008071836084127426,0.4475722014904022,0.6115763783454895,0.001968909753486514,0.4885692298412323,0.5760673880577087,-0.0031779843848198652,0.5099465847015381,0.5870174169540405,-0.0054274979047477245,0.5222446322441101,0.6040334105491638,-0.005870669148862362,0.4509398341178894,0.6248699426651001,-0.005721700377762318,0.49348184466362,0.5864097476005554,-0.009431351907551289,0.5165920853614807,0.5976318120956421,-0.01135234721004963,0.5301087498664856,0.6162692904472351,-0.011957453563809395,0.4555901885032654,0.6502308249473572,-0.012677176855504513,0.49015000462532043,0.6113605499267578,-0.013978617265820503,0.5114132165908813,0.6186763048171997,-0.013784611597657204,0.5252025127410889,0.6319951415061951,-0.014059803448617458,0.46163439750671387,0.6828842759132385,-0.019086278975009918,0.4796781539916992,0.6495463848114014,-0.019414599984884262,0.49186116456985474,0.640954852104187,-0.017925772815942764,0.502240777015686,0.6401681303977966,-0.016585107892751694
0.39877036213874817,0.7359646558761597,1.226768802098377e-07,0.4248107075691223,0.6878015995025635,0.012214990332722664,0.4502080976963043,0.646415114402771,0.014337328262627125,0.4730652868747711,0.6292812824249268,0.012838446535170078,0.4927070140838623,0.6219276189804077,0.011697938665747643,0.44706544280052185,0.6082417368888855,0.007508628070354462,0.48896461725234985,0.5773293972015381,0.002938907826319337,0.5107572078704834,0.589806318283081,0.0005903976270928979,0.524013102054596,0.6068317890167236,-0.0003558617318049073,0.4501928389072418,0.6190268993377686,-0.0024267053231596947,0.49375948309898376,0.5849844217300415,-0.005888914689421654,0.5168656706809998,0.599016547203064,-0.008122779428958893,0.5310423970222473,0.6189767718315125,-0.009114090353250504,0.45520609617233276,0.6424720883369446,-0.011708292178809643,0.4912809133529663,0.6036494970321655,-0.013112686574459076,0.5125297904014587,0.6141346096992493,-0.012378550134599209,0.5268228054046631,0.6301991939544678,-0.012348771095275879,0.46197709441185,0.6737933158874512,-0.020360056310892105,0.4801696538925171,0.6370342373847961,-0.021161047741770744,0.4930337369441986,0.6279400587081909,-0.01970794051885605,0.5052157640457153,0.6273463368415833,-0.018486257642507553
0.40017011761665344,0.7319089770317078,1.3483928285040747e-07,0.42659297585487366,0.6860089898109436,0.00945066288113594,0.45195555686950684,0.6470860838890076,0.0112485121935606,0.47415420413017273,0.6298375725746155,0.010182373225688934,0.4928843080997467,0.621817946434021,0.009753596968948841,0.4483613967895508,0.6048024892807007,0.0073588527739048,0.48932430148124695,0.5793371200561523,0.003887276630848646,0.5107324123382568,0.5905246138572693,0.0017773840809240937,0.5242345929145813,0.6036478281021118,0.0006517900619655848,0.4514564871788025,0.6161414384841919,-0.0008261543698608875,0.49459660053253174,0.5831685066223145,-0.0034958317410200834,0.5170965194702148,0.5959911942481995,-0.006038793362677097,0.5309579968452454,0.6140974164009094,-0.007507926318794489,0.4566059112548828,0.6399040222167969,-0.008552703075110912,0.4927074909210205,0.602729082107544,-0.009917300194501877,0.5139508843421936,0.6118079423904419,-0.010206257924437523,0.5279232859611511,0.626259446144104,-0.010933133773505688,0.4633651673793793,0.6715496778488159,-0.01578281819820404,0.48321521282196045,0.6372748613357544,-0.01645076833665371,0.4959700107574463,0.6290682554244995,-0.015374073758721352,0.5072768926620483,0.6286404728889465,-0.014559055678546429
0.3969247043132782,0.7279216051101685,2.0639515696529998e-07,0.43558210134506226,0.7208815217018127,-0.00689938897266984,0.4639984369277954,0.6751782894134521,-0.00437176926061511,0.48040276765823364,0.6422396898269653,0.0006435991963371634,0.4924505054950714,0.6230794191360474,0.007517592515796423,0.45645490288734436,0.6123748421669006,-0.00029063914553262293,0.4963628947734833,0.5884024500846863,0.002066708169877529,0.517352819442749,0.5998100638389587,0.003264881670475006,0.5302450060844421,0.6122259497642517,0.004524950869381428,0.4515009820461273,0.605280876159668,0.006194998510181904,0.49413415789604187,0.5817850828170776,0.009422190487384796,0.5154187679290771,0.5974349975585938,0.00916458573192358,0.5287753939628601,0.6170325875282288,0.009077574126422405,0.449889212846756,0.613251805305481,0.0124006113037467,0.4866507351398468,0.5949603319168091,0.015984663739800453,0.5055360198020935,0.6097592711448669,0.013561158441007137,0.5158939361572266,0.6295163035392761,0.011143960990011692,0.4519164562225342,0.6306541562080383,0.018003156408667564,0.47591233253479004,0.6182528734207153,0.020289471372961998,0.48805010318756104,0.6260971426963806,0.019214946776628494,0.49516499042510986,0.6394104957580566,0.018643753603100777
0.39608386158943176,0.7252382040023804,1.5854870127895992e-07,0.4257130026817322,0.6951111555099487,0.005706264171749353,0.4532634913921356,0.654792308807373,0.00912884995341301,0.4743455648422241,0.6345353722572327,0.011317777447402477,0.4901888966560364,0.6236251592636108,0.014566087163984776,0.45317381620407104,0.6066387891769409,0.008233309723436832,0.4943733215332031,0.58652663230896,0.008551313541829586,0.515796959400177,0.5968912839889526,0.0083256084471941,0.52913898229599,0.6091160178184509,0.008369455114006996,0.45344170928001404,0.6077093482017517,0.005060780793428421,0.49729102849960327,0.5821558237075806,0.005565641447901726,0.5189986824989319,0.5961560606956482,0.004590264987200499,0.5316735506057739,0.6157920360565186,0.0043254271149635315,0.4558534622192383,0.6235289573669434,0.0022512373980134726,0.4940289855003357,0.5954556465148926,0.003798161633312702,0.5135406851768494,0.6073850393295288,0.003366518300026655,0.5244185924530029,0.6245486736297607,0.002479004906490445,0.4605472683906555,0.6507100462913513,-0.00030922144651412964,0.48438963294029236,0.6289738416671753,0.0011558879632502794,0.4963081181049347,0.6298177242279053,0.0020902841351926327,0.5041131973266602,0.6367401480674744,0.0029283592011779547
0.39763343334198,0.7207399606704712,1.0733693045494874e-07,0.4264698326587677,0.675330400466919,0.017506416887044907,0.4513457417488098,0.6388725638389587,0.023179667070508003,0.47165608406066895,0.6261845827102661,0.024748168885707855,0.48826342821121216,0.6215994358062744,0.02632935531437397,0.4521905481815338,0.6027204394340515,0.01459953561425209,0.49319514632225037,0.5838499069213867,0.014843454584479332,0.5136433243751526,0.594543993473053,0.015399731695652008,0.5265270471572876,0.6087599992752075,0.015840303152799606,0.4555085003376007,0.6090248227119446,0.004035015590488911,0.4988428056240082,0.5787396430969238,0.003824760904535651,0.5206772685050964,0.5890982151031494,0.004014155827462673,0.5337446928024292,0.6066240668296814,0.004751593805849552,0.4593282639980316,0.6291998028755188,-0.0053191715851426125,0.4971579611301422,0.592806875705719,-0.003936635795980692,0.516459584236145,0.6010464429855347,-0.0018204035004600883,0.5286623239517212,0.6141236424446106,-0.0009242858504876494,0.46430814266204834,0.6607875823974609,-0.013498836196959019,0.4861598610877991,0.6296242475509644,-0.01195402629673481,0.49830812215805054,0.6222612261772156,-0.009426912292838097,0.508342981338501,0.6218831539154053,-0.007464665919542313
0.3990371823310852,0.7155367136001587,2.148534576917882e-07,0.43604031205177307,0.7063347697257996,-0.0058919587172567844,0.46582067012786865,0.6642123460769653,-0.006398821249604225,0.4829820990562439,0.6317828297615051,-0.005733547732234001,0.4948013126850128,0.6105769872665405,-0.0033824702259153128,0.4590149223804474,0.5986623764038086,-0.0024239527992904186,0.5011988282203674,0.5817593932151794,-0.0057627297937870026,0.5219807624816895,0.5959517955780029,-0.008609113283455372,0.5335890650749207,0.6120611429214478,-0.010050030425190926,0.45539623498916626,0.5953894853591919,-0.00018192526476923376,0.5005372762680054,0.5742313861846924,-0.0031239076051861048,0.5220329761505127,0.5897308588027954,-0.005886839237064123,0.5345501899719238,0.6098461747169495,-0.007025579921901226,0.4549030065536499,0.6079955697059631,0.001428792835213244,0.49534866213798523,0.5831632018089294,-0.0009572918643243611,0.5159473419189453,0.5950706005096436,-0.0033142641186714172,0.5277696847915649,0.6128458380699158,-0.004747374914586544,0.45760732889175415,0.630652904510498,0.0024617144372314215,0.4837783873081207,0.6118633151054382,-0.0003112750709988177,0.4978181719779968,0.6135910153388977,-0.0019049152033403516,0.5075382590293884,0.6205470561981201,-0.0022104696836322546
0.40072473883628845,0.7026687860488892,1.4830273187271814e-07,0.42915216088294983,0.6820332407951355,0.00153410027269274,0.45697730779647827,0.6432265043258667,0.0016395996790379286,0.4753737151622772,0.620766282081604,0.000963572587352246,0.48629748821258545,0.6082162261009216,0.0012330806348472834,0.4577363133430481,0.5860869884490967,-0.0003880947770085186,0.4997466504573822,0.5755133032798767,-0.003750840201973915,0.5175089836120605,0.5955126881599426,-0.006037656683474779,0.5277835130691528,0.6136834621429443,-0.007587973028421402,0.4589347839355469,0.5874614715576172,-0.004230018705129623,0.5055983066558838,0.5637129545211792,-0.00837893970310688,0.5272242426872253,0.5825586915016174,-0.0108198132365942,0.538983941078186,0.6051017642021179,-0.011522986926138401,0.46171078085899353,0.6050297021865845,-0.00795706082135439,0.5017400979995728,0.5754461884498596,-0.012017602100968361,0.5228522419929504,0.593742311000824,-0.013591663911938667,0.5345805883407593,0.6140735149383545,-0.014192943461239338,0.466610312461853,0.6333882808685303,-0.011579509824514389,0.49258148670196533,0.6070401668548584,-0.015184637159109116,0.5050215125083923,0.6084145307540894,-0.015542038716375828,0.5134057402610779,0.6137903332710266,-0.015052863396704197
0.40172457695007324,0.6910268664360046,8.543263874116747e-08,0.43526509404182434,0.6747090816497803,0.01177484542131424,0.46257543563842773,0.6373488306999207,0.015606632456183434,0.4816889464855194,0.6164674758911133,0.015727074816823006,0.49483054876327515,0.6052109599113464,0.015757078304886818,0.4590926766395569,0.5736174583435059,0.00797103252261877,0.5025390386581421,0.5656619668006897,0.005243721418082714,0.521419882774353,0.5894520878791809,0.003178361803293228,0.5322877168655396,0.6102326512336731,0.0015454465756192803,0.45976412296295166,0.576321005821228,-0.0021443034056574106,0.5106065273284912,0.5599199533462524,-0.005767165683209896,0.5321387052536011,0.5856859087944031,-0.008449791930615902,0.5422817468643188,0.6116747260093689,-0.009601082652807236,0.4632915258407593,0.5957001447677612,-0.01152214128524065,0.5071947574615479,0.5668758153915405,-0.014972279779613018,0.5291633605957031,0.5902478098869324,-0.016159316524863243,0.5403150320053101,0.6147190928459167,-0.01678590103983879,0.4698559641838074,0.6263520121574402,-0.020047470927238464,0.49909406900405884,0.5956048965454102,-0.022618593648076057,0.5140740275382996,0.600208580493927,-0.02179809659719467,0.5239916443824768,0.6114705801010132,-0.02088681049644947
0.4015709161758423,0.6785162687301636,5.670221270293041e-08,0.43214449286460876,0.6576290130615234,0.01613200269639492,0.46003517508506775,0.6242601275444031,0.020875541493296623,0.4815998077392578,0.6100255846977234,0.02075153961777687,0.49660131335258484,0.602975070476532,0.020085128024220467,0.4594680964946747,0.5644335150718689,0.010772100649774075,0.5044131875038147,0.557050347328186,0.009119363501667976,0.522918164730072,0.5812186598777771,0.00797203928232193,0.5330561399459839,0.6016630530357361,0.006908101961016655,0.46222513914108276,0.5689237713813782,-0.002105480059981346,0.5137450098991394,0.5530415177345276,-0.004207323770970106,0.5350091457366943,0.5799000859260559,-0.005895118694752455,0.5438401699066162,0.6057981252670288,-0.006699519697576761,0.4669865667819977,0.5899319648742676,-0.013905821368098259,0.5122292637825012,0.560743510723114,-0.016095174476504326,0.5338147878646851,0.586058497428894,-0.016404464840888977,0.5432695746421814,0.6112711429595947,-0.016702251508831978,0.4740561842918396,0.6218199133872986,-0.024523518979549408,0.5054394006729126,0.5890244245529175,-0.026089251041412354,0.5206112861633301,0.597263514995575,-0.024167140945792198,0.528788685798645,0.6128369569778442,-0.022642802447080612
0.40167710185050964,0.673200786113739,6.749403524963782e-08,0.42880189418792725,0.6359829306602478,0.018118077889084816,0.4531133472919464,0.6028317809104919,0.02148493565618992,0.47460460662841797,0.5962772369384766,0.019430238753557205,0.49151527881622314,0.6002225875854492,0.01646278239786625,0.45697906613349915,0.5603248476982117,0.008695599623024464,0.5032587647438049,0.5508131980895996,0.004763945937156677,0.5217957496643066,0.5728608965873718,0.003055676817893982,0.5324946641921997,0.5938921570777893,0.0019514142768457532,0.4614834487438202,0.5702716112136841,-0.006004764698445797,0.5130889415740967,0.5494640469551086,-0.010115787386894226,0.534746527671814,0.5712115168571472,-0.011738507077097893,0.545443058013916,0.5943955779075623,-0.012097240425646305,0.4670619070529938,0.5950244665145874,-0.019463373348116875,0.511884868144989,0.5595342516899109,-0.022229591384530067,0.5349221229553223,0.5762551426887512,-0.021695280447602272,0.5485991835594177,0.5947005748748779,-0.02132444828748703,0.47400861978530884,0.6313983201980591,-0.031629834324121475,0.5046618580818176,0.5951914191246033,-0.03294527903199196,0.5203325152397156,0.5965328216552734,-0.030304281041026115,0.5312844514846802,0.6056236028671265,-0.02818959206342697
0.40084248781204224,0.6720468997955322,1.0297027586148033e-07,0.42664623260498047,0.6265013217926025,0.014909851364791393,0.45266422629356384,0.5946633219718933,0.015607639215886593,0.47727224230766296,0.590732991695404,0.011900466866791248,0.4970790147781372,0.5983496904373169,0.007555440068244934,0.45704662799835205,0.5605782270431519,0.000423178484197706,0.5058304071426392,0.5516371726989746,-0.006533863488584757,0.5251209735870361,0.5728092789649963,-0.009167916141450405,0.5355967879295349,0.5938597917556763,-0.010082617402076721,0.4615611135959625,0.5782816410064697,-0.01280057430267334,0.5146819949150085,0.5563592314720154,-0.02008010447025299,0.5378464460372925,0.5741967558860779,-0.02219807170331478,0.5489320158958435,0.5954480171203613,-0.022190425544977188,0.46639975905418396,0.6077808141708374,-0.0246462170034647,0.5133973360061646,0.5726419687271118,-0.029654093086719513,0.5385538339614868,0.5845227837562561,-0.02952508255839348,0.5537532567977905,0.5997632145881653,-0.028720127418637276,0.4720527231693268,0.6474218368530273,-0.0352022759616375,0.5057151317596436,0.6141912937164307,-0.03799840062856674,0.5241444706916809,0.6120551824569702,-0.035888656973838806,0.5375635623931885,0.6177364587783813,-0.03358092159032822
0.40319156646728516,0.683789074420929,1.1699635393824792e-07,0.42949095368385315,0.6394489407539368,0.013735434971749783,0.45657721161842346,0.6089167594909668,0.014833830296993256,0.4796394109725952,0.6009275317192078,0.011794925667345524,0.49728652834892273,0.6022580862045288,0.008261539973318577,0.46155229210853577,0.5800435543060303,0.001046102261170745,0.5085817575454712,0.5639855861663818,-0.006371940486133099,0.5317830443382263,0.5790291428565979,-0.009532349184155464,0.546252965927124,0.5944262742996216,-0.010779439471662045,0.4650256633758545,0.597429096698761,-0.011518072336912155,0.5156682133674622,0.5715168714523315,-0.019053909927606583,0.5407854914665222,0.5862228274345398,-0.02179141528904438,0.554707407951355,0.6032918095588684,-0.022458303719758987,0.46871820092201233,0.6247358322143555,-0.022952156141400337,0.5138609409332275,0.5895368456840515,-0.028315851464867592,0.5403775572776794,0.5974099636077881,-0.028977103531360626,0.5578502416610718,0.6090360283851624,-0.028888307511806488,0.4731428027153015,0.6616557836532593,-0.03336430341005325,0.5049781203269958,0.6301718950271606,-0.03682740405201912,0.5248481631278992,0.6257505416870117,-0.03601980209350586,0.5403479933738708,0.62904953956604,-0.03480364382266998
0.4033370614051819,0.6967198848724365,1.2722614428639645e-07,0.429305762052536,0.6549422144889832,0.010592255741357803,0.45704567432403564,0.6253271102905273,0.011377088725566864,0.4790935516357422,0.6132384538650513,0.008568653836846352,0.49737295508384705,0.6065704822540283,0.005347323138266802,0.46717795729637146,0.6047898530960083,0.0017026432324200869,0.5096919536590576,0.5808138847351074,-0.006570480763912201,0.5348289012908936,0.5869559645652771,-0.011157787404954433,0.552139401435852,0.5971642136573792,-0.013329354114830494,0.4697522222995758,0.6202813982963562,-0.009528026916086674,0.5167871713638306,0.5924856066703796,-0.017502473667263985,0.5440008044242859,0.5990604162216187,-0.02196810021996498,0.5615587830543518,0.6113144159317017,-0.023905090987682343,0.4720340073108673,0.6459351778030396,-0.02008955366909504,0.5161416530609131,0.6136931777000427,-0.025969792157411575,0.5430724620819092,0.6139947175979614,-0.0276405718177557,0.562184751033783,0.619625449180603,-0.02815089374780655,0.47461339831352234,0.6825915575027466,-0.02998383156955242,0.5052940845489502,0.6518306136131287,-0.033591378480196,0.5249000191688538,0.6425104737281799,-0.03302117809653282,0.5410068035125732,0.6403228044509888,-0.03199896961450577
0.4011962115764618,0.705016553401947,1.1293489166064319e-07,0.4265299439430237,0.6623506546020508,0.00909894984215498,0.45431169867515564,0.6372835636138916,0.009698140434920788,0.4757099747657776,0.628948450088501,0.007268799934536219,0.49398621916770935,0.628821074962616,0.004351424518972635,0.46626484394073486,0.6228373050689697,-0.0013351424131542444,0.5066246390342712,0.5954058170318604,-0.010158232413232327,0.5303716063499451,0.5959764719009399,-0.014218896627426147,0.5477694869041443,0.6035820245742798,-0.015991294756531715,0.4699364900588989,0.6385103464126587,-0.011609233915805817,0.5146161913871765,0.6100776195526123,-0.019840780645608902,0.5426191091537476,0.6119164228439331,-0.02331089973449707,0.5624439716339111,0.6215323209762573,-0.024577796459197998,0.4716275930404663,0.6649532318115234,-0.021302834153175354,0.5132417678833008,0.6318538784980774,-0.02804313786327839,0.5403979420661926,0.6280633211135864,-0.029626090079545975,0.5612979531288147,0.6309196352958679,-0.029997579753398895,0.47208282351493835,0.7007924318313599,-0.030331719666719437,0.500535786151886,0.6676688194274902,-0.035795655101537704,0.5202200412750244,0.6538673043251038,-0.03602606803178787,0.5375796556472778,0.6477314829826355,-0.035316430032253265
0.4002376198768616,0.7095725536346436,1.5309109357986017e-07,0.4257793128490448,0.6710674166679382,0.007472855504602194,0.4556162655353546,0.6442561149597168,0.007112148683518171,0.4788839519023895,0.634406328201294,0.003674084786325693,0.49781692028045654,0.6327388882637024,-0.0005501738050952554,0.46591055393218994,0.6314235925674438,-0.002883888315409422,0.5074445605278015,0.6121063828468323,-0.012921356596052647,0.5330033302307129,0.6131219267845154,-0.018385836854577065,0.5530872941017151,0.6189692616462708,-0.021481644362211227,0.4685089588165283,0.6460521817207336,-0.013329445384442806,0.5134432315826416,0.6203932762145996,-0.022633511573076248,0.5422652959823608,0.6192665100097656,-0.02802518755197525,0.564925491809845,0.6225871443748474,-0.03115825168788433,0.46972015500068665,0.6718108654022217,-0.023371193557977676,0.5117877125740051,0.6392922401428223,-0.03156498819589615,0.5392521023750305,0.6322234869003296,-0.0351872518658638,0.5613443851470947,0.6296444535255432,-0.037267591804265976,0.4704727530479431,0.7061238884925842,-0.03287283703684807,0.49967291951179504,0.6737607717514038,-0.03994825482368469,0.5196388363838196,0.6593756079673767,-0.04199472442269325,0.5382055044174194,0.651544451713562,-0.0428929403424263
0.3994784951210022,0.7079027891159058,1.7581382394382672e-07,0.4241819679737091,0.6673302054405212,0.006268734578043222,0.45582643151283264,0.6379602551460266,0.005548838526010513,0.4810384511947632,0.624535322189331,0.0021808103192597628,0.5009932518005371,0.6162301898002625,-0.0018699623178690672,0.4647831320762634,0.6287441849708557,-0.004640796687453985,0.5073050856590271,0.6096998453140259,-0.014864947646856308,0.5335755348205566,0.6092284321784973,-0.01994834840297699,0.5541709661483765,0.6134052276611328,-0.022617192938923836,0.46621543169021606,0.6441619396209717,-0.014415735378861427,0.5129836201667786,0.6208547949790955,-0.024526895955204964,0.54276442527771,0.6199438571929932,-0.029923001304268837,0.5659593343734741,0.6231963038444519,-0.032779544591903687,0.4669860601425171,0.6706163883209229,-0.02381274290382862,0.5109981894493103,0.6416947841644287,-0.032863397151231766,0.5397794246673584,0.6346369981765747,-0.036900270730257034,0.5625323057174683,0.6316680312156677,-0.03895796090364456,0.46796339750289917,0.7057334780693054,-0.032656364142894745,0.49955475330352783,0.675372302532196,-0.04019813984632492,0.5202724933624268,0.6618869304656982,-0.04254075512290001,0.5388137698173523,0.654395341873169,-0.04352429509162903
0.40035396814346313,0.7035266160964966,1.736412400532572e-07,0.4248504340648651,0.6639798879623413,0.008081045933067799,0.4557434618473053,0.6351591944694519,0.008044435642659664,0.48039770126342773,0.6224502921104431,0.005197660997509956,0.49994775652885437,0.6143662333488464,0.0016230002511292696,0.4652349352836609,0.6250991225242615,-0.004400469362735748,0.5088776350021362,0.6062803268432617,-0.014161594212055206,0.5345304012298584,0.6077281832695007,-0.018429545685648918,0.5538146495819092,0.6142112016677856,-0.02042880840599537,0.4665740728378296,0.6407619118690491,-0.01467033103108406,0.5145121812820435,0.6172598004341125,-0.02498515322804451,0.543632447719574,0.6193158626556396,-0.02976016327738762,0.565114438533783,0.6260858178138733,-0.03183411806821823,0.467162162065506,0.6671014428138733,-0.024301910772919655,0.5119504332542419,0.6379178166389465,-0.033481936901807785,0.5409165024757385,0.633208155632019,-0.03712746500968933,0.5633551478385925,0.6330336928367615,-0.03872983157634735,0.4677956998348236,0.7027482986450195,-0.03311484679579735,0.4997497797012329,0.6727893948554993,-0.040795717388391495,0.5204201340675354,0.6602933406829834,-0.042996279895305634,0.5386526584625244,0.6541597843170166,-0.043731577694416046
0.4015998840332031,0.6995977163314819,1.758031373810809e-07,0.4264284074306488,0.6630145907402039,0.009044795297086239,0.4562429189682007,0.6347612142562866,0.009136508218944073,0.4797767698764801,0.6250094771385193,0.006018646527081728,0.49838557839393616,0.6232166886329651,0.0020472484175115824,0.4671878516674042,0.6207301616668701,-0.0029223193414509296,0.5106630921363831,0.6050081253051758,-0.012604348361492157,0.5362071394920349,0.6090252995491028,-0.017282187938690186,0.5554372668266296,0.6174410581588745,-0.01973666064441204,0.4684497117996216,0.6361610293388367,-0.013876275159418583,0.5163059830665588,0.6149442791938782,-0.023851411417126656,0.5452295541763306,0.6184489130973816,-0.029015393927693367,0.5667079091072083,0.6257243156433105,-0.03159908205270767,0.4689115285873413,0.6628987789154053,-0.024177078157663345,0.5135928988456726,0.6353442668914795,-0.03319660946726799,0.5424502491950989,0.6319525837898254,-0.03711063787341118,0.5647276043891907,0.6321972012519836,-0.03901639208197594,0.46942007541656494,0.6991169452667236,-0.03361830487847328,0.5014877319335938,0.6705146431922913,-0.04103216156363487,0.5218718647956848,0.6593204736709595,-0.0431518480181694,0.5399953722953796,0.6541237235069275,-0.04395809397101402
0.40205487608909607,0.6979091167449951,1.7071749880415155e-07,0.42734527587890625,0.6617040634155273,0.009651546366512775,0.45656853914260864,0.634515643119812,0.010195785202085972,0.47906550765037537,0.626226007938385,0.007389070000499487,0.4973583519458771,0.6268452405929565,0.0037271231412887573,0.46801263093948364,0.6198973059654236,-0.0014144147280603647,0.5117873549461365,0.6061348915100098,-0.010247034952044487,0.5373761057853699,0.6095761656761169,-0.014521048404276371,0.5568221211433411,0.6165943741798401,-0.016825171187520027,0.4699667990207672,0.6352831125259399,-0.01246543601155281,0.5175518989562988,0.6153351664543152,-0.021013863384723663,0.5459681749343872,0.6183063983917236,-0.025502223521471024,0.5674302577972412,0.6243413686752319,-0.027947694063186646,0.4707109332084656,0.6617790460586548,-0.022884130477905273,0.5152854919433594,0.635540246963501,-0.030590685084462166,0.5431149005889893,0.6326406598091125,-0.03365844115614891,0.5648200511932373,0.6326450705528259,-0.03529790788888931,0.47109729051589966,0.6972684860229492,-0.032496657222509384,0.5027639865875244,0.6695865988731384,-0.03895272687077522,0.5228664875030518,0.6586495041847229,-0.040520526468753815,0.5409284830093384,0.6529939770698547,-0.041094306856393814
0.40188437700271606,0.6963980793952942,1.7286326681187347e-07,0.42721372842788696,0.6603996753692627,0.009710378013551235,0.4566277265548706,0.6332865953445435,0.010230012238025665,0.4797835648059845,0.6246446371078491,0.0073411851190030575,0.4982232451438904,0.6241694688796997,0.0035431955475360155,0.4670374095439911,0.6184853315353394,-0.0014695137506350875,0.5110443830490112,0.6055578589439392,-0.010774176567792892,0.5371533632278442,0.6098582744598389,-0.015402075834572315,0.5570765733718872,0.6176193356513977,-0.01786774955689907,0.4690891206264496,0.6333720088005066,-0.012632912024855614,0.5173565149307251,0.6144693493843079,-0.02176208235323429,0.5461233854293823,0.6187388300895691,-0.026533713564276695,0.5678225755691528,0.6258883476257324,-0.029033096507191658,0.47000595927238464,0.6595985889434814,-0.02319267764687538,0.5152334570884705,0.6340926885604858,-0.03153732791543007,0.5438112020492554,0.6322033405303955,-0.034903574734926224,0.5660073757171631,0.6332379579544067,-0.03656197339296341,0.470624178647995,0.6951770186424255,-0.03292535990476608,0.5034148693084717,0.6678836345672607,-0.03993621841073036,0.5240246057510376,0.6580253839492798,-0.0417901910841465,0.5424473881721497,0.6534783244132996,-0.04245686158537865
0.4028756022453308,0.6952625513076782,1.7429346144126612e-07,0.42785316705703735,0.6597971320152283,0.010385510511696339,0.4568178057670593,0.6317724585533142,0.011196129024028778,0.4797585904598236,0.6227526664733887,0.008484521880745888,0.4981991648674011,0.6224703788757324,0.004853510297834873,0.46738550066947937,0.6169213652610779,-0.0010002588387578726,0.5111549496650696,0.6052850484848022,-0.010114176198840141,0.5373794436454773,0.6101172566413879,-0.01458653062582016,0.5571644902229309,0.6179208159446716,-0.016985192894935608,0.46946200728416443,0.6309864521026611,-0.012443797662854195,0.5180327296257019,0.6133366823196411,-0.021350838243961334,0.5469122529029846,0.618277907371521,-0.025793325155973434,0.568651020526886,0.6256232857704163,-0.028110148385167122,0.4704819321632385,0.6566470265388489,-0.023248106241226196,0.5156556963920593,0.6321620941162109,-0.031462036073207855,0.543924868106842,0.6312733292579651,-0.034418199211359024,0.5657446980476379,0.6331411004066467,-0.035823408514261246,0.47132185101509094,0.6921031475067139,-0.03318830579519272,0.5039279460906982,0.6654137372970581,-0.040063995867967606,0.5243837237358093,0.6560367941856384,-0.04170922562479973,0.5427182912826538,0.652080237865448,-0.04227025434374809
0.40241193771362305,0.6918198466300964,1.8272650947892544e-07,0.42877504229545593,0.6570214033126831,0.010848320089280605,0.45800352096557617,0.6295263767242432,0.012006754986941814,0.48083528876304626,0.6210149526596069,0.009488962590694427,0.4990518093109131,0.6207506060600281,0.006152204237878323,0.4680093824863434,0.613262951374054,0.0007118454668670893,0.5119917392730713,0.6030147671699524,-0.008031089790165424,0.5385652780532837,0.6085259914398193,-0.01242627389729023,0.5586212277412415,0.6166881918907166,-0.014724631793797016,0.47007325291633606,0.6274188756942749,-0.010928187519311905,0.5187333226203918,0.6106312274932861,-0.019325776025652885,0.5474234819412231,0.6169624924659729,-0.02344362996518612,0.5688241720199585,0.6257678270339966,-0.025442369282245636,0.47106507420539856,0.6533174514770508,-0.022010333836078644,0.5162208080291748,0.6297242641448975,-0.0296659916639328,0.5443955659866333,0.6304205656051636,-0.03199496492743492,0.5661271214485168,0.6338922381401062,-0.03286035731434822,0.4718281626701355,0.689266562461853,-0.032288581132888794,0.5049448609352112,0.6625650525093079,-0.038291096687316895,0.5256174802780151,0.6542917490005493,-0.03917591646313667,0.5440565943717957,0.6514918208122253,-0.03917553275823593
0.40248972177505493,0.6885587573051453,1.8700650628034055e-07,0.43026503920555115,0.6556692719459534,0.011902694590389729,0.45889803767204285,0.6291778087615967,0.01328042522072792,0.4809812307357788,0.6206464767456055,0.010647376999258995,0.49900662899017334,0.6204008460044861,0.00724930502474308,0.4692092537879944,0.6111483573913574,0.0028599551878869534,0.5127665400505066,0.6013321876525879,-0.005770331714302301,0.5397353768348694,0.6075760126113892,-0.010282638482749462,0.559877872467041,0.6164412498474121,-0.012573212385177612,0.4709743857383728,0.6233181953430176,-0.009425980970263481,0.5196359157562256,0.6084689497947693,-0.017687715590000153,0.5484151840209961,0.6163061857223511,-0.02173774689435959,0.5696802735328674,0.6267405152320862,-0.023598352447152138,0.4717654585838318,0.6478679776191711,-0.02120516449213028,0.5170468091964722,0.6273210644721985,-0.028434334322810173,0.5455656051635742,0.6302647590637207,-0.030278006568551064,0.5673748254776001,0.6362672448158264,-0.03072374314069748,0.4722795784473419,0.6836278438568115,-0.03218231350183487,0.5061086416244507,0.6586018800735474,-0.03704145923256874,0.527084469795227,0.6518604755401611,-0.03692137449979782,0.5452990531921387,0.6509588360786438,-0.036253344267606735
0.4022406339645386,0.6841891407966614,1.762913939273858e-07,0.42709672451019287,0.6515745520591736,0.011935856193304062,0.4527662694454193,0.6256657838821411,0.013745328411459923,0.47092291712760925,0.615520715713501,0.011649041436612606,0.485332190990448,0.6133840680122375,0.008756819181144238,0.4700047969818115,0.6066961884498596,0.003875167341902852,0.5122000575065613,0.5983381867408752,-0.004882125649601221,0.5390473008155823,0.6055318117141724,-0.009869386442005634,0.5587693452835083,0.6153668761253357,-0.01239087525755167,0.47198250889778137,0.6190050840377808,-0.008175712078809738,0.5195669531822205,0.6066058278083801,-0.016352349892258644,0.5481581091880798,0.6155586242675781,-0.02051769755780697,0.5692826509475708,0.6273868680000305,-0.022435929626226425,0.47289517521858215,0.6430971622467041,-0.01985836587846279,0.517144501209259,0.6250841617584229,-0.02693757228553295,0.545342206954956,0.6289821863174438,-0.029157230630517006,0.5673137307167053,0.6364156007766724,-0.02973771281540394,0.47338995337486267,0.6779747605323792,-0.030764373019337654,0.5068861842155457,0.6553192734718323,-0.03535166755318642,0.5275325179100037,0.6497052907943726,-0.035357482731342316,0.5456348061561584,0.6500940918922424,-0.034713685512542725
0.40155237913131714,0.677592396736145,1.818331867298184e-07,0.43015173077583313,0.6535463929176331,0.012433047406375408,0.4599159359931946,0.6325235366821289,0.015175625681877136,0.48205873370170593,0.6291918754577637,0.013709194026887417,0.49963676929473877,0.6308520436286926,0.011681944131851196,0.46951237320899963,0.6025694012641907,0.006995702628046274,0.5123118162155151,0.5969278216362,-0.0007186756120063365,0.5393649935722351,0.6054865717887878,-0.005551761481910944,0.559465765953064,0.6165357232093811,-0.008254751563072205,0.4712786078453064,0.6134421825408936,-0.005167233757674694,0.519677460193634,0.6040390133857727,-0.012040890753269196,0.5485349297523499,0.6153723001480103,-0.016447249799966812,0.5695008039474487,0.6300402879714966,-0.018848823383450508,0.4725402593612671,0.6373893618583679,-0.017049478366971016,0.5172079205513,0.6218140125274658,-0.02302621491253376,0.5455718040466309,0.6277366280555725,-0.025613747537136078,0.566931426525116,0.6375042200088501,-0.026878757402300835,0.4742203652858734,0.6721083521842957,-0.028236914426088333,0.5070141553878784,0.651688277721405,-0.031878165900707245,0.5273478031158447,0.6477842330932617,-0.03196265175938606,0.5447261929512024,0.6501227021217346,-0.03177276998758316
0.4013841152191162,0.6674154996871948,2.019565528144085e-07,0.43116962909698486,0.6399624943733215,0.011958861723542213,0.4625464677810669,0.6201645135879517,0.014337563887238503,0.4858022630214691,0.6181924939155579,0.01256752759218216,0.5050371885299683,0.6214486360549927,0.0103055564686656,0.47114297747612,0.595698356628418,0.006623546592891216,0.5147469639778137,0.5935043096542358,-0.0007274391828104854,0.541199803352356,0.603999137878418,-0.005107310600578785,0.5608408451080322,0.616537868976593,-0.00744354072958231,0.4727790057659149,0.6078107953071594,-0.005207583773881197,0.5210919976234436,0.6013374924659729,-0.011598859913647175,0.5494948625564575,0.6143720746040344,-0.015627484768629074,0.5697603821754456,0.6306898593902588,-0.017763864248991013,0.47316983342170715,0.6324058175086975,-0.01673063449561596,0.5174908638000488,0.6200648546218872,-0.02202652581036091,0.5450943112373352,0.6281724572181702,-0.024107657372951508,0.5655661225318909,0.6391948461532593,-0.025154273957014084,0.4737330675125122,0.6666418313980103,-0.027635805308818817,0.506582498550415,0.6487895846366882,-0.0307756420224905,0.5269732475280762,0.6459217667579651,-0.03050382435321808,0.544204831123352,0.6485448479652405,-0.030082782730460167
0.40365374088287354,0.658240795135498,2.0939641842687706e-07,0.4348839223384857,0.6344996094703674,0.011608661152422428,0.4657942056655884,0.6168858408927917,0.013482043519616127,0.48948800563812256,0.6169044375419617,0.011272194795310497,0.5085475444793701,0.6223505735397339,0.008638662286102772,0.47248774766921997,0.5890410542488098,0.005241840612143278,0.5168906450271606,0.5904378294944763,-0.0025703683495521545,0.5427976846694946,0.6025252342224121,-0.00704274931922555,0.5620597004890442,0.6160932779312134,-0.009395789355039597,0.47372350096702576,0.6007835865020752,-0.0065368954092264175,0.523225724697113,0.5972416400909424,-0.013698641210794449,0.5510839819908142,0.6125840544700623,-0.01782401278614998,0.5707061886787415,0.6305391788482666,-0.019859006628394127,0.4741295278072357,0.6251496076583862,-0.01796875335276127,0.5187746286392212,0.6154776811599731,-0.023771187290549278,0.5458512306213379,0.6261987686157227,-0.02593950740993023,0.5657671689987183,0.6393103003501892,-0.026930013671517372,0.4747322201728821,0.6591640710830688,-0.028774319216609,0.5077804923057556,0.6439504623413086,-0.03187676519155502,0.5276785492897034,0.6432458758354187,-0.03148535266518593,0.5443106293678284,0.6480011940002441,-0.030984507873654366
0.4030226171016693,0.6471600532531738,2.0434816860870342e-07,0.43429163098335266,0.6254820227622986,0.012563612312078476,0.4654209315776825,0.6109947562217712,0.014862745068967342,0.48902127146720886,0.6136071085929871,0.012822262942790985,0.5079103112220764,0.6208643317222595,0.010176651179790497,0.47316986322402954,0.5831198692321777,0.006214017979800701,0.5174959897994995,0.5866636037826538,-0.0017044447595253587,0.5435441136360168,0.6003711819648743,-0.006444329395890236,0.5627168416976929,0.6151680946350098,-0.008947553113102913,0.4746115505695343,0.5941202640533447,-0.006006104405969381,0.5242395401000977,0.5932047963142395,-0.01350527536123991,0.5520012974739075,0.610614538192749,-0.01813119277358055,0.5708812475204468,0.6304009556770325,-0.020435260608792305,0.47507578134536743,0.617904543876648,-0.017835762351751328,0.5203042030334473,0.610385000705719,-0.024013059213757515,0.5476873517036438,0.623650848865509,-0.026913302019238472,0.5672242045402527,0.6391177177429199,-0.028296180069446564,0.4753940999507904,0.6515356302261353,-0.0289301835000515,0.5091280341148376,0.6383296847343445,-0.032430797815322876,0.5290629267692566,0.6397730708122253,-0.03255436196923256,0.5452666282653809,0.646858811378479,-0.032341890037059784
0.4037018418312073,0.6360950469970703,2.204398299454624e-07,0.43425244092941284,0.6171496510505676,0.011382576078176498,0.46632108092308044,0.6062671542167664,0.013207139447331429,0.4901287257671356,0.6108229160308838,0.010957503691315651,0.5092443823814392,0.6198715567588806,0.008264323696494102,0.47541138529777527,0.5759903788566589,0.005402017384767532,0.5199758410453796,0.5834896564483643,-0.002248564036563039,0.5455977916717529,0.5990980267524719,-0.006817113142460585,0.5644235014915466,0.6149687170982361,-0.009125595912337303,0.47643429040908813,0.5866740345954895,-0.00606005871668458,0.5259952545166016,0.5911639928817749,-0.012764440849423409,0.553166389465332,0.6106724739074707,-0.016922438517212868,0.5716328024864197,0.6318334341049194,-0.01910422556102276,0.47639918327331543,0.6098253726959229,-0.017241593450307846,0.5218398571014404,0.6079540848731995,-0.02235385589301586,0.548556923866272,0.6235835552215576,-0.025064218789339066,0.5672852396965027,0.6408901810646057,-0.026579957455396652,0.4764068126678467,0.6414138674736023,-0.027870144695043564,0.510332465171814,0.633615255355835,-0.03038347326219082,0.5304506421089172,0.6380749344825745,-0.030398331582546234,0.5463279485702515,0.6474807858467102,-0.030297694727778435
0.40331003069877625,0.6209203004837036,2.1753743340013898e-07,0.4337833523750305,0.601670503616333,0.010541857220232487,0.465819388628006,0.5936617255210876,0.012048128992319107,0.4891603887081146,0.6011407375335693,0.009627745486795902,0.5075733065605164,0.611890971660614,0.006723634898662567,0.4758405387401581,0.5699077248573303,0.004739501979202032,0.5194905996322632,0.5796966552734375,-0.003099350491538644,0.544651985168457,0.5970012545585632,-0.007779603358358145,0.5631267428398132,0.6139768958091736,-0.010072625242173672,0.4769146740436554,0.5811464190483093,-0.006309192162007093,0.5257972478866577,0.5886455774307251,-0.012970397248864174,0.5527081489562988,0.6088605523109436,-0.016879841685295105,0.5710300803184509,0.6302642822265625,-0.01884460262954235,0.47633126378059387,0.6042011380195618,-0.017189832404255867,0.5216472148895264,0.6054813861846924,-0.022461794316768646,0.5484724044799805,0.6219121813774109,-0.025021927431225777,0.567409098148346,0.6396841406822205,-0.026274962350726128,0.4753109812736511,0.6359765529632568,-0.027601614594459534,0.510060727596283,0.6306837201118469,-0.030293675139546394,0.5305574536323547,0.6361819505691528,-0.030206795781850815,0.5466561913490295,0.6461559534072876,-0.029901573434472084
0.4037732183933258,0.6082953214645386,2.1040655440174305e-07,0.43640124797821045,0.6009746789932251,0.010494139045476913,0.4695277512073517,0.5983821749687195,0.012506336905062199,0.49334269762039185,0.6085583567619324,0.010662178508937359,0.51188725233078,0.6186691522598267,0.00854006502777338,0.47833162546157837,0.5648602843284607,0.005864738021045923,0.5210338830947876,0.5783008933067322,-0.0016390510136261582,0.5455411076545715,0.597059965133667,-0.006287458352744579,0.5636412501335144,0.6151348948478699,-0.008677123114466667,0.4784702658653259,0.5748142004013062,-0.005089141894131899,0.527027428150177,0.5870475172996521,-0.011317039839923382,0.5531470775604248,0.608786404132843,-0.015247825533151627,0.5710198879241943,0.6309616565704346,-0.01734246127307415,0.47703251242637634,0.5973538160324097,-0.01596320979297161,0.5223320722579956,0.6036968231201172,-0.021029360592365265,0.5488189458847046,0.6211025714874268,-0.023709530010819435,0.5675628781318665,0.6393013596534729,-0.025159940123558044,0.47513994574546814,0.6294383406639099,-0.02638639323413372,0.5099149346351624,0.6279450058937073,-0.029164055362343788,0.5301518440246582,0.6352925300598145,-0.02923542633652687,0.5461075305938721,0.6468529105186462,-0.02910480834543705
0.40285608172416687,0.5995659828186035,2.0767961927958822e-07,0.4345339834690094,0.585185706615448,0.011549587361514568,0.46741342544555664,0.5805432796478271,0.013690887950360775,0.4913427531719208,0.5914990305900574,0.0117902597412467,0.5094964504241943,0.6048933267593384,0.00953707005828619,0.47835856676101685,0.5556168556213379,0.006488227751106024,0.5209826827049255,0.5728941559791565,-0.0004124811093788594,0.5450765490531921,0.5942714810371399,-0.004459727089852095,0.5623446702957153,0.6140540242195129,-0.006477643270045519,0.4789152443408966,0.5679915547370911,-0.0048192525282502174,0.5274524092674255,0.5831456184387207,-0.010237427428364754,0.552827775478363,0.6064268946647644,-0.013380775228142738,0.5701056122779846,0.6290051341056824,-0.015033191069960594,0.4773099720478058,0.5919128060340881,-0.01592974364757538,0.5228462219238281,0.6005911827087402,-0.020284954458475113,0.5486527681350708,0.619988203048706,-0.022074226289987564,0.5668754577636719,0.6390795111656189,-0.023019907996058464,0.47470197081565857,0.6242879629135132,-0.026528431102633476,0.5101475715637207,0.6233105063438416,-0.028876015916466713,0.5303305983543396,0.6314219236373901,-0.028511609882116318,0.5463545322418213,0.6432416439056396,-0.02807549387216568
0.40408551692962646,0.5958632826805115,2.1855818488347722e-07,0.435387521982193,0.5792655348777771,0.010249153710901737,0.46740028262138367,0.5728057026863098,0.010907340794801712,0.4913319945335388,0.5827937722206116,0.007801863364875317,0.5092912912368774,0.5958224534988403,0.004465016536414623,0.4780600965023041,0.54885333776474,0.002634594216942787,0.5219286680221558,0.5657023787498474,-0.005891897715628147,0.5459148287773132,0.5883305668830872,-0.010612819343805313,0.5626480579376221,0.6093959212303162,-0.012809807434678078,0.4782470166683197,0.5614491105079651,-0.008366585709154606,0.528243362903595,0.574952244758606,-0.01563102938234806,0.553734540939331,0.5993738174438477,-0.01907682605087757,0.5705686807632446,0.6230281591415405,-0.02059374935925007,0.4763571619987488,0.5853767395019531,-0.0191135723143816,0.5230739712715149,0.5923393964767456,-0.02456292323768139,0.5488033890724182,0.6129581332206726,-0.026090383529663086,0.5667096376419067,0.63356614112854,-0.02659842185676098,0.4733927547931671,0.6176868677139282,-0.029414953663945198,0.5091645121574402,0.6161322593688965,-0.032034434378147125,0.5299162864685059,0.622987687587738,-0.03149045258760452,0.546594500541687,0.6337640881538391,-0.030836617574095726
0.40490594506263733,0.6028339862823486,2.2997605242380814e-07,0.43356233835220337,0.582737147808075,0.006861547008156776,0.4646901488304138,0.570544421672821,0.005273904651403427,0.4896734952926636,0.5789903402328491,0.0006064751069061458,0.5086838603019714,0.5911993980407715,-0.004196903668344021,0.47500285506248474,0.54472815990448,-0.004857734311372042,0.5214325785636902,0.5556369423866272,-0.01586984656751156,0.546558141708374,0.576296329498291,-0.02169032394886017,0.5645270347595215,0.5968409776687622,-0.024596380069851875,0.47564059495925903,0.5578954815864563,-0.015043336898088455,0.526608943939209,0.5625743269920349,-0.025135105475783348,0.5537742972373962,0.5860202312469482,-0.029938988387584686,0.5723216533660889,0.6101444363594055,-0.03244868665933609,0.47411563992500305,0.5843688249588013,-0.02498447708785534,0.52197265625,0.5836995840072632,-0.03339846804738045,0.5480495691299438,0.6058651804924011,-0.036460183560848236,0.5661497116088867,0.6284600496292114,-0.03788067400455475,0.47198766469955444,0.6187915205955505,-0.03459077328443527,0.5071200132369995,0.611940324306488,-0.040498826652765274,0.5283432006835938,0.6162983775138855,-0.0422561950981617,0.5460291504859924,0.6260861754417419,-0.04307584837079048
0.4058285355567932,0.6169294118881226,2.2311078851089405e-07,0.4332006871700287,0.5885206460952759,0.007848628796637058,0.463347464799881,0.571652889251709,0.0060854386538267136,0.48817330598831177,0.5758339166641235,0.0013054246082901955,0.5070030689239502,0.5849707126617432,-0.003781961277127266,0.47166523337364197,0.5464488863945007,-0.007481147535145283,0.519639253616333,0.5477811694145203,-0.01882328651845455,0.5452468395233154,0.5647269487380981,-0.024039113894104958,0.5632895231246948,0.5831806659698486,-0.02619907818734646,0.473063588142395,0.562552273273468,-0.01800757460296154,0.5247182846069336,0.5559848546981812,-0.028970802202820778,0.5532010197639465,0.5753886103630066,-0.03344970569014549,0.5719520449638367,0.5969265103340149,-0.03536601737141609,0.47271955013275146,0.5909683108329773,-0.027850119397044182,0.5204786658287048,0.5802667737007141,-0.036516737192869186,0.5470897555351257,0.5994406938552856,-0.039006177335977554,0.5650112628936768,0.6194095015525818,-0.03974629566073418,0.47182780504226685,0.6256890296936035,-0.03713906928896904,0.5074977278709412,0.6108730435371399,-0.0430966317653656,0.5292578339576721,0.6123590469360352,-0.04443751648068428,0.5470263361930847,0.6201464533805847,-0.04468217119574547
0.4092089533805847,0.6338545680046082,2.1214943046743429e-07,0.43658772110939026,0.5980481505393982,0.009354515001177788,0.46487587690353394,0.5783494710922241,0.007842606864869595,0.48899462819099426,0.5801687240600586,0.0030116692651063204,0.5073491334915161,0.5891018509864807,-0.0021195285953581333,0.46977895498275757,0.5531978011131287,-0.005680945701897144,0.517510175704956,0.5497256517410278,-0.01633002795279026,0.5426493287086487,0.5665172338485718,-0.02131880819797516,0.5601605176925659,0.5840108394622803,-0.023338746279478073,0.4723615050315857,0.5707246661186218,-0.016610203310847282,0.5228838324546814,0.5564880967140198,-0.026803001761436462,0.5510556697845459,0.5745130181312561,-0.030774302780628204,0.5691840052604675,0.59483402967453,-0.032390616834163666,0.47403189539909363,0.5993146300315857,-0.026728257536888123,0.5204607248306274,0.5801956057548523,-0.03419831395149231,0.5465034246444702,0.5974492430686951,-0.03574071079492569,0.5637555122375488,0.6157875657081604,-0.036081016063690186,0.4754366874694824,0.6330438852310181,-0.036256127059459686,0.5091516375541687,0.6136117577552795,-0.041181642562150955,0.5306018590927124,0.6120959520339966,-0.04191502183675766,0.5483608245849609,0.6167212128639221,-0.04187382757663727
0.4115634560585022,0.6604883670806885,1.8417016178773338e-07,0.43995723128318787,0.6299310922622681,0.00717555545270443,0.4712061882019043,0.6090982556343079,0.004417590796947479,0.4974600672721863,0.6080604195594788,-0.000841618690174073,0.5197989344596863,0.6134185194969177,-0.006255876272916794,0.473810076713562,0.5810926556587219,-0.009295657277107239,0.5213424563407898,0.5668994784355164,-0.02052808552980423,0.5461704134941101,0.5822305679321289,-0.02602846547961235,0.5623802542686462,0.5998818278312683,-0.028592169284820557,0.47348809242248535,0.5974307060241699,-0.019477810710668564,0.5245964527130127,0.5815432071685791,-0.030243834480643272,0.5518903136253357,0.5997321009635925,-0.03508802130818367,0.5684593319892883,0.6200697422027588,-0.037418968975543976,0.47209134697914124,0.6250876784324646,-0.028792928904294968,0.5190914273262024,0.6054993271827698,-0.03661426156759262,0.544327437877655,0.6212742328643799,-0.03896446153521538,0.5609792470932007,0.6383160352706909,-0.04036451876163483,0.4709242582321167,0.6607058048248291,-0.037457425147295,0.4990690350532532,0.6400612592697144,-0.04340255260467529,0.5164418816566467,0.6330256462097168,-0.044732991605997086,0.5306047201156616,0.6309010982513428,-0.04534933716058731
0.408581018447876,0.6668567061424255,1.621604752699568e-07,0.4374590516090393,0.6394385099411011,0.012676410377025604,0.46859490871429443,0.6196625232696533,0.012755300849676132,0.49427053332328796,0.6208485960960388,0.009041722863912582,0.51521235704422,0.6287564635276794,0.004587159492075443,0.47483083605766296,0.5917178392410278,-0.004037502687424421,0.5217053294181824,0.5829648971557617,-0.013540499843657017,0.5463618636131287,0.6013896465301514,-0.017912328243255615,0.5631169676780701,0.6197913289070129,-0.020113371312618256,0.4752811789512634,0.6053033471107483,-0.016950832679867744,0.5274050235748291,0.5921106934547424,-0.027311205863952637,0.5539253950119019,0.6124672293663025,-0.031444862484931946,0.5694121718406677,0.6330408453941345,-0.0331045426428318,0.47429993748664856,0.6314704418182373,-0.02864599972963333,0.5228011608123779,0.6118240356445312,-0.03655540943145752,0.5491183996200562,0.6267637014389038,-0.038212019950151443,0.5662716031074524,0.6416382193565369,-0.03876345604658127,0.47352495789527893,0.6685783863067627,-0.03929575905203819,0.5079310536384583,0.6501612663269043,-0.04534067586064339,0.5299608707427979,0.6460897922515869,-0.046631403267383575,0.5476600527763367,0.6467717885971069,-0.047118235379457474
0.4074974060058594,0.6649699211120605,2.0583837567755836e-07,0.43753582239151,0.6406435370445251,0.00923650711774826,0.46898430585861206,0.6175433397293091,0.00822763703763485,0.494936466217041,0.6134963035583496,0.0037906512152403593,0.5158331394195557,0.6134182810783386,-0.0011517738457769156,0.4751567244529724,0.5870653390884399,-0.005903206299990416,0.5240846872329712,0.5791796445846558,-0.0166229996830225,0.5486118197441101,0.5970410704612732,-0.022051479667425156,0.5648446083068848,0.6153753995895386,-0.024948367848992348,0.4745734930038452,0.6013051867485046,-0.017430821433663368,0.5279572010040283,0.5920543074607849,-0.027617013081908226,0.5544878840446472,0.6127851009368896,-0.03239750489592552,0.5706358551979065,0.6343090534210205,-0.03502287343144417,0.4731447994709015,0.6288978457450867,-0.028179852291941643,0.522545337677002,0.6130769848823547,-0.03582881763577461,0.5490260124206543,0.6282507181167603,-0.03806152194738388,0.5670695304870605,0.644305944442749,-0.039477698504924774,0.4718751907348633,0.665579617023468,-0.0383041575551033,0.5055213570594788,0.6497753262519836,-0.04419320076704025,0.5272492170333862,0.6472417116165161,-0.04575474560260773,0.5457451343536377,0.6503492593765259,-0.04670782759785652
0.4072830379009247,0.6558952331542969,2.0048980786668835e-07,0.4359933137893677,0.6292833089828491,0.010004116222262383,0.46613454818725586,0.6072984337806702,0.009041208773851395,0.49259087443351746,0.605261504650116,0.0046269637532532215,0.5133037567138672,0.609577476978302,-0.00034633578616194427,0.4725331962108612,0.5796111822128296,-0.0060172113589942455,0.5212547779083252,0.5700134634971619,-0.01726342737674713,0.5456618666648865,0.5881147980690002,-0.022808292880654335,0.5623630285263062,0.6072662472724915,-0.0255420058965683,0.47295570373535156,0.5938119888305664,-0.01778200827538967,0.5267006158828735,0.578559160232544,-0.029084185138344765,0.5535522699356079,0.5990734100341797,-0.03411068767309189,0.5705670118331909,0.6211216449737549,-0.03655769303441048,0.4723643660545349,0.6201367378234863,-0.02862992137670517,0.520158052444458,0.6047281622886658,-0.037003010511398315,0.5453377366065979,0.6240101456642151,-0.038560133427381516,0.5619686245918274,0.6432740688323975,-0.03913397341966629,0.4717670679092407,0.6548596620559692,-0.03879869356751442,0.5059425234794617,0.6363618969917297,-0.0443803146481514,0.5271443128585815,0.6341954469680786,-0.045079030096530914,0.5451034307479858,0.6370977163314819,-0.04536021873354912
0.40877676010131836,0.6486645340919495,2.0601558503585693e-07,0.4396628737449646,0.6239181756973267,0.008755115792155266,0.46896106004714966,0.6031402945518494,0.007190144620835781,0.4958217740058899,0.6030114889144897,0.002116815187036991,0.516689121723175,0.6084706783294678,-0.0033755942713469267,0.4734434485435486,0.5705804824829102,-0.004605523776262999,0.5209494233131409,0.5632666349411011,-0.01610555127263069,0.5458074808120728,0.5790439248085022,-0.02232387289404869,0.5633706450462341,0.5967464447021484,-0.025623319670557976,0.4738258719444275,0.5846070647239685,-0.01617981493473053,0.5263835191726685,0.5667703151702881,-0.027607828378677368,0.5535411834716797,0.5854736566543579,-0.03335139900445938,0.5710110068321228,0.6071404814720154,-0.03647106885910034,0.4738255739212036,0.6107956767082214,-0.02717731148004532,0.5207586288452148,0.5951974987983704,-0.036098383367061615,0.5442139506340027,0.6175069808959961,-0.0381365604698658,0.558922290802002,0.6395424008369446,-0.039027947932481766,0.4741672873497009,0.6439109444618225,-0.03770130127668381,0.5060058236122131,0.6239979863166809,-0.04403303936123848,0.526431679725647,0.6207879781723022,-0.04547971487045288,0.5439841747283936,0.6230908036231995,-0.04633929207921028
0.4084964096546173,0.6408796310424805,2.0876223061350174e-07,0.44006067514419556,0.6173942685127258,0.00878719799220562,0.4696987271308899,0.5988597273826599,0.0074373953975737095,0.49620139598846436,0.6017552614212036,0.002593087963759899,0.5165974497795105,0.6095011234283447,-0.002590426243841648,0.4744141697883606,0.5611435174942017,-0.002540895715355873,0.5216557383537292,0.5592415928840637,-0.012870636768639088,0.5463631749153137,0.5758386850357056,-0.01882901042699814,0.5639049410820007,0.5932559370994568,-0.022436145693063736,0.4750325083732605,0.5752671957015991,-0.014217907562851906,0.5269532799720764,0.5604777932167053,-0.024473972618579865,0.5533416271209717,0.5806228518486023,-0.03023272193968296,0.5710113644599915,0.6022439002990723,-0.0337132029235363,0.4752669632434845,0.602258563041687,-0.025442970916628838,0.5216174721717834,0.5868715047836304,-0.03376571089029312,0.5453987717628479,0.6086103320121765,-0.03598280996084213,0.5609943866729736,0.6289410591125488,-0.0373588390648365,0.4758717715740204,0.63617342710495,-0.036224283277988434,0.5065800547599792,0.6156483888626099,-0.042682114988565445,0.5267534852027893,0.6116053462028503,-0.04447512701153755,0.5446280241012573,0.6121754050254822,-0.04577457532286644
0.4080803394317627,0.6413782835006714,2.0692523605703173e-07,0.4383662939071655,0.6153712868690491,0.008238405920565128,0.46684423089027405,0.593463122844696,0.006714502815157175,0.4935147762298584,0.593303918838501,0.001895846682600677,0.5136862993240356,0.6002952456474304,-0.0031445231288671494,0.4712566137313843,0.5548991560935974,-0.00413275882601738,0.5192553997039795,0.5507581233978271,-0.01537762675434351,0.5440821647644043,0.5669483542442322,-0.021616671234369278,0.5616333484649658,0.5841572284698486,-0.025060608983039856,0.4721328318119049,0.57053142786026,-0.01542903296649456,0.5237168073654175,0.5538318753242493,-0.026770830154418945,0.5507423877716064,0.5706169009208679,-0.03267378732562065,0.5693945288658142,0.5892154574394226,-0.035939771682024,0.47271034121513367,0.5985654592514038,-0.02631717175245285,0.5177052021026611,0.5840609073638916,-0.03539741411805153,0.5424424409866333,0.6038281917572021,-0.03784763440489769,0.559540867805481,0.6219425797462463,-0.03901243954896927,0.4736705422401428,0.6331998109817505,-0.0367625392973423,0.504740297794342,0.6127986311912537,-0.04299745708703995,0.5249177813529968,0.6076784133911133,-0.04447108134627342,0.5431872606277466,0.6070258617401123,-0.04541315510869026
0.4060901701450348,0.6479301452636719,1.9302189002701198e-07,0.436043381690979,0.617333173751831,0.011087586171925068,0.46506351232528687,0.5960637927055359,0.010182425379753113,0.49035295844078064,0.5957435965538025,0.005599520169198513,0.5107184648513794,0.6025145053863525,0.00047499369247816503,0.4692862629890442,0.563616931438446,-0.004329624120146036,0.5178368091583252,0.5501114130020142,-0.014420224353671074,0.5432835221290588,0.5631109476089478,-0.019220633432269096,0.5614616274833679,0.5778706073760986,-0.021619990468025208,0.47053277492523193,0.5786809325218201,-0.016901055350899696,0.5228181481361389,0.5560418367385864,-0.02765282802283764,0.551164984703064,0.5731106400489807,-0.032413676381111145,0.568983793258667,0.5934620499610901,-0.03461991250514984,0.4711989462375641,0.6069920063018799,-0.028526902198791504,0.5190867185592651,0.5863887667655945,-0.03653125464916229,0.5453351140022278,0.6064156293869019,-0.03826374560594559,0.5623010993003845,0.6259133815765381,-0.03898140788078308,0.47215160727500916,0.6421566009521484,-0.03939606994390488,0.5046805739402771,0.6176543235778809,-0.04503842815756798,0.5257245898246765,0.6120063066482544,-0.04620828852057457,0.5433687567710876,0.6117298603057861,-0.0468275360763073
0.40587928891181946,0.6618976593017578,1.6593881468907057e-07,0.43501609563827515,0.6279812455177307,0.013432529754936695,0.463966965675354,0.6058232188224792,0.013840545900166035,0.4875064492225647,0.6035251617431641,0.010048232972621918,0.5068660378456116,0.6100726127624512,0.0055496362037956715,0.4714878797531128,0.5816426277160645,-0.0014358190819621086,0.5188993215560913,0.569023609161377,-0.011258522048592567,0.5441218614578247,0.5857040286064148,-0.015979763120412827,0.5610269904136658,0.6041699051856995,-0.017992964014410973,0.4730525016784668,0.5952516198158264,-0.014502706937491894,0.5255398154258728,0.5737666487693787,-0.025605693459510803,0.5532691478729248,0.5926741361618042,-0.03013952262699604,0.5698548555374146,0.6137303709983826,-0.03159003332257271,0.473425030708313,0.620620846748352,-0.026450086385011673,0.5213837623596191,0.5973390936851501,-0.0345725379884243,0.5479650497436523,0.6147443652153015,-0.036191921681165695,0.5648738145828247,0.6329687237739563,-0.03621825575828552,0.47366783022880554,0.6564208269119263,-0.03738037496805191,0.508827269077301,0.6363288164138794,-0.04188884049654007,0.5309509038925171,0.6338735222816467,-0.041894178837537766,0.5484263896942139,0.6365586519241333,-0.04137495532631874
0.40355759859085083,0.6647818684577942,1.7910070937432465e-07,0.4361032247543335,0.642469048500061,0.012292011640965939,0.46671563386917114,0.6211890578269958,0.012463015504181385,0.49140310287475586,0.6199478507041931,0.008367707021534443,0.5116065740585327,0.624261200428009,0.0036465406883507967,0.4726730287075043,0.5861992239952087,-0.0015593338757753372,0.5210586190223694,0.5801105499267578,-0.011985184624791145,0.5466444492340088,0.5980205535888672,-0.017451085150241852,0.5643909573554993,0.6164483428001404,-0.020348943769931793,0.47230181097984314,0.5965660214424133,-0.014798803254961967,0.5260293483734131,0.5849301815032959,-0.025178203359246254,0.5534040927886963,0.6064357161521912,-0.029780657961964607,0.5699706673622131,0.6292070150375366,-0.03194238245487213,0.471661776304245,0.6209613084793091,-0.027276532724499702,0.5219895839691162,0.6020676493644714,-0.035140953958034515,0.5496835708618164,0.6190459132194519,-0.03710610792040825,0.5683035254478455,0.6374841928482056,-0.03791802003979683,0.4716317355632782,0.6561578512191772,-0.038987334817647934,0.5064090490341187,0.6355772018432617,-0.044654134660959244,0.5285598039627075,0.633766233921051,-0.04587708041071892,0.5467115044593811,0.6387878060340881,-0.04640509933233261
0.40396493673324585,0.6603571176528931,1.878244972886023e-07,0.4413997232913971,0.6520794630050659,0.0143575519323349,0.4711063504219055,0.63320392370224,0.016124360263347626,0.49499794840812683,0.6281611919403076,0.013072472997009754,0.5148157477378845,0.6270377039909363,0.009358854033052921,0.47494128346443176,0.5846331715583801,0.004390905145555735,0.5222499966621399,0.5830973386764526,-0.003635598812252283,0.5476123094558716,0.6009582281112671,-0.008568800985813141,0.5657655596733093,0.6177783608436584,-0.011722358874976635,0.47431549429893494,0.5930323004722595,-0.009496847167611122,0.5272504091262817,0.5845316052436829,-0.016820766031742096,0.5544954538345337,0.6058517694473267,-0.021162591874599457,0.5716167688369751,0.6277041435241699,-0.02406151592731476,0.47358718514442444,0.6163080930709839,-0.022678207606077194,0.5216331481933594,0.6025758981704712,-0.028023557737469673,0.5471961498260498,0.6209554076194763,-0.029537010937929153,0.5639224648475647,0.6393536329269409,-0.031129097566008568,0.4740936756134033,0.6491121053695679,-0.03509671986103058,0.5057201385498047,0.6309974193572998,-0.039905499666929245,0.5265254378318787,0.630599319934845,-0.041148681193590164,0.5440157651901245,0.6360217332839966,-0.042252495884895325
0.40410158038139343,0.6521655917167664,1.9223823244374216e-07,0.4389956295490265,0.6415820717811584,0.01172502152621746,0.46827685832977295,0.6218305230140686,0.012262105941772461,0.49249473214149475,0.6165751218795776,0.008727656677365303,0.5119525194168091,0.615928053855896,0.00479107303544879,0.4742364287376404,0.5780494809150696,0.0013596171047538519,0.5206701159477234,0.5759983658790588,-0.00772814592346549,0.5454477071762085,0.592665433883667,-0.013131487183272839,0.563075602054596,0.6092450618743896,-0.016452154144644737,0.47432538866996765,0.5871229767799377,-0.011179533787071705,0.5268028378486633,0.5770920515060425,-0.019974077120423317,0.5537241697311401,0.5975708961486816,-0.024759771302342415,0.5715897083282471,0.6190012097358704,-0.02765294350683689,0.4740023612976074,0.60972660779953,-0.023127149790525436,0.5206767916679382,0.5973804593086243,-0.0296355988830328,0.5455109477043152,0.6164180636405945,-0.031068695709109306,0.5621461272239685,0.6355918645858765,-0.032201845198869705,0.4740980267524719,0.6415626406669617,-0.03446445241570473,0.505569338798523,0.6246806383132935,-0.03910137340426445,0.5257481336593628,0.6251108050346375,-0.03974365070462227,0.5428394079208374,0.6310715675354004,-0.04033414274454117
0.4057888984680176,0.6451002359390259,1.9316330224228295e-07,0.4400876462459564,0.6272835731506348,0.010727382265031338,0.47050580382347107,0.6078574657440186,0.010185642167925835,0.4960043728351593,0.6060428619384766,0.005681920330971479,0.5169481039047241,0.6088425517082214,0.0007103420211933553,0.47458145022392273,0.5678962469100952,-0.0012414100347086787,0.5207553505897522,0.5615497827529907,-0.012004783377051353,0.5452553033828735,0.577366292476654,-0.01833127625286579,0.5630486011505127,0.594416081905365,-0.022097881883382797,0.4736348092556,0.5791821479797363,-0.01392637100070715,0.525209903717041,0.5642461776733398,-0.02446398325264454,0.5519513487815857,0.5824663639068604,-0.0304952971637249,0.5701992511749268,0.6028929352760315,-0.034136492758989334,0.47233983874320984,0.6034899353981018,-0.02605099231004715,0.5187504291534424,0.5848341584205627,-0.03431682288646698,0.5437445640563965,0.6028409004211426,-0.03697479888796806,0.5608517527580261,0.6223881244659424,-0.03869118168950081,0.47203487157821655,0.6369510889053345,-0.03754813224077225,0.5028029680252075,0.6163581609725952,-0.04382774606347084,0.5232920050621033,0.6139393448829651,-0.04562680423259735,0.5414059162139893,0.6177720427513123,-0.04692348092794418
0.40792229771614075,0.6428248286247253,2.0284205959342216e-07,0.4416317939758301,0.6247367262840271,0.011112932115793228,0.4714953303337097,0.6019585728645325,0.01080147922039032,0.49770885705947876,0.5983839631080627,0.006513745989650488,0.5188158750534058,0.599619448184967,0.0017811753787100315,0.47302836179733276,0.5571289658546448,-0.0008330064010806382,0.5202738046646118,0.5501064658164978,-0.011269270442426205,0.5453534722328186,0.5658743977546692,-0.017573002725839615,0.5631269812583923,0.582525372505188,-0.02134557254612446,0.47153976559638977,0.5673324465751648,-0.013434739783406258,0.5245965123176575,0.5546687245368958,-0.023794371634721756,0.5511847138404846,0.5748358964920044,-0.029799241572618484,0.5683233737945557,0.5962311625480652,-0.033342260867357254,0.4705585241317749,0.5911415815353394,-0.025400815531611443,0.5192232131958008,0.5723128318786621,-0.033352285623550415,0.5452733635902405,0.5907225608825684,-0.03607276454567909,0.5625926852226257,0.6107190847396851,-0.037821024656295776,0.47093093395233154,0.6243176460266113,-0.036675408482551575,0.5032445788383484,0.6046134829521179,-0.04265590384602547,0.5241500735282898,0.6038986444473267,-0.044401027262210846,0.5419889688491821,0.6095019578933716,-0.045610204339027405
0.4083307385444641,0.6428893804550171,1.9478434865050076e-07,0.4398103356361389,0.6162372827529907,0.01087147369980812,0.46800318360328674,0.595471203327179,0.010118873789906502,0.4933364689350128,0.5962255001068115,0.005513796117156744,0.513868510723114,0.6016639471054077,0.0003259892400819808,0.46923941373825073,0.554042398929596,-0.002113059163093567,0.5164058208465576,0.5473750829696655,-0.011936753988265991,0.540928840637207,0.5609071254730225,-0.017303643748164177,0.5586532354354858,0.5749155282974243,-0.020303955301642418,0.470223993062973,0.5680214762687683,-0.014619101770222187,0.5214768052101135,0.5502220392227173,-0.024687692523002625,0.5487381219863892,0.5669398903846741,-0.02988380566239357,0.5663483738899231,0.5864161252975464,-0.03262441232800484,0.47171351313591003,0.5945963263511658,-0.026382122188806534,0.5176970958709717,0.5731019377708435,-0.034158505499362946,0.5436593890190125,0.5889939665794373,-0.036427490413188934,0.5608854293823242,0.6055619120597839,-0.037585366517305374,0.474267840385437,0.6287451982498169,-0.0374247282743454,0.505595862865448,0.6043030023574829,-0.04316651448607445,0.5252848863601685,0.6007384657859802,-0.04429570212960243,0.5417184233665466,0.6036108732223511,-0.0448143407702446
0.4079740643501282,0.6488865613937378,2.1347099732338393e-07,0.43698325753211975,0.61897873878479,0.0085448594763875,0.46784669160842896,0.5975635647773743,0.006311529316008091,0.4950280785560608,0.5988844633102417,0.0009636542527005076,0.517352819442749,0.6052529215812683,-0.00474392157047987,0.4694696366786957,0.5621638298034668,-0.006969871930778027,0.5180744528770447,0.5521835088729858,-0.017938220873475075,0.5436364412307739,0.5677996873855591,-0.023468347266316414,0.5612100958824158,0.5844449400901794,-0.02614402398467064,0.4697798192501068,0.5789137482643127,-0.018187331035733223,0.52189040184021,0.5584139823913574,-0.02913987636566162,0.549289345741272,0.5765307545661926,-0.034114982932806015,0.5661832690238953,0.5969301462173462,-0.03651795908808708,0.46997448801994324,0.6071593761444092,-0.028593894094228745,0.5157191157341003,0.5863708853721619,-0.0369134284555912,0.5400671362876892,0.6057014465332031,-0.038659922778606415,0.5554702281951904,0.6248564720153809,-0.03932276368141174,0.4713883399963379,0.6418172121047974,-0.038391418755054474,0.5023030638694763,0.6200013756752014,-0.0438731350004673,0.5212728381156921,0.6167207956314087,-0.04451506584882736,0.5365244746208191,0.6181838512420654,-0.04471125081181526
0.4064200818538666,0.6619100570678711,1.8010338465046516e-07,0.43462875485420227,0.6304676532745361,0.011605559848248959,0.46391192078590393,0.6079064011573792,0.01124662160873413,0.4882306456565857,0.6063809394836426,0.007197604048997164,0.5078902840614319,0.6133663654327393,0.002506752498447895,0.4726864993572235,0.581471860408783,-0.0032697559799999,0.5202407836914062,0.5759831666946411,-0.012913048267364502,0.5452948808670044,0.5948664546012878,-0.01801091805100441,0.5619581937789917,0.6140185594558716,-0.020561469718813896,0.47302794456481934,0.5956011414527893,-0.015277676284313202,0.5251267552375793,0.5793030261993408,-0.025680184364318848,0.5516659617424011,0.6002981662750244,-0.03035784512758255,0.567420482635498,0.6219134330749512,-0.03230108320713043,0.4727303981781006,0.6206228137016296,-0.026168830692768097,0.5196458697319031,0.6012511849403381,-0.033806320279836655,0.5455185770988464,0.620223879814148,-0.03575915843248367,0.5617467164993286,0.6398152709007263,-0.03635586425662041,0.4726751446723938,0.6560986042022705,-0.03617505729198456,0.5063911080360413,0.6391980051994324,-0.04090439900755882,0.5270529389381409,0.6421494483947754,-0.041184283792972565,0.5429804921150208,0.650056004524231,-0.04088248685002327
0.4021713137626648,0.6617217063903809,1.8750338881545758e-07,0.43473389744758606,0.6490751504898071,0.011541535146534443,0.4661821126937866,0.6308842897415161,0.012093726545572281,0.49131184816360474,0.6321014761924744,0.008620446547865868,0.5110592246055603,0.6369302272796631,0.004409388639032841,0.47433578968048096,0.5859171748161316,-0.0007410389371216297,0.5209137797355652,0.587428629398346,-0.010455776937305927,0.5464534759521484,0.6069338917732239,-0.016152946278452873,0.5645004510879517,0.6257580518722534,-0.019463814795017242,0.4733664393424988,0.595484733581543,-0.013348267413675785,0.5264355540275574,0.5892602205276489,-0.02272310107946396,0.5535455346107483,0.6118020415306091,-0.027517026290297508,0.5704447031021118,0.6342782974243164,-0.029946105554699898,0.47220832109451294,0.6203117370605469,-0.02524472214281559,0.5206918120384216,0.6051712036132812,-0.03303716331720352,0.5475305914878845,0.6238019466400146,-0.03555954992771149,0.5651653409004211,0.6430848240852356,-0.036739107221364975,0.4716150760650635,0.6563071012496948,-0.0363750159740448,0.5053925514221191,0.6386563777923584,-0.042619094252586365,0.526229202747345,0.6414657831192017,-0.04407615214586258,0.5429556369781494,0.6506881713867188,-0.044640593230724335
0.4008362889289856,0.6552630662918091,2.0576796089244453e-07,0.4377192258834839,0.6478286981582642,0.012244374491274357,0.4690656363964081,0.6323024034500122,0.013164755888283253,0.4939635097980499,0.6320980191230774,0.009788304567337036,0.5141355395317078,0.6341716647148132,0.00578776840120554,0.47387686371803284,0.5810531377792358,0.001366750686429441,0.5219289064407349,0.5846529603004456,-0.007737301290035248,0.5471904277801514,0.6042585372924805,-0.013240416534245014,0.5654060244560242,0.6225976347923279,-0.01666441559791565,0.47256022691726685,0.5907914042472839,-0.01164150144904852,0.5265231728553772,0.5880535244941711,-0.02031821198761463,0.5529904961585999,0.6114965081214905,-0.025301983579993248,0.5698651671409607,0.634545624256134,-0.028387898579239845,0.4712357521057129,0.6155381202697754,-0.02398860454559326,0.5195906758308411,0.6058965921401978,-0.030668096616864204,0.5445311665534973,0.6262141466140747,-0.03273337706923485,0.5606156587600708,0.6463062167167664,-0.03425397723913193,0.4706057012081146,0.6499090790748596,-0.035673655569553375,0.503194272518158,0.6342763304710388,-0.04124315455555916,0.5238113403320312,0.6371453404426575,-0.04265378415584564,0.5407902598381042,0.6459050178527832,-0.04362520948052406
0.4015617370605469,0.6432153582572937,2.2171556679495552e-07,0.4360608756542206,0.6296936869621277,0.010940730571746826,0.468154639005661,0.6152839660644531,0.011181513778865337,0.4935799837112427,0.6179674863815308,0.007550748996436596,0.5135043859481812,0.623121440410614,0.0034134890884160995,0.4744575023651123,0.5698171854019165,0.00016266500460915267,0.5223860740661621,0.5764683485031128,-0.009119226597249508,0.5469329357147217,0.5979657769203186,-0.014793479815125465,0.5639985203742981,0.6183722615242004,-0.01803111471235752,0.47374850511550903,0.5821090340614319,-0.011900490149855614,0.527265191078186,0.5803723335266113,-0.02075106091797352,0.552958607673645,0.6054102778434753,-0.02597341686487198,0.5685117840766907,0.6304745078086853,-0.028987493366003036,0.47236406803131104,0.6074448227882385,-0.023274119943380356,0.5192915797233582,0.600050687789917,-0.029827645048499107,0.5428754091262817,0.6236290335655212,-0.03181687742471695,0.5572097897529602,0.6462062001228333,-0.03303345665335655,0.47141629457473755,0.6405248045921326,-0.03403798118233681,0.5048959851264954,0.6265546679496765,-0.03858550637960434,0.5244461297988892,0.6313719153404236,-0.03903655335307121,0.5396831631660461,0.6411551237106323,-0.039204664528369904
0.40659642219543457,0.6298857927322388,2.2175906622123875e-07,0.4370480179786682,0.6031789779663086,0.010200799442827702,0.4674229621887207,0.5850216150283813,0.009660543873906136,0.492338091135025,0.5892443060874939,0.005590043496340513,0.5112053751945496,0.5999028086662292,0.0010068060364574194,0.47616666555404663,0.5552834272384644,-0.0023792146239429712,0.5233314633369446,0.5639156699180603,-0.011808756738901138,0.5464828014373779,0.5848304629325867,-0.01683935709297657,0.5618554353713989,0.6042763590812683,-0.019352156668901443,0.47569504380226135,0.5710717439651489,-0.013688732869923115,0.5289266109466553,0.5689393281936646,-0.023062769323587418,0.5532695651054382,0.5942279696464539,-0.027310265228152275,0.5672306418418884,0.6192256212234497,-0.029233673587441444,0.4742945432662964,0.5981279611587524,-0.02419707551598549,0.5211464166641235,0.5924850106239319,-0.031107129529118538,0.5441735982894897,0.618385910987854,-0.0324515625834465,0.5582043528556824,0.642186164855957,-0.03282304108142853,0.4725906550884247,0.6310162544250488,-0.03402760624885559,0.506961464881897,0.6197658181190491,-0.03809971734881401,0.5253499746322632,0.6264113187789917,-0.037650931626558304,0.5393692851066589,0.6368991136550903,-0.03698430210351944
0.40743106603622437,0.6243460178375244,2.0916849052809994e-07,0.43780186772346497,0.5982562303543091,0.010591302067041397,0.4679136872291565,0.5825755000114441,0.009556010365486145,0.4933907389640808,0.5896573066711426,0.0048880623653531075,0.513285219669342,0.6001139283180237,-0.0002894798235502094,0.4751659631729126,0.5477304458618164,-0.004072424490004778,0.5227412581443787,0.5533953309059143,-0.014486988075077534,0.545900285243988,0.5733969211578369,-0.019852004945278168,0.5616757273674011,0.5926384925842285,-0.02246338129043579,0.4744625985622406,0.5637481212615967,-0.016322461888194084,0.5271146297454834,0.557074248790741,-0.027646034955978394,0.5526313185691833,0.5816100835800171,-0.032740525901317596,0.5676873922348022,0.6069477200508118,-0.03489084169268608,0.47319287061691284,0.592402458190918,-0.02766658179461956,0.5198312401771545,0.5852506756782532,-0.0365198515355587,0.5434393882751465,0.6131197214126587,-0.03825673460960388,0.557803213596344,0.6383430361747742,-0.038369759917259216,0.4718908667564392,0.6282845735549927,-0.038203876465559006,0.507475733757019,0.6140183210372925,-0.04347774386405945,0.5263785719871521,0.6211702823638916,-0.04306287690997124,0.5407723188400269,0.6327260136604309,-0.042170435190200806
0.4092799425125122,0.6258520483970642,2.0881381601611793e-07,0.43755897879600525,0.5982404351234436,0.0079654511064291,0.46689632534980774,0.5794150233268738,0.005800338927656412,0.49272075295448303,0.585771381855011,0.0006917733117006719,0.5120696425437927,0.5966235995292664,-0.004821152426302433,0.47264987230300903,0.5461592674255371,-0.008386463858187199,0.5207131505012512,0.547335684299469,-0.019939785823225975,0.5442599058151245,0.566324770450592,-0.025715265423059464,0.5603063702583313,0.5843082070350647,-0.028408052399754524,0.47270727157592773,0.5630086660385132,-0.019267229363322258,0.5250962972640991,0.5527914762496948,-0.03132875636219978,0.5519002079963684,0.5745126008987427,-0.03658805042505264,0.5681844353675842,0.5972567796707153,-0.03877684101462364,0.47259092330932617,0.5915260910987854,-0.029325678944587708,0.5189831852912903,0.5775106549263,-0.038690235465765,0.5445848703384399,0.598989725112915,-0.041170068085193634,0.5607699155807495,0.6198866963386536,-0.041709840297698975,0.4725472629070282,0.6267246603965759,-0.038733698427677155,0.507063090801239,0.6085346341133118,-0.04492376372218132,0.5272060632705688,0.6102036833763123,-0.045757994055747986,0.542949378490448,0.6180735230445862,-0.045635346323251724
0.4118688404560089,0.6365992426872253,2.0363130204259505e-07,0.4409080743789673,0.6138132214546204,0.007870354689657688,0.47121673822402954,0.5945943593978882,0.006226642522960901,0.49772465229034424,0.5953585505485535,0.0015948592917993665,0.5181803107261658,0.5999737977981567,-0.0031550538260489702,0.47434812784194946,0.558811366558075,-0.00622532470151782,0.5225493311882019,0.5530651211738586,-0.016817670315504074,0.5473114252090454,0.5724059343338013,-0.022345324978232384,0.5638149380683899,0.5916967988014221,-0.02498277835547924,0.4731885492801666,0.5724639296531677,-0.016639621928334236,0.5251973271369934,0.5597190856933594,-0.026745488867163658,0.5519405603408813,0.5814605355262756,-0.03115326724946499,0.5676522254943848,0.6041194796562195,-0.03316991403698921,0.47219318151474,0.5983346700668335,-0.026355508714914322,0.5189751386642456,0.5811947584152222,-0.033774327486753464,0.5444566607475281,0.599651038646698,-0.035412371158599854,0.5600070953369141,0.6196655035018921,-0.03601615130901337,0.472562700510025,0.6327184438705444,-0.03564249724149704,0.5047121644020081,0.6161754131317139,-0.04108988493680954,0.5251126885414124,0.6188446283340454,-0.041991181671619415,0.5404786467552185,0.6273344159126282,-0.04215297847986221
0.40551647543907166,0.6475443243980408,2.0180793569579691e-07,0.43503421545028687,0.6281441450119019,0.007202513050287962,0.4662410616874695,0.6115968227386475,0.005976565182209015,0.48926666378974915,0.6154475212097168,0.0014753371942788363,0.5069060921669006,0.6224436163902283,-0.0034426965285092592,0.4770547151565552,0.582725465297699,-0.0033021264243870974,0.5237740278244019,0.5827785134315491,-0.014536051079630852,0.5487077832221985,0.6070205569267273,-0.021854916587471962,0.5649722218513489,0.6311215162277222,-0.025789525359869003,0.4768162965774536,0.5943537354469299,-0.01345093734562397,0.5265180468559265,0.5858213901519775,-0.023409971967339516,0.5525339841842651,0.6114311814308167,-0.029212087392807007,0.5677566528320312,0.63661128282547,-0.032094016671180725,0.4753590226173401,0.6182738542556763,-0.023199230432510376,0.5208717584609985,0.6017450094223022,-0.03145609423518181,0.546143114566803,0.622877836227417,-0.03497329354286194,0.5618231892585754,0.6454634666442871,-0.036437902599573135,0.4737882912158966,0.6539286375045776,-0.03257106617093086,0.5055112242698669,0.6461517810821533,-0.03846981003880501,0.5245578289031982,0.6558569669723511,-0.03947717323899269,0.5382006168365479,0.6697377562522888,-0.03939902037382126
0.4018520712852478,0.6501895189285278,1.9646820703655976e-07,0.4335079789161682,0.6335230469703674,0.010307799093425274,0.46455639600753784,0.619587779045105,0.009945225901901722,0.4881640672683716,0.6253185868263245,0.005771707743406296,0.5069305300712585,0.6338788866996765,0.001106750569306314,0.47442367672920227,0.5828221440315247,-0.0020232871174812317,0.5210309028625488,0.5866764783859253,-0.012105762958526611,0.5448350310325623,0.6079487800598145,-0.017509877681732178,0.5606741905212402,0.6283422112464905,-0.020170636475086212,0.4735354483127594,0.5941675901412964,-0.013852463103830814,0.5255677700042725,0.5917854905128479,-0.023206109181046486,0.5514499545097351,0.6160572171211243,-0.027550455182790756,0.5671640634536743,0.6409258246421814,-0.02953409031033516,0.4715677499771118,0.6191508173942566,-0.02508668228983879,0.5192397832870483,0.6080657839775085,-0.03238780423998833,0.543316125869751,0.6301628947257996,-0.034167177975177765,0.5583652853965759,0.6535281538963318,-0.03466834872961044,0.4694533944129944,0.6541318297386169,-0.03572087362408638,0.504056990146637,0.6391403079032898,-0.04123402759432793,0.5242215991020203,0.6455097198486328,-0.04195762425661087,0.5397199988365173,0.6587227582931519,-0.04180055484175682
0.39990586042404175,0.6469241976737976,2.113932850988931e-07,0.43211907148361206,0.6406872868537903,0.00849253311753273,0.46291306614875793,0.6280388832092285,0.007641057949513197,0.4871408939361572,0.6310879588127136,0.00362247577868402,0.506459653377533,0.6339689493179321,-0.0006872523226775229,0.4722379744052887,0.5803642272949219,-0.00430485513061285,0.5206906199455261,0.5858898162841797,-0.014310064725577831,0.5444408059120178,0.6080556511878967,-0.019675923511385918,0.5606985688209534,0.6283083558082581,-0.02251928672194481,0.4711554944515228,0.5899229049682617,-0.015128064900636673,0.5250685214996338,0.5882799625396729,-0.02458515577018261,0.550911009311676,0.6138826012611389,-0.02928614802658558,0.5668627023696899,0.6392870545387268,-0.0318111926317215,0.46940672397613525,0.6140537858009338,-0.025294091552495956,0.5172803997993469,0.6078304648399353,-0.032665953040122986,0.541092574596405,0.632360577583313,-0.03483022376894951,0.5559229254722595,0.6564799547195435,-0.035976868122816086,0.467765748500824,0.6477310061454773,-0.03495562821626663,0.5010583996772766,0.6354341506958008,-0.04091622680425644,0.5207356214523315,0.6423313617706299,-0.042171649634838104,0.5358713865280151,0.6551089286804199,-0.04261349141597748
0.39980846643447876,0.6400601267814636,2.2311097325200535e-07,0.4306183457374573,0.6180161237716675,0.008291523903608322,0.46161434054374695,0.6018547415733337,0.006703630089759827,0.48657330870628357,0.6056326031684875,0.0020812733564525843,0.5068468451499939,0.613049328327179,-0.0029859920032322407,0.47145023941993713,0.5675442218780518,-0.005703521892428398,0.5204828977584839,0.570382297039032,-0.015999579802155495,0.5436698794364929,0.5903140306472778,-0.021264124661684036,0.559607982635498,0.6093733310699463,-0.023944884538650513,0.46994948387145996,0.5809817910194397,-0.01645427756011486,0.5238944292068481,0.5765483975410461,-0.026735013350844383,0.5489259362220764,0.6006966233253479,-0.03185959905385971,0.5643333196640015,0.6255653500556946,-0.034527264535427094,0.46742764115333557,0.6062771677970886,-0.026428593322634697,0.5150541067123413,0.5998082160949707,-0.0344482846558094,0.5383369326591492,0.6260313987731934,-0.036802757531404495,0.5529135465621948,0.651505708694458,-0.03794386610388756,0.4646837115287781,0.6386786699295044,-0.03578491508960724,0.49816733598709106,0.6255877614021301,-0.04180385172367096,0.5171679854393005,0.6328228712081909,-0.04280460253357887,0.5319048762321472,0.6448670029640198,-0.04306464642286301
0.40040290355682373,0.6375340223312378,2.1032259667208564e-07,0.4316297471523285,0.6136411428451538,0.009095519781112671,0.46292445063591003,0.5951514840126038,0.007890027016401291,0.48933857679367065,0.5978224277496338,0.0034624626860022545,0.5099855661392212,0.6043296456336975,-0.0012573444982990623,0.46941906213760376,0.5572917461395264,-0.004742778837680817,0.5187990665435791,0.5602998733520508,-0.014906993135809898,0.5423704385757446,0.5807035565376282,-0.020038874819874763,0.5583720803260803,0.600303053855896,-0.022616304457187653,0.4683631360530853,0.5717434883117676,-0.01607549376785755,0.5228888392448425,0.5642678737640381,-0.026455415412783623,0.5484254956245422,0.5883227586746216,-0.0313386395573616,0.5635956525802612,0.6134910583496094,-0.033628612756729126,0.4670630991458893,0.5993251800537109,-0.026639804244041443,0.5152879953384399,0.5895313024520874,-0.034691594541072845,0.5396946668624878,0.6153026819229126,-0.03674449026584625,0.5549220442771912,0.6402636766433716,-0.037519194185733795,0.4660108685493469,0.634641170501709,-0.03656305745244026,0.50027996301651,0.617422342300415,-0.04236246272921562,0.5197572112083435,0.6221746802330017,-0.04315611720085144,0.53504878282547,0.6328467130661011,-0.04325343668460846
0.39965784549713135,0.641118586063385,2.0451960835998761e-07,0.42997807264328003,0.6107395887374878,0.01070899236947298,0.4597303867340088,0.5896144509315491,0.009719555266201496,0.4850137531757355,0.5901715755462646,0.005152549594640732,0.5053412914276123,0.5959355235099792,9.631202556192875e-05,0.46660706400871277,0.5565157532691956,-0.005026573780924082,0.5153512358665466,0.5534183382987976,-0.016288116574287415,0.5399714112281799,0.5721002221107483,-0.021676205098628998,0.5565478801727295,0.5910223722457886,-0.023947281762957573,0.4663003087043762,0.5719127058982849,-0.017367232590913773,0.5197226405143738,0.5570695400238037,-0.029898157343268394,0.5472465753555298,0.5791087746620178,-0.03497645631432533,0.563521683216095,0.6034417748451233,-0.03655852749943733,0.46562689542770386,0.6000605821609497,-0.028755374252796173,0.5133025646209717,0.5831304788589478,-0.03845101594924927,0.5397672057151794,0.6048732399940491,-0.04044961929321289,0.5565198063850403,0.6269464492797852,-0.04029840975999832,0.46477681398391724,0.6365007758140564,-0.039272889494895935,0.5000098943710327,0.6143408417701721,-0.045448869466781616,0.5197754502296448,0.6188451051712036,-0.04541105777025223,0.534464418888092,0.6307545304298401,-0.044333674013614655
0.40083199739456177,0.6504194140434265,2.2932344734272192e-07,0.4286451041698456,0.6136516332626343,0.0074585494585335255,0.4589114785194397,0.5906552076339722,0.0044105337001383305,0.48449844121932983,0.5914242267608643,-0.0014645112678408623,0.5044422745704651,0.5985186100006104,-0.00761289382353425,0.4648878872394562,0.5612670183181763,-0.009759190492331982,0.5143240094184875,0.5557019710540771,-0.021842211484909058,0.539949357509613,0.5729104280471802,-0.0275696013122797,0.557192325592041,0.590216875076294,-0.02989441528916359,0.46482378244400024,0.5800014138221741,-0.020493043586611748,0.5180397033691406,0.5624673962593079,-0.03291240707039833,0.5463526248931885,0.5831543803215027,-0.03742200508713722,0.5631512999534607,0.6058230400085449,-0.038753632456064224,0.46471530199050903,0.6100541949272156,-0.03043678030371666,0.5128512382507324,0.5897784233093262,-0.03986829146742821,0.5402987003326416,0.6091476678848267,-0.04180026426911354,0.5577356815338135,0.6291251182556152,-0.041795533150434494,0.4649711549282074,0.6467485427856445,-0.039792630821466446,0.5003817677497864,0.6273813843727112,-0.045767828822135925,0.521783709526062,0.6299700736999512,-0.046181321144104004,0.5381265878677368,0.6384854316711426,-0.04554607346653938
0.39971280097961426,0.6649203300476074,2.066705775405353e-07,0.42795678973197937,0.6324519515037537,0.010215675458312035,0.45850279927253723,0.6099438667297363,0.009078875184059143,0.4820171892642975,0.6097564697265625,0.00456817215308547,0.5004982352256775,0.6170328259468079,-0.0005516212549991906,0.46703600883483887,0.5833525061607361,-0.006543736904859543,0.5142613053321838,0.569874107837677,-0.017506325617432594,0.53984534740448,0.5857501029968262,-0.023011095821857452,0.5565763115882874,0.6029630303382874,-0.025374025106430054,0.46726053953170776,0.598319411277771,-0.017932061105966568,0.5183303356170654,0.5799288153648376,-0.029461389407515526,0.545555055141449,0.6011147499084473,-0.03426308557391167,0.5609988570213318,0.6239542365074158,-0.035895247012376785,0.4662034213542938,0.6246786713600159,-0.02815450169146061,0.5119190216064453,0.6039229035377502,-0.03652911260724068,0.5377538800239563,0.6215854287147522,-0.03903016820549965,0.5539374351501465,0.6416305899620056,-0.03977575525641441,0.464802622795105,0.6602826118469238,-0.03754013776779175,0.49761027097702026,0.6477882862091064,-0.042832840234041214,0.5169816017150879,0.6567482352256775,-0.04311934486031532,0.5309500098228455,0.6706218719482422,-0.042543262243270874
0.3956729471683502,0.6656969785690308,2.0125492028455483e-07,0.4218631088733673,0.6385737657546997,0.00675891013815999,0.4535911977291107,0.6191670298576355,0.004574233666062355,0.4776909053325653,0.6180747151374817,-0.00020954146748408675,0.4978763163089752,0.6212059855461121,-0.0054011051543056965,0.4646214544773102,0.593867838382721,-0.009513093158602715,0.512201189994812,0.5771657824516296,-0.020535703748464584,0.5377086997032166,0.5876449346542358,-0.025654740631580353,0.5545491576194763,0.600488007068634,-0.027771398425102234,0.46442461013793945,0.6067074537277222,-0.01920572854578495,0.5156359076499939,0.5949389934539795,-0.030230600386857986,0.5429428815841675,0.6167176961898804,-0.03408699482679367,0.5594633221626282,0.640305757522583,-0.03524673357605934,0.4630994498729706,0.6311303973197937,-0.028102926909923553,0.5100552439689636,0.6128031015396118,-0.036239322274923325,0.5367065072059631,0.6309958696365356,-0.03847149387001991,0.5543181300163269,0.6529172658920288,-0.03917227312922478,0.4615766704082489,0.6642519235610962,-0.03651527687907219,0.49366137385368347,0.6473096609115601,-0.04252989590167999,0.513292670249939,0.6548417806625366,-0.043341390788555145,0.5279372930526733,0.6695468425750732,-0.043040987104177475
0.3913939893245697,0.6548930406570435,2.3687984196385514e-07,0.41858115792274475,0.6382294297218323,0.006569486577063799,0.44905954599380493,0.6221954226493835,0.004459737800061703,0.47224122285842896,0.6181896924972534,-0.00012629720731638372,0.49187901616096497,0.6174713969230652,-0.0047440240159630775,0.4617552161216736,0.594227135181427,-0.010553751140832901,0.5105966329574585,0.5732551217079163,-0.021495003253221512,0.5364535450935364,0.581824779510498,-0.025456465780735016,0.5543933510780334,0.5952786207199097,-0.02665957249701023,0.46233636140823364,0.6025458574295044,-0.020197205245494843,0.5148604512214661,0.592510998249054,-0.03277439996600151,0.544060230255127,0.6163356900215149,-0.036693114787340164,0.5620130896568298,0.6438391804695129,-0.037530429661273956,0.4608139395713806,0.6231540441513062,-0.02880266308784485,0.5076587796211243,0.6134625673294067,-0.03758515417575836,0.5321584343910217,0.6390269994735718,-0.03868476301431656,0.5472627282142639,0.666830837726593,-0.03822969272732735,0.4577369689941406,0.6517088413238525,-0.03695925325155258,0.488659530878067,0.6346593499183655,-0.04315820336341858,0.5077406764030457,0.6452013850212097,-0.043207406997680664,0.5213456153869629,0.6624242067337036,-0.04203507676720619
0.3898707926273346,0.6432419419288635,2.2936958998798218e-07,0.41831645369529724,0.6404330730438232,0.003873532172292471,0.4507853090763092,0.6253241300582886,0.002008470008149743,0.4755561053752899,0.6212410926818848,-0.001837767893448472,0.4961108863353729,0.6202384233474731,-0.005741667002439499,0.46125566959381104,0.5843016505241394,-0.008374331519007683,0.5086081624031067,0.5705401301383972,-0.018958739936351776,0.5341020226478577,0.5827631950378418,-0.02399311028420925,0.5512920618057251,0.5985862612724304,-0.02631913311779499,0.46122607588768005,0.5876253843307495,-0.016339756548404694,0.5121986865997314,0.5842365026473999,-0.02700669877231121,0.5399283766746521,0.6098883152008057,-0.03141111135482788,0.5574945211410522,0.6382491588592529,-0.033084169030189514,0.45905664563179016,0.6041901111602783,-0.023932408541440964,0.5064041018486023,0.5977334976196289,-0.03272832930088043,0.5326890349388123,0.62217777967453,-0.0364036001265049,0.5507943630218506,0.6495408415794373,-0.038316283375024796,0.45533132553100586,0.630211353302002,-0.031166624277830124,0.4835722744464874,0.6187534928321838,-0.03924413025379181,0.501488208770752,0.6290369033813477,-0.041723065078258514,0.5150411128997803,0.6465449333190918,-0.04252901300787926
0.39369839429855347,0.6270809769630432,3.6811991321883397e-07,0.4156419634819031,0.6417459845542908,-0.02434384450316429,0.4407462179660797,0.6306648254394531,-0.033322159200906754,0.4615098834037781,0.6159654259681702,-0.03701594099402428,0.47890448570251465,0.6050328016281128,-0.03903250768780708,0.4644957184791565,0.5626649260520935,-0.024485832080245018,0.5107969045639038,0.5625441670417786,-0.03341476991772652,0.5335766077041626,0.5789144039154053,-0.039514701813459396,0.5495344400405884,0.5961702466011047,-0.042466070502996445,0.4653749465942383,0.5638774037361145,-0.01240363996475935,0.5080758333206177,0.5771352052688599,-0.019907891750335693,0.5292495489120483,0.6029758453369141,-0.025245416909456253,0.5448734164237976,0.6287468671798706,-0.028494728729128838,0.46476131677627563,0.5748644471168518,-0.001887574908323586,0.4991421103477478,0.5883755087852478,-0.007809486705809832,0.5189307928085327,0.6119598150253296,-0.013697151094675064,0.5326249599456787,0.6369885206222534,-0.017665071412920952,0.4626177251338959,0.5897400975227356,0.006736317183822393,0.4840390086174011,0.600236713886261,0.0010878463508561254,0.4967600703239441,0.6169050931930542,-0.00342180160805583,0.5064508318901062,0.6348293423652649,-0.005854219663888216
0.3873380720615387,0.618937075138092,2.164521362146843e-07,0.4198717474937439,0.6198147535324097,0.004528231918811798,0.44592976570129395,0.6027266383171082,0.0039678956381976604,0.46619462966918945,0.6003860831260681,0.0014144479064270854,0.48437026143074036,0.6071956753730774,-0.0005635408451780677,0.45047301054000854,0.5296064615249634,-0.00034872349351644516,0.49459803104400635,0.5261275172233582,-0.00814093928784132,0.5183204412460327,0.5431337952613831,-0.013421925716102123,0.5342894792556763,0.5600491166114807,-0.016592059284448624,0.44960927963256836,0.5343350768089294,-0.006741258315742016,0.494877427816391,0.5354852080345154,-0.014443797059357166,0.5185437202453613,0.5622099041938782,-0.019203435629606247,0.5348446369171143,0.5889500975608826,-0.02228531800210476,0.4494716227054596,0.5512114763259888,-0.013194127939641476,0.4906022250652313,0.5469866394996643,-0.02005387842655182,0.5129330158233643,0.5698623657226562,-0.024002423509955406,0.5280095934867859,0.5937721729278564,-0.02668662555515766,0.44990676641464233,0.5749846696853638,-0.019413607195019722,0.47557610273361206,0.5658841729164124,-0.02640078216791153,0.4916098415851593,0.5752134919166565,-0.030139297246932983,0.5044702887535095,0.589960515499115,-0.032307665795087814
0.3804638087749481,0.6095487475395203,2.141885317996639e-07,0.41330331563949585,0.5990408658981323,0.009999898262321949,0.4376111328601837,0.5787301063537598,0.010095919482409954,0.4587284028530121,0.5736960172653198,0.006631658878177404,0.47766175866127014,0.5740032196044922,0.003137618536129594,0.4346507787704468,0.5121000409126282,0.0031549660488963127,0.4791228473186493,0.5031105875968933,-0.0036724326200783253,0.5029466152191162,0.5174062848091125,-0.008456495590507984,0.5194545388221741,0.5307749509811401,-0.01159087847918272,0.4342668652534485,0.5209532380104065,-0.007176497019827366,0.4814407229423523,0.507603645324707,-0.013690583407878876,0.5072241425514221,0.5274032950401306,-0.01833883300423622,0.5241186022758484,0.5473197102546692,-0.021706875413656235,0.43552228808403015,0.5413909554481506,-0.017016910016536713,0.4775639772415161,0.5240294337272644,-0.021702861413359642,0.5007297396659851,0.5424147844314575,-0.02350013144314289,0.5155677199363708,0.5606297254562378,-0.025261851027607918,0.43824973702430725,0.5685837268829346,-0.026352547109127045,0.4650714099407196,0.5517672300338745,-0.03000108152627945,0.4827426075935364,0.5534694194793701,-0.030944503843784332,0.49679702520370483,0.559816837310791,-0.031793124973773956
0.3705672323703766,0.600890040397644,1.943552092598111e-07,0.39098483324050903,0.5570836067199707,0.008303985930979252,0.4153110086917877,0.52874356508255,0.00661620544269681,0.438526451587677,0.5212627649307251,0.001833668677136302,0.45740577578544617,0.5245585441589355,-0.0034983360674232244,0.41962069272994995,0.5024498701095581,-0.0054634809494018555,0.465798556804657,0.49391645193099976,-0.014607819728553295,0.4878285229206085,0.5103054046630859,-0.01874677836894989,0.5015926957130432,0.526885449886322,-0.020413575693964958,0.4220099151134491,0.51859050989151,-0.01533298846334219,0.470501184463501,0.5014201402664185,-0.024090232327580452,0.4945904016494751,0.5177727937698364,-0.026931999251246452,0.5085471868515015,0.5370007753372192,-0.027924777939915657,0.4248570501804352,0.5434017181396484,-0.024433476850390434,0.46823590993881226,0.520994246006012,-0.03088475950062275,0.49176421761512756,0.5354227423667908,-0.03127985820174217,0.5064324736595154,0.5514541864395142,-0.030828120186924934,0.42792460322380066,0.5746864080429077,-0.03293026238679886,0.45995083451271057,0.550519585609436,-0.03638719767332077,0.4777820408344269,0.5535374283790588,-0.03503328934311867,0.49050387740135193,0.5619857311248779,-0.033443156629800797
0.3626161813735962,0.6067857146263123,1.3062721393453103e-07,0.3756856918334961,0.5587849020957947,0.008657730184495449,0.3965321183204651,0.527494490146637,0.008630545809864998,0.41687634587287903,0.5163766145706177,0.0056265974417328835,0.4330991506576538,0.5177998542785645,0.0019943283405154943,0.4119441509246826,0.5062811374664307,0.0003528653469402343,0.45414969325065613,0.5029323101043701,-0.005478783510625362,0.47437387704849243,0.5194899439811707,-0.008644738234579563,0.48631322383880615,0.5360594987869263,-0.00995352491736412,0.4179302752017975,0.523239016532898,-0.00850941613316536,0.4627543091773987,0.5122100710868835,-0.012993022799491882,0.48384803533554077,0.5278953313827515,-0.014796276576817036,0.4957541227340698,0.5467716455459595,-0.01547883078455925,0.4226371645927429,0.5483905076980591,-0.01677483133971691,0.4626639187335968,0.5317263603210449,-0.01965503767132759,0.48353418707847595,0.5450082421302795,-0.01981237903237343,0.49659252166748047,0.5605452060699463,-0.01982479728758335,0.426319420337677,0.5795127153396606,-0.02451961115002632,0.45621663331985474,0.5594548583030701,-0.025586090981960297,0.47173741459846497,0.5641294717788696,-0.02347305230796337,0.4825272262096405,0.5735775828361511,-0.02150619775056839
0.3564266562461853,0.6158188581466675,1.0259270055712477e-07,0.3707974851131439,0.5655558109283447,0.010732277296483517,0.391899973154068,0.5359880328178406,0.011836210265755653,0.41247349977493286,0.5287119746208191,0.009607842192053795,0.42856937646865845,0.5335800647735596,0.006861510220915079,0.4063326418399811,0.5138275623321533,0.004089748486876488,0.4466848373413086,0.5131520628929138,-0.00016526540275663137,0.46497058868408203,0.5319647789001465,-0.0027148614171892405,0.4755573272705078,0.5492962598800659,-0.003909546881914139,0.4133128225803375,0.5322641730308533,-0.00537243252620101,0.45625942945480347,0.5235772132873535,-0.008378510363399982,0.4754681885242462,0.5419421792030334,-0.009745766408741474,0.48583686351776123,0.5613571405410767,-0.010291009210050106,0.41828274726867676,0.5585726499557495,-0.014102616347372532,0.4568037986755371,0.5442457795143127,-0.015586785972118378,0.47632646560668945,0.5590426325798035,-0.015088386833667755,0.48824405670166016,0.5747849941253662,-0.014864145778119564,0.4217763841152191,0.5913314819335938,-0.022188693284988403,0.4511653184890747,0.5729790925979614,-0.02196507900953293,0.4662538468837738,0.5774586796760559,-0.01908988133072853,0.476868599653244,0.5859555006027222,-0.0167324747890234
0.3552798926830292,0.6289585828781128,8.286563968340488e-08,0.37191635370254517,0.5814389586448669,0.013125559315085411,0.3929283618927002,0.5521584153175354,0.015596293844282627,0.4125671088695526,0.545047402381897,0.014320962131023407,0.4278498589992523,0.5498684644699097,0.012506520375609398,0.4028087258338928,0.5269984006881714,0.0069287181831896305,0.4425272047519684,0.5247309803962708,0.004176100715994835,0.4600774645805359,0.5419813394546509,0.0027492460794746876,0.470578670501709,0.5587098002433777,0.002231667749583721,0.4097042679786682,0.5442583560943604,-0.0033253617584705353,0.4515703022480011,0.533871054649353,-0.005259962286800146,0.4697140157222748,0.5511789321899414,-0.006041654385626316,0.47932004928588867,0.5698557496070862,-0.0061468700878322124,0.4153246581554413,0.5697376132011414,-0.012651519849896431,0.4530605971813202,0.5538543462753296,-0.01278225053101778,0.47232991456985474,0.5676400065422058,-0.0117390351369977,0.4844738841056824,0.5817887783050537,-0.011357208713889122,0.41960591077804565,0.6013377904891968,-0.021170323714613914,0.4484981894493103,0.5807292461395264,-0.019701410084962845,0.46417561173439026,0.5829484462738037,-0.01640726625919342,0.4757824242115021,0.5885820388793945,-0.014010299928486347
0.3527694642543793,0.6407808065414429,8.211515023504035e-08,0.36874696612358093,0.593990683555603,0.01179186999797821,0.38896211981773376,0.5648953318595886,0.01367507316172123,0.40800178050994873,0.5577082633972168,0.011914432048797607,0.4232308864593506,0.5621997714042664,0.009802121669054031,0.3990384042263031,0.5389198064804077,0.007906596176326275,0.4365074038505554,0.5383621454238892,0.005123632960021496,0.4535939693450928,0.5528609156608582,0.0033841514959931374,0.4638844132423401,0.5672566294670105,0.0026371520943939686,0.40644729137420654,0.5555223822593689,-0.0018880169373005629,0.44626903533935547,0.5455889701843262,-0.004067833069711924,0.46361076831817627,0.5607607364654541,-0.005058355163782835,0.4726959466934204,0.5773575901985168,-0.005087180528789759,0.41256898641586304,0.5800134539604187,-0.011033983901143074,0.4485614001750946,0.5646712779998779,-0.01146653201431036,0.46674472093582153,0.5766560435295105,-0.010432492010295391,0.4781856834888458,0.5885189771652222,-0.009768079034984112,0.41695261001586914,0.6106493473052979,-0.019524207338690758,0.444979727268219,0.5917297005653381,-0.018094604834914207,0.4602053463459015,0.5932645201683044,-0.014625552110373974,0.47136735916137695,0.5975985527038574,-0.011923429556190968
0.35191431641578674,0.6506614685058594,9.121073674123181e-08,0.366062194108963,0.6012425422668457,0.009685734286904335,0.3848534822463989,0.5717857480049133,0.01005554012954235,0.40398919582366943,0.5654686689376831,0.007153185084462166,0.41985562443733215,0.5718985199928284,0.003946883603930473,0.3952059745788574,0.5488247275352478,0.004368624649941921,0.4322616457939148,0.5453759431838989,-0.00036121116136200726,0.44956547021865845,0.5592398643493652,-0.0032711701933294535,0.4596587121486664,0.5738587975502014,-0.004626433365046978,0.4030781388282776,0.5660775899887085,-0.004746628925204277,0.44187942147254944,0.5527085661888123,-0.008684406988322735,0.4588907063007355,0.5672503709793091,-0.010307629592716694,0.46745920181274414,0.5839477181434631,-0.010585981421172619,0.4095138907432556,0.5905098915100098,-0.013297791592776775,0.4443892240524292,0.5721334218978882,-0.015068900771439075,0.4626618027687073,0.5827987194061279,-0.01406945288181305,0.47416552901268005,0.5946140289306641,-0.013127196580171585,0.41403666138648987,0.6211609244346619,-0.02134629711508751,0.44171375036239624,0.5996493101119995,-0.02107367478311062,0.4570067226886749,0.6002501845359802,-0.017776690423488617,0.4682452082633972,0.6044779419898987,-0.014922268688678741
0.35013502836227417,0.6557368040084839,9.590479521648376e-08,0.3648605942726135,0.6084741353988647,0.010430733673274517,0.38343316316604614,0.5792465209960938,0.010970041155815125,0.4017159044742584,0.5725798010826111,0.008188022300601006,0.41735410690307617,0.5792080163955688,0.004952137358486652,0.39293578267097473,0.556700587272644,0.0031910890247672796,0.43085917830467224,0.5518815517425537,-0.0015107603976503015,0.44829872250556946,0.5655521154403687,-0.004051061347126961,0.4586281180381775,0.5794417858123779,-0.005181906744837761,0.4000304937362671,0.57286137342453,-0.006267985329031944,0.43962353467941284,0.5593195557594299,-0.010215967893600464,0.4568316340446472,0.5736598968505859,-0.011626430787146091,0.46554142236709595,0.5895953178405762,-0.011832218617200851,0.40586814284324646,0.596962034702301,-0.014971439726650715,0.4417897164821625,0.5767703652381897,-0.016989054158329964,0.4607981741428375,0.5865985751152039,-0.016005275771021843,0.4727977514266968,0.5974701642990112,-0.015091439709067345,0.4103328585624695,0.6281499266624451,-0.02301323041319847,0.4388062357902527,0.605136513710022,-0.02299412339925766,0.45462143421173096,0.6038090586662292,-0.019865242764353752,0.46636900305747986,0.6056899428367615,-0.017195483669638634
0.3501964211463928,0.65987628698349,1.0659154270342697e-07,0.3658507764339447,0.6139683127403259,0.010727789252996445,0.3845689296722412,0.5856236815452576,0.011183458380401134,0.40362903475761414,0.5805017352104187,0.00831197015941143,0.41930142045021057,0.5878417491912842,0.004950993694365025,0.392172634601593,0.5631004571914673,0.002703223843127489,0.4304792284965515,0.5583938956260681,-0.002139755291864276,0.44844484329223633,0.570907473564148,-0.004708896856755018,0.4594316780567169,0.5834742188453674,-0.005848100874572992,0.3989386260509491,0.5781457424163818,-0.006832040846347809,0.4387362003326416,0.5637995600700378,-0.010626932606101036,0.456611692905426,0.5767524242401123,-0.011699733324348927,0.4659351408481598,0.5909687876701355,-0.011761600151658058,0.40462425351142883,0.6015723347663879,-0.015580030158162117,0.4403587281703949,0.5799521207809448,-0.01764623261988163,0.45975109934806824,0.5887789130210876,-0.016437562182545662,0.4720274806022644,0.5986042022705078,-0.015408686362206936,0.40942883491516113,0.6326650381088257,-0.02362869493663311,0.43779581785202026,0.6083772778511047,-0.023874817416071892,0.453504741191864,0.606375515460968,-0.020809240639209747,0.4653274416923523,0.6074292659759521,-0.018198538571596146
0.34872204065322876,0.6615684032440186,1.0135898520502451e-07,0.36384478211402893,0.6153550148010254,0.012295829132199287,0.38211220502853394,0.5873710513114929,0.013709560967981815,0.40096333622932434,0.5818357467651367,0.0114293759688735,0.4164239764213562,0.589342474937439,0.008485361933708191,0.39122679829597473,0.5645696520805359,0.005258394870907068,0.4291117489337921,0.5589397549629211,0.0010890359990298748,0.4470387399196625,0.5716158747673035,-0.001177340978756547,0.45787596702575684,0.5842863321304321,-0.002264610957354307,0.39828985929489136,0.5788424611091614,-0.0049975267611444,0.4374600052833557,0.5631842613220215,-0.008249790407717228,0.4553183615207672,0.5762370228767395,-0.009219968691468239,0.46500810980796814,0.5903835892677307,-0.009294039569795132,0.40386468172073364,0.6023705005645752,-0.014451372437179089,0.4393864572048187,0.579708456993103,-0.01643265411257744,0.458864688873291,0.5883896350860596,-0.01517319306731224,0.47150060534477234,0.5976427793502808,-0.014112533070147038,0.40853530168533325,0.6347249150276184,-0.023089928552508354,0.43712714314460754,0.609832763671875,-0.023575743660330772,0.4533388316631317,0.606969952583313,-0.020696908235549927,0.46614986658096313,0.6067265272140503,-0.018202735111117363
0.34970879554748535,0.6631286144256592,9.08784016928621e-08,0.3649660050868988,0.6162858009338379,0.013456539250910282,0.38259997963905334,0.5887773633003235,0.015227865427732468,0.4009961485862732,0.5835959911346436,0.013076968491077423,0.4161984920501709,0.590981662273407,0.01017825584858656,0.39100217819213867,0.5660064220428467,0.005807191599160433,0.42891591787338257,0.5586632490158081,0.0019170019077137113,0.4465612769126892,0.5715304613113403,2.3585062081110664e-05,0.4570011496543884,0.584402859210968,-0.0007955636247061193,0.39826175570487976,0.5802406668663025,-0.004888636525720358,0.4374537467956543,0.5632122159004211,-0.007958603091537952,0.4550454020500183,0.5767531394958496,-0.008615519851446152,0.4642571210861206,0.5911655426025391,-0.008526692166924477,0.4041079580783844,0.6033467650413513,-0.014664028771221638,0.43966320157051086,0.5793235898017883,-0.016412414610385895,0.4588211178779602,0.5882890224456787,-0.014828082174062729,0.47102054953575134,0.5981550812721252,-0.013608534820377827,0.40908095240592957,0.6351510286331177,-0.02352164499461651,0.43760746717453003,0.609067976474762,-0.02390890195965767,0.45376837253570557,0.6066051125526428,-0.020887654274702072,0.46636930108070374,0.6070913672447205,-0.018309742212295532
0.34795862436294556,0.6611679792404175,9.712392312621887e-08,0.3638031780719757,0.6156713962554932,0.015136092901229858,0.38190799951553345,0.5885316133499146,0.01803467981517315,0.40011540055274963,0.5832903981208801,0.01668385975062847,0.41513946652412415,0.5900757312774658,0.014542036689817905,0.3913949131965637,0.5652790665626526,0.008752363733947277,0.42954638600349426,0.5589706301689148,0.0059858825989067554,0.44780394434928894,0.5719712972640991,0.004719176329672337,0.4588974118232727,0.5847986936569214,0.004183030221611261,0.39843490719795227,0.5790506601333618,-0.0026848956476897,0.4379652440547943,0.5622389316558838,-0.00506197102367878,0.45624613761901855,0.5761778354644775,-0.0053499480709433556,0.4659958779811859,0.5910593271255493,-0.004947631154209375,0.40393370389938354,0.6020722985267639,-0.013174415566027164,0.4396301209926605,0.5782715678215027,-0.014591437764465809,0.4596627652645111,0.5877130627632141,-0.01281012687832117,0.4725492298603058,0.5975620746612549,-0.011417267844080925,0.40857550501823425,0.6344502568244934,-0.022629546001553535,0.43726956844329834,0.6086850762367249,-0.022727061063051224,0.4537081718444824,0.6068534255027771,-0.01949252001941204,0.4663091003894806,0.6077401041984558,-0.016769643872976303
0.3482028841972351,0.659482479095459,8.581253752026896e-08,0.3643251061439514,0.6137126088142395,0.016553746536374092,0.38214626908302307,0.5871016979217529,0.020094115287065506,0.40002772212028503,0.5821306705474854,0.01902761310338974,0.41470640897750854,0.5892167687416077,0.017074044793844223,0.39229780435562134,0.5631192326545715,0.011332269757986069,0.4298885762691498,0.5589953660964966,0.00944214966148138,0.44775208830833435,0.5719936490058899,0.008542589843273163,0.4584229588508606,0.5845902562141418,0.008177886717021465,0.3995906710624695,0.5766648650169373,-0.0007095675682649016,0.4392051696777344,0.5623865127563477,-0.0019159333314746618,0.45706623792648315,0.5764062404632568,-0.0017347289249300957,0.4666134715080261,0.590789258480072,-0.0011910868342965841,0.40515071153640747,0.5996875762939453,-0.011811025440692902,0.4410742223262787,0.5783085823059082,-0.012267027981579304,0.4606274664402008,0.5879302620887756,-0.010082799009978771,0.473050057888031,0.597547173500061,-0.00865270011126995,0.40974313020706177,0.6320145726203918,-0.021818386390805244,0.4383617639541626,0.6072156429290771,-0.021224606782197952,0.4542689621448517,0.6057687997817993,-0.017567351460456848,0.46639397740364075,0.6069074273109436,-0.014667312614619732
0.3492831587791443,0.6576595902442932,8.845300669690914e-08,0.36617040634155273,0.6122571229934692,0.016443293541669846,0.38512665033340454,0.5856509208679199,0.020137695595622063,0.40362611413002014,0.5819293260574341,0.01942543312907219,0.4181344509124756,0.5899205207824707,0.017769398167729378,0.3940286934375763,0.5611802935600281,0.01011067908257246,0.4320547878742218,0.5585483312606812,0.008251314051449299,0.44977113604545593,0.5718727111816406,0.007539082784205675,0.46053528785705566,0.5846688151359558,0.007304073311388493,0.40119022130966187,0.5752940773963928,-0.001589804538525641,0.4413522779941559,0.5619438886642456,-0.0030193193815648556,0.45891493558883667,0.5763030648231506,-0.002825426636263728,0.46798235177993774,0.591383159160614,-0.0021223207004368305,0.40642207860946655,0.5987215638160706,-0.012183580547571182,0.4426249861717224,0.5778434872627258,-0.012681262567639351,0.4619124233722687,0.5876106023788452,-0.010628114454448223,0.47410908341407776,0.5976462960243225,-0.00918400939553976,0.41050079464912415,0.6309503316879272,-0.021606044843792915,0.439300000667572,0.6066386699676514,-0.021023210138082504,0.4549839496612549,0.605924665927887,-0.01742132380604744,0.466833233833313,0.6080366373062134,-0.01448152493685484
0.3496401011943817,0.6551339030265808,8.380357741089028e-08,0.36760157346725464,0.6115911602973938,0.015455951914191246,0.38644951581954956,0.5853196978569031,0.01857125200331211,0.40509068965911865,0.5817940831184387,0.017368467524647713,0.4196837246417999,0.5896449089050293,0.015295453369617462,0.39505821466445923,0.5608121752738953,0.009171048179268837,0.43295133113861084,0.5582605004310608,0.006528475787490606,0.4504575729370117,0.5720235109329224,0.005178668536245823,0.46098095178604126,0.5856112241744995,0.004493697080761194,0.40189462900161743,0.575056791305542,-0.0024089410435408354,0.4421698749065399,0.5606361031532288,-0.004868528340011835,0.4596104323863983,0.575170636177063,-0.00542787741869688,0.46843135356903076,0.5908635854721069,-0.005164345260709524,0.4069409966468811,0.5985195636749268,-0.012978282757103443,0.4432784616947174,0.5772842168807983,-0.014292383566498756,0.4625606834888458,0.587694525718689,-0.01276499591767788,0.47473853826522827,0.5983188152313232,-0.011587688699364662,0.41081660985946655,0.6307457089424133,-0.022472746670246124,0.4395347237586975,0.6065571308135986,-0.022716078907251358,0.4554685950279236,0.6053720712661743,-0.019774584099650383,0.46774205565452576,0.6071217656135559,-0.017279116436839104
0.3504254221916199,0.6521856784820557,8.660064310106463e-08,0.3685288429260254,0.6090904474258423,0.014544732868671417,0.3877079486846924,0.5839261412620544,0.01708577573299408,0.4063948690891266,0.5811057686805725,0.015489788725972176,0.4210287928581238,0.5890290141105652,0.013081151060760021,0.39682677388191223,0.5589205622673035,0.007697403896600008,0.43463683128356934,0.5578582286834717,0.004563522525131702,0.45173725485801697,0.572688102722168,0.0030324289109557867,0.4619431793689728,0.5871994495391846,0.0023106217849999666,0.40352663397789,0.5732696652412415,-0.0035490207374095917,0.443936824798584,0.5600340366363525,-0.00649099750444293,0.4612022042274475,0.5753442049026489,-0.0072398716583848,0.46967747807502747,0.591846764087677,-0.007048316765576601,0.4083046019077301,0.596829891204834,-0.01379704661667347,0.4448554515838623,0.575998067855835,-0.015555870719254017,0.46375226974487305,0.5876178741455078,-0.014287405647337437,0.4755015969276428,0.599436342716217,-0.013190371915698051,0.4117754399776459,0.6288514137268066,-0.0230041965842247,0.4407179355621338,0.6055505871772766,-0.023618558421730995,0.45645663142204285,0.6056158542633057,-0.020865844562649727,0.4684063494205475,0.6086920499801636,-0.018406031653285027
0.3503325581550598,0.6482554078102112,9.016439150855149e-08,0.3706682324409485,0.6073974370956421,0.014039328321814537,0.39109501242637634,0.5828568339347839,0.016605408862233162,0.4096683859825134,0.5804985165596008,0.015024358406662941,0.4242449998855591,0.587491512298584,0.012736938893795013,0.3987983465194702,0.5570665001869202,0.008342945016920567,0.43649986386299133,0.5572514533996582,0.004953145515173674,0.45358067750930786,0.5725579857826233,0.0030873625073581934,0.46380388736724854,0.5873528122901917,0.002146187238395214,0.4049098491668701,0.5707453489303589,-0.0028009822126477957,0.44548797607421875,0.5593668222427368,-0.005886875092983246,0.46278607845306396,0.575316309928894,-0.007056194823235273,0.4713880717754364,0.5923789739608765,-0.00712139718234539,0.4093116223812103,0.5941973924636841,-0.013104407116770744,0.4459894001483917,0.5745523571968079,-0.014952024444937706,0.46499690413475037,0.5868890285491943,-0.014164723455905914,0.47702300548553467,0.5993919372558594,-0.013408596627414227,0.41252779960632324,0.6265291571617126,-0.022448554635047913,0.44132882356643677,0.6044005155563354,-0.023089367896318436,0.4570203423500061,0.6052522659301758,-0.020625252276659012,0.4688647985458374,0.6094064712524414,-0.018427064642310143
0.35058170557022095,0.6457613706588745,9.671643397268781e-08,0.3699325919151306,0.6029224395751953,0.013296146877110004,0.3906458020210266,0.5785839557647705,0.015493592247366905,0.4097663462162018,0.5772711038589478,0.013829220086336136,0.4247511327266693,0.5850360989570618,0.011502622626721859,0.3988264799118042,0.5540731549263,0.006342633627355099,0.4377061128616333,0.5555455684661865,0.002271570498123765,0.4543648958206177,0.571761429309845,0.0003299720701761544,0.4637700319290161,0.5876826047897339,-0.00036314240423962474,0.4049922525882721,0.5688181519508362,-0.004174398258328438,0.4463624060153961,0.5577133893966675,-0.00779914204031229,0.463434100151062,0.5740237236022949,-0.008665423840284348,0.47159087657928467,0.591719925403595,-0.008299225941300392,0.40920594334602356,0.5929473638534546,-0.013813940808176994,0.4470920264720917,0.573516845703125,-0.0161774680018425,0.4657526910305023,0.5871087908744812,-0.01503080502152443,0.4772901237010956,0.6009296774864197,-0.013710596598684788,0.4120074510574341,0.6254638433456421,-0.022466499358415604,0.44219234585762024,0.6038751602172852,-0.023271113634109497,0.4578154981136322,0.6055901646614075,-0.020371776074171066,0.4694581925868988,0.6103252172470093,-0.017605412751436234
0.35089150071144104,0.6461906433105469,7.210097408005822e-08,0.36961862444877625,0.6030556559562683,0.01471957378089428,0.3897522985935211,0.5783137083053589,0.01776178367435932,0.40840476751327515,0.5760242342948914,0.016772136092185974,0.42293769121170044,0.5846649408340454,0.015039880760014057,0.39970946311950684,0.5547030568122864,0.008311543613672256,0.4370701313018799,0.5567890405654907,0.005935399793088436,0.4530912935733795,0.5721022486686707,0.00515247555449605,0.461952805519104,0.5877505540847778,0.004960264079272747,0.4063265919685364,0.5701726078987122,-0.0026275543496012688,0.44672295451164246,0.5583051443099976,-0.004967673681676388,0.4629214107990265,0.5735903382301331,-0.005090230610221624,0.47039222717285156,0.5907641053199768,-0.004375178832560778,0.41073647141456604,0.5942975878715515,-0.012518743053078651,0.4477945864200592,0.5742180347442627,-0.013693319633603096,0.4656849205493927,0.5864196419715881,-0.01199457049369812,0.4766937494277954,0.5992376804351807,-0.010625860653817654,0.41328781843185425,0.6261323094367981,-0.021344708278775215,0.44243961572647095,0.6042134761810303,-0.021667595952749252,0.45804768800735474,0.6050810217857361,-0.018776150420308113,0.4698246121406555,0.6090031862258911,-0.016190679743885994
0.3514273762702942,0.6498675346374512,7.406399049614265e-08,0.3697153329849243,0.6064947247505188,0.01454909611493349,0.38953492045402527,0.5814963579177856,0.01700577698647976,0.40803244709968567,0.5783931016921997,0.015325543470680714,0.42281854152679443,0.5861702561378479,0.012956179678440094,0.399029940366745,0.5574151873588562,0.007790604140609503,0.4366622567176819,0.5577237606048584,0.004842248745262623,0.45323339104652405,0.5726833939552307,0.0036522846203297377,0.46266841888427734,0.5879330039024353,0.003260693047195673,0.4057409167289734,0.571863055229187,-0.003441309090703726,0.4462338089942932,0.5594586133956909,-0.006210124120116234,0.4629283547401428,0.5748627185821533,-0.0066003925167024136,0.4705236852169037,0.5921148061752319,-0.0060662757605314255,0.4105374217033386,0.595512330532074,-0.013668096624314785,0.4473210573196411,0.5746496319770813,-0.01496913842856884,0.46561750769615173,0.587081789970398,-0.01332086231559515,0.476816326379776,0.6003305912017822,-0.012036415748298168,0.41358229517936707,0.6273232102394104,-0.022888364270329475,0.4423814117908478,0.6042506694793701,-0.02295944094657898,0.45805034041404724,0.6048638820648193,-0.01988252066075802,0.4699336290359497,0.6090432405471802,-0.01725233532488346
0.35345688462257385,0.6567746996879578,7.204214824696464e-08,0.3716500699520111,0.6120089292526245,0.012771734967827797,0.39179882407188416,0.586212694644928,0.014607450924813747,0.40986841917037964,0.5810338258743286,0.012556751258671284,0.4247673749923706,0.5849592685699463,0.010062447749078274,0.3988935947418213,0.5625273585319519,0.006419403478503227,0.4364093542098999,0.5537766814231873,0.0026867585256695747,0.4534667432308197,0.5665029287338257,0.000976449518930167,0.4631054401397705,0.5807740092277527,0.00041395568405278027,0.4050554931163788,0.5774674415588379,-0.004026381764560938,0.44346171617507935,0.5591262578964233,-0.0072458842769265175,0.45999056100845337,0.572165846824646,-0.00839785672724247,0.46725767850875854,0.588545560836792,-0.008499747142195702,0.4102156460285187,0.600625216960907,-0.013640718534588814,0.4451441764831543,0.5767914652824402,-0.014722444117069244,0.46333470940589905,0.5860481858253479,-0.013526790775358677,0.47473257780075073,0.5978336334228516,-0.012741214595735073,0.4143817722797394,0.6312272548675537,-0.022486159577965736,0.4416177272796631,0.6066159605979919,-0.02225332520902157,0.45743322372436523,0.6046589612960815,-0.019570834934711456,0.4696347117424011,0.6074111461639404,-0.01734248176217079
0.3556743860244751,0.6660455465316772,6.694119747407967e-08,0.3709680438041687,0.6203761100769043,0.010898012667894363,0.3908938765525818,0.5921977758407593,0.012130044400691986,0.4090828597545624,0.5850433707237244,0.00991842057555914,0.42416173219680786,0.5864514112472534,0.00740303797647357,0.39787355065345764,0.5705465078353882,0.0034625264815986156,0.434966504573822,0.5538141131401062,-0.0017126455204561353,0.4518570899963379,0.5660580396652222,-0.0040009962394833565,0.46044984459877014,0.5815781354904175,-0.004452983848750591,0.40392741560935974,0.5850563049316406,-0.005863237660378218,0.4415253698825836,0.5621339678764343,-0.009781855158507824,0.4584997892379761,0.5736559629440308,-0.011083506047725677,0.46622663736343384,0.5893202424049377,-0.01122506707906723,0.40940243005752563,0.6074661016464233,-0.014500908553600311,0.44358187913894653,0.580604076385498,-0.016284482553601265,0.4621940553188324,0.5877572298049927,-0.015564681962132454,0.47376376390457153,0.5990983843803406,-0.014981281943619251,0.4144878387451172,0.6364060044288635,-0.022480254992842674,0.44102799892425537,0.6100433468818665,-0.02294161356985569,0.4567117393016815,0.6064264178276062,-0.02085917629301548,0.468689888715744,0.6083559989929199,-0.01894794963300228
0.3561140298843384,0.676727831363678,6.579282540997156e-08,0.36974745988845825,0.6308923959732056,0.012291226536035538,0.38880905508995056,0.600565493106842,0.013903509825468063,0.4070717990398407,0.5909150838851929,0.01176342274993658,0.42232877016067505,0.590282142162323,0.009103136137127876,0.395507276058197,0.5792921781539917,0.003295911243185401,0.43144690990448,0.5538070797920227,-0.0017963132122531533,0.4492719769477844,0.5632984042167664,-0.0036552592646330595,0.4589635133743286,0.578121542930603,-0.0038495510816574097,0.40194985270500183,0.5922325849533081,-0.006945859175175428,0.4388762414455414,0.5622988343238831,-0.011069415137171745,0.4571884870529175,0.5714988112449646,-0.012016716413199902,0.46600592136383057,0.586713433265686,-0.011822160333395004,0.4080032706260681,0.6138587594032288,-0.016318611800670624,0.4418177902698517,0.5813316106796265,-0.018260814249515533,0.460872083902359,0.5862701535224915,-0.017103200778365135,0.4727236330509186,0.5966895222663879,-0.016163591295480728,0.4140162169933319,0.6424696445465088,-0.02492114156484604,0.4401218593120575,0.6120709180831909,-0.025922531262040138,0.45616793632507324,0.6060346364974976,-0.024062776938080788,0.46870121359825134,0.6065449714660645,-0.022184742614626884
0.35638076066970825,0.6877793669700623,6.66126425130642e-08,0.3703939914703369,0.6405625939369202,0.012105923146009445,0.38893041014671326,0.6089655160903931,0.01342377346009016,0.4062388241291046,0.5974252820014954,0.011130750179290771,0.4211347699165344,0.5944892168045044,0.0083332983776927,0.395503968000412,0.5875470638275146,0.0021500124130398035,0.43035513162612915,0.5572009086608887,-0.003311644773930311,0.4479241669178009,0.5643821358680725,-0.005211994051933289,0.45765483379364014,0.5781739950180054,-0.0052959066815674305,0.4013831317424774,0.6007860898971558,-0.008102781139314175,0.437518447637558,0.5686623454093933,-0.012558940798044205,0.45614975690841675,0.5753486752510071,-0.013339128345251083,0.4659746587276459,0.5883691310882568,-0.01286373846232891,0.4071779251098633,0.6227908134460449,-0.017449544742703438,0.43997064232826233,0.5882623791694641,-0.01936406083405018,0.45948272943496704,0.5901036262512207,-0.017519205808639526,0.4724552035331726,0.5980616211891174,-0.0160058606415987,0.41323480010032654,0.6518039703369141,-0.026064589619636536,0.43785762786865234,0.6184955835342407,-0.02660300023853779,0.4535147249698639,0.6093876361846924,-0.023928029462695122,0.46625158190727234,0.6073640584945679,-0.02138146385550499
0.35910049080848694,0.6933024525642395,9.325695771167375e-08,0.3700089454650879,0.6445549130439758,0.010793130844831467,0.386127769947052,0.611038088798523,0.011086829006671906,0.4030831456184387,0.5977978110313416,0.008108101785182953,0.418473482131958,0.5941809415817261,0.0047012330032885075,0.39384204149246216,0.5902287364006042,-0.0007360735908150673,0.42877888679504395,0.5590125918388367,-0.007084395736455917,0.44773221015930176,0.5663485527038574,-0.009218239225447178,0.45934009552001953,0.57973712682724,-0.009392447769641876,0.4004310965538025,0.6029248833656311,-0.010409527458250523,0.4362943172454834,0.5662103295326233,-0.016301661729812622,0.4562392830848694,0.5726629495620728,-0.01700497791171074,0.4676452875137329,0.586436927318573,-0.01611178368330002,0.40705111622810364,0.6248651146888733,-0.019163992255926132,0.4393284022808075,0.5859153866767883,-0.022464804351329803,0.4598791003227234,0.5874569416046143,-0.020485123619437218,0.47395095229148865,0.5960890650749207,-0.01836264133453369,0.41390979290008545,0.6542413234710693,-0.02721109800040722,0.43781954050064087,0.6164753437042236,-0.028636785224080086,0.45339858531951904,0.6068423986434937,-0.025929009541869164,0.46641427278518677,0.6057317852973938,-0.022998705506324768
0.3611885607242584,0.6980090141296387,8.812911289624026e-08,0.3705971837043762,0.647373616695404,0.011419381015002728,0.38667723536491394,0.6135952472686768,0.011879147961735725,0.4039084017276764,0.6003440618515015,0.009128893725574017,0.4199444651603699,0.5957412719726562,0.0059894658625125885,0.3923119306564331,0.5926514267921448,-0.0022147514391690493,0.42717137932777405,0.5554317831993103,-0.008450359106063843,0.44593802094459534,0.5624014139175415,-0.009502377361059189,0.4565891921520233,0.5762535929679871,-0.008543171919882298,0.3997865617275238,0.6058654189109802,-0.011869615875184536,0.4359307587146759,0.5657837986946106,-0.017825493589043617,0.45596837997436523,0.5716559290885925,-0.017970796674489975,0.4667264223098755,0.5852377414703369,-0.01646818406879902,0.4073285758495331,0.6278308629989624,-0.020348185673356056,0.43950173258781433,0.586445689201355,-0.02348245494067669,0.4594724476337433,0.5876188278198242,-0.021006684750318527,0.4724265933036804,0.5959049463272095,-0.018434278666973114,0.4149249792098999,0.6566150188446045,-0.02796320803463459,0.4386480450630188,0.6169537901878357,-0.02905508130788803,0.4536653757095337,0.6066526770591736,-0.02588043175637722,0.46567848324775696,0.6045812368392944,-0.02251969836652279
0.3614427149295807,0.6990469694137573,9.971595460456228e-08,0.37073010206222534,0.6475878357887268,0.01111523900181055,0.3868149220943451,0.6129025816917419,0.011364898644387722,0.4039687216281891,0.5994101762771606,0.00844035018235445,0.41991859674453735,0.5939053893089294,0.005111121106892824,0.3908260464668274,0.5925081968307495,-0.0030311518348753452,0.4251657724380493,0.5531980395317078,-0.009805516339838505,0.4444504380226135,0.5590863823890686,-0.010933265089988708,0.4554987847805023,0.5720805525779724,-0.009860740974545479,0.39870256185531616,0.6059952974319458,-0.012658597901463509,0.434775710105896,0.5642743110656738,-0.019154377281665802,0.4553629457950592,0.5692294239997864,-0.01930994726717472,0.4661986231803894,0.5825603008270264,-0.017582843080163002,0.4067366421222687,0.6284649968147278,-0.021115852519869804,0.43865448236465454,0.586055338382721,-0.02475644461810589,0.45889535546302795,0.5863427519798279,-0.022117722779512405,0.4717175364494324,0.5938135385513306,-0.019175773486495018,0.4148331582546234,0.6574742197990417,-0.028710862621665,0.4383469223976135,0.6170745491981506,-0.030156215652823448,0.45325803756713867,0.6058064699172974,-0.026888500899076462,0.4650498926639557,0.6027660965919495,-0.02327536605298519
0.3620001971721649,0.70096755027771,7.145769842509253e-08,0.37043386697769165,0.6488643884658813,0.012639403343200684,0.3859144151210785,0.6142505407333374,0.013788803480565548,0.40276002883911133,0.6006595492362976,0.011523977853357792,0.41839599609375,0.595415472984314,0.008746316656470299,0.39029639959335327,0.5925707221031189,-0.000594019191339612,0.4234367907047272,0.5528814196586609,-0.0055138058960437775,0.44134315848350525,0.5586169362068176,-0.0054117715917527676,0.45145896077156067,0.5712310075759888,-0.003806738182902336,0.39905980229377747,0.6055052280426025,-0.010616353712975979,0.43392547965049744,0.5642855763435364,-0.015008416958153248,0.4526287913322449,0.5695083737373352,-0.014211103320121765,0.46244940161705017,0.5820383429527283,-0.01228109747171402,0.4077707827091217,0.6275433897972107,-0.019371476024389267,0.4387374520301819,0.585815966129303,-0.021271828562021255,0.457949161529541,0.5858178734779358,-0.01820533536374569,0.4703265428543091,0.592309832572937,-0.015564464032649994,0.4162658452987671,0.6558986902236938,-0.027161024510860443,0.4394058287143707,0.6163291335105896,-0.02765975147485733,0.4541386663913727,0.605207622051239,-0.024235796183347702,0.46596941351890564,0.6012987494468689,-0.020869458094239235
0.36144715547561646,0.7048032879829407,7.127012935370658e-08,0.3690440058708191,0.6518584489822388,0.012193376198410988,0.3842512369155884,0.6168303489685059,0.013480843044817448,0.4019249379634857,0.6037320494651794,0.01133027020841837,0.4172826409339905,0.5996339917182922,0.008577032946050167,0.38888657093048096,0.5960783362388611,0.0010811706306412816,0.42277175188064575,0.557206928730011,-0.0037717693485319614,0.4411394000053406,0.5608054995536804,-0.0044442880898714066,0.451783686876297,0.5720199942588806,-0.0035582436248660088,0.39825305342674255,0.6097214221954346,-0.00863286666572094,0.43196210265159607,0.5649568438529968,-0.012853562831878662,0.450022429227829,0.5681919455528259,-0.012628646567463875,0.4597918391227722,0.5797294974327087,-0.011205137707293034,0.40781620144844055,0.6314345598220825,-0.017290370538830757,0.43768998980522156,0.5853371024131775,-0.019431758671998978,0.4571964740753174,0.5825772285461426,-0.01728130504488945,0.47019314765930176,0.5871317386627197,-0.015281192027032375,0.41725730895996094,0.6586474776268005,-0.025029445067048073,0.4397304654121399,0.6169622540473938,-0.026169024407863617,0.4548555612564087,0.6033803224563599,-0.02376333251595497,0.46751898527145386,0.5967622399330139,-0.021184008568525314
0.36221757531166077,0.7062512040138245,8.311699417618001e-08,0.3705017864704132,0.6537232398986816,0.012810233980417252,0.3844379186630249,0.617845892906189,0.014084733091294765,0.4020180106163025,0.6036416888237,0.0116958599537611,0.417395681142807,0.6000810265541077,0.008505637757480145,0.38845282793045044,0.5977142453193665,0.001396600971929729,0.4223339557647705,0.5609655976295471,-0.003815239295363426,0.44167888164520264,0.5631394982337952,-0.005253589246422052,0.4539656341075897,0.5723251104354858,-0.0052032871171832085,0.3973664939403534,0.6114243865013123,-0.00897151231765747,0.42980682849884033,0.5625279545783997,-0.01422329805791378,0.4490503966808319,0.5643430948257446,-0.014841517433524132,0.46042174100875854,0.5759878754615784,-0.013932349160313606,0.40670958161354065,0.6331751942634583,-0.01819724403321743,0.43506187200546265,0.5832151770591736,-0.021598123013973236,0.45535072684288025,0.5802473425865173,-0.02008569985628128,0.46932584047317505,0.5843309760093689,-0.018309012055397034,0.41657891869544983,0.6607919931411743,-0.026396984234452248,0.4378100335597992,0.6165797710418701,-0.028529876843094826,0.45231983065605164,0.6020624041557312,-0.026559356600046158,0.46494603157043457,0.5941497087478638,-0.024237947538495064
0.362682580947876,0.708479106426239,7.447265204518771e-08,0.37129056453704834,0.656234622001648,0.012882341630756855,0.3853400647640228,0.6202629208564758,0.014546927064657211,0.40293413400650024,0.6052659749984741,0.012714524753391743,0.4178793132305145,0.6011905074119568,0.010106165893375874,0.3895321190357208,0.5994185209274292,0.001961800269782543,0.42304596304893494,0.5637325048446655,-0.002821356523782015,0.44163715839385986,0.5651782155036926,-0.004072945099323988,0.4538050889968872,0.573317289352417,-0.004022184759378433,0.39841359853744507,0.6128787994384766,-0.008317466825246811,0.4300832450389862,0.5625548362731934,-0.013683781959116459,0.4487668573856354,0.562843382358551,-0.01435514260083437,0.4602201581001282,0.5732738971710205,-0.01330728642642498,0.4074597954750061,0.634230375289917,-0.01741265319287777,0.43451517820358276,0.5834269523620605,-0.020891636610031128,0.4542441964149475,0.5789667963981628,-0.01925436407327652,0.4682086110115051,0.5813888907432556,-0.017259996384382248,0.41693902015686035,0.6617344617843628,-0.025448482483625412,0.4370552897453308,0.6164572834968567,-0.027383342385292053,0.45111292600631714,0.6007164716720581,-0.025113651528954506,0.4636041224002838,0.5914402008056641,-0.022580508142709732
0.36253973841667175,0.7138414978981018,6.421797849043287e-08,0.36981746554374695,0.6620343327522278,0.013029862195253372,0.38313108682632446,0.625718355178833,0.014641371555626392,0.4004794657230377,0.6096674799919128,0.012670672498643398,0.4148252606391907,0.6043556332588196,0.009937239810824394,0.38937532901763916,0.6041392683982849,0.001421123743057251,0.4224761426448822,0.5641347765922546,-0.003976603038609028,0.4414117932319641,0.565949559211731,-0.005200859624892473,0.4534403085708618,0.5750759840011597,-0.004879949148744345,0.39818328619003296,0.6162354946136475,-0.009046771563589573,0.4286733865737915,0.5627073049545288,-0.014855670742690563,0.4473622143268585,0.5628911256790161,-0.01505093090236187,0.458744078874588,0.5734025835990906,-0.013540346175432205,0.4072246551513672,0.6364710927009583,-0.01844959333539009,0.4333697557449341,0.582162082195282,-0.022374417632818222,0.45350152254104614,0.5767852067947388,-0.02070239558815956,0.46782606840133667,0.5791302919387817,-0.018563970923423767,0.41673722863197327,0.6627106070518494,-0.026812763884663582,0.43611058592796326,0.6152862310409546,-0.02955997921526432,0.45034730434417725,0.5980089902877808,-0.027937987819314003,0.46308445930480957,0.5880180597305298,-0.02571256272494793
0.36172381043434143,0.7172700762748718,5.6118810931593544e-08,0.36850088834762573,0.6650615334510803,0.012625408358871937,0.3815109431743622,0.6289843320846558,0.014053898863494396,0.39904913306236267,0.6127041578292847,0.011927432380616665,0.41383546590805054,0.6084097027778625,0.009100444614887238,0.3880142569541931,0.6074432730674744,0.0010303930612280965,0.42165160179138184,0.5650534629821777,-0.004659981932491064,0.44056278467178345,0.5677429437637329,-0.005802710074931383,0.4525268077850342,0.5779240131378174,-0.005328895058482885,0.39706796407699585,0.6193148493766785,-0.0092012295499444,0.42786291241645813,0.5640219449996948,-0.015401387587189674,0.4456312656402588,0.5655775666236877,-0.01542328018695116,0.4563595652580261,0.5768781304359436,-0.013654015026986599,0.406423419713974,0.6391351222991943,-0.01844457909464836,0.43283364176750183,0.5830045938491821,-0.0226339902728796,0.4526151716709137,0.5786991119384766,-0.020674826577305794,0.46684589982032776,0.582086980342865,-0.018257273361086845,0.4162827730178833,0.6644607782363892,-0.026716722175478935,0.43538016080856323,0.6160944700241089,-0.02988528646528721,0.44984564185142517,0.5977938175201416,-0.028565192595124245,0.46310222148895264,0.5866769552230835,-0.026524363085627556
0.36093029379844666,0.719216525554657,4.753347937480612e-08,0.3672691583633423,0.6663989424705505,0.012604464776813984,0.38045036792755127,0.6294599771499634,0.014384272508323193,0.3973993957042694,0.6130752563476562,0.01265205442905426,0.4117456078529358,0.6091967821121216,0.010301019996404648,0.3887031674385071,0.6084956526756287,0.0018476680852472782,0.4208163022994995,0.5646077990531921,-0.003759876126423478,0.4394966959953308,0.5666764974594116,-0.00503174401819706,0.45127540826797485,0.5763854384422302,-0.0047035133466124535,0.39747047424316406,0.6197110414505005,-0.008296264335513115,0.42702487111091614,0.5632747411727905,-0.014522260054945946,0.44475656747817993,0.5647290349006653,-0.014705774374306202,0.4554334282875061,0.5762774348258972,-0.013002836145460606,0.40635985136032104,0.6390801072120667,-0.017503516748547554,0.4316185712814331,0.5824942588806152,-0.021772010251879692,0.45149439573287964,0.5777980089187622,-0.019958164542913437,0.4659944772720337,0.5812869668006897,-0.017586737871170044,0.4157888889312744,0.6646506786346436,-0.02576029673218727,0.4340822696685791,0.6162301898002625,-0.02907959744334221,0.44848668575286865,0.5976206064224243,-0.027909448370337486,0.4617435038089752,0.5867487788200378,-0.025953609496355057
0.362324595451355,0.7214052081108093,3.874934861869406e-08,0.3673883080482483,0.6702337265014648,0.013799509033560753,0.3789393901824951,0.632557213306427,0.016308067366480827,0.3948207497596741,0.6141395568847656,0.015089328400790691,0.40842002630233765,0.6100570559501648,0.013131332583725452,0.38693854212760925,0.6095553636550903,0.0030056429095566273,0.41896674036979675,0.5655444264411926,-0.0019954184535890818,0.4384745657444,0.5669468641281128,-0.0032656819093972445,0.45133358240127563,0.5749825239181519,-0.0033336428459733725,0.3961460590362549,0.6190424561500549,-0.0076024504378438,0.42586761713027954,0.5614632964134216,-0.013418755494058132,0.4440442621707916,0.5633460879325867,-0.01359656360000372,0.4551277458667755,0.5745440125465393,-0.012258967384696007,0.40543606877326965,0.6372160315513611,-0.01716950722038746,0.43063753843307495,0.5788141489028931,-0.021216396242380142,0.45046406984329224,0.5754952430725098,-0.01947605423629284,0.46502044796943665,0.5799255967140198,-0.01745941862463951,0.41551297903060913,0.6622554063796997,-0.025715777650475502,0.43386179208755493,0.6136409640312195,-0.029309045523405075,0.44834303855895996,0.5958510041236877,-0.028616633266210556,0.46181362867355347,0.5852538347244263,-0.027216628193855286
0.3630618155002594,0.7284223437309265,5.131757419007954e-08,0.36904478073120117,0.6757201552391052,0.01264616847038269,0.3809674084186554,0.6369252800941467,0.0142817422747612,0.396767795085907,0.6180383563041687,0.012349727563560009,0.41107413172721863,0.6123470067977905,0.009812557138502598,0.3864053785800934,0.6136556267738342,0.001978551968932152,0.41808128356933594,0.5698432326316833,-0.003965388517826796,0.43723180890083313,0.5704953074455261,-0.006043979432433844,0.4509965181350708,0.5762683153152466,-0.006687835790216923,0.39485716819763184,0.6236611008644104,-0.008676369674503803,0.4247925281524658,0.566994309425354,-0.015680519863963127,0.44323521852493286,0.5672517418861389,-0.016818229109048843,0.4557565450668335,0.5754766464233398,-0.015978051349520683,0.4040873646736145,0.6418575644493103,-0.018392404541373253,0.428818941116333,0.5845189094543457,-0.02329331636428833,0.4487878680229187,0.5785592794418335,-0.021874479949474335,0.4641018211841583,0.5797622799873352,-0.019897492602467537,0.41459932923316956,0.6668981313705444,-0.027196260169148445,0.4319608211517334,0.6176030039787292,-0.03045041859149933,0.445708692073822,0.5984601974487305,-0.02908911742269993,0.45874330401420593,0.5861092805862427,-0.027261905372142792
0.36280861496925354,0.7308087348937988,6.35426076200929e-08,0.36894652247428894,0.6773959398269653,0.012979747727513313,0.38088157773017883,0.6393360495567322,0.014661132358014584,0.396572083234787,0.6217464208602905,0.012569280341267586,0.41113176941871643,0.6151371598243713,0.009800294414162636,0.3862462639808655,0.6157103180885315,0.0035060225054621696,0.4177508056163788,0.5733100175857544,-0.0019814406987279654,0.43656274676322937,0.5721168518066406,-0.004084072075784206,0.4498090147972107,0.5761397480964661,-0.004864288028329611,0.39465177059173584,0.6253485083580017,-0.0074413795955479145,0.42501100897789,0.5715427398681641,-0.01341256033629179,0.44443279504776,0.5694658756256104,-0.014638201333582401,0.4576284885406494,0.575932502746582,-0.01422601006925106,0.40370380878448486,0.6435260772705078,-0.01751604489982128,0.4288847744464874,0.5882155895233154,-0.021745475009083748,0.4493982195854187,0.5802060961723328,-0.020482521504163742,0.4651399254798889,0.5796187520027161,-0.018912946805357933,0.4140781760215759,0.6688232421875,-0.02669602446258068,0.43083176016807556,0.6201851963996887,-0.02952943556010723,0.4440978169441223,0.60125333070755,-0.027924027293920517,0.4567311406135559,0.5892624855041504,-0.026054004207253456
0.36281096935272217,0.7331081628799438,7.772772647740567e-08,0.37050339579582214,0.6807933449745178,0.013974237255752087,0.3825661540031433,0.6428823471069336,0.016052989289164543,0.3982698619365692,0.6254198551177979,0.014047331176698208,0.41258668899536133,0.6179922819137573,0.01130039244890213,0.38568851351737976,0.6174476742744446,0.00462472066283226,0.4170161783695221,0.5757848620414734,-0.0008943238062784076,0.4368669390678406,0.5726709365844727,-0.0030035998206585646,0.45089274644851685,0.5755015015602112,-0.0038111538160592318,0.3934071958065033,0.6264597773551941,-0.007004293147474527,0.4241233170032501,0.5729352235794067,-0.013069267384707928,0.44497278332710266,0.5692519545555115,-0.01442154124379158,0.45935216546058655,0.5745198130607605,-0.014128523878753185,0.4023013412952423,0.64436274766922,-0.017762571573257446,0.42781251668930054,0.5890542268753052,-0.022230302914977074,0.44936054944992065,0.5797327756881714,-0.021174892783164978,0.4659387469291687,0.5781111121177673,-0.019700603559613228,0.41317665576934814,0.6701138615608215,-0.027571160346269608,0.43049806356430054,0.6205742955207825,-0.03070257045328617,0.44454991817474365,0.6016055345535278,-0.0293705053627491,0.45795875787734985,0.5899913311004639,-0.027686243876814842
0.36391565203666687,0.7365075945854187,6.854839540437752e-08,0.3710620403289795,0.6836445331573486,0.013177667744457722,0.3833566904067993,0.6453063488006592,0.015262233093380928,0.39890894293785095,0.6266140341758728,0.013360535725951195,0.4127978980541229,0.6179894208908081,0.010940635576844215,0.3860678970813751,0.6192198395729065,0.00679013691842556,0.41609466075897217,0.5791889429092407,0.0021827437449246645,0.4346708059310913,0.5754751563072205,0.0001378260931232944,0.4475513696670532,0.5774976015090942,-0.0007028265972621739,0.3946493864059448,0.6278643608093262,-0.004280155524611473,0.4235982596874237,0.576816976070404,-0.009135321713984013,0.44316038489341736,0.5719472169876099,-0.010668144561350346,0.4564168453216553,0.5765101909637451,-0.01072496734559536,0.4039260447025299,0.6444418430328369,-0.014666929841041565,0.42824292182922363,0.5918733477592468,-0.017895609140396118,0.4489441215991974,0.5813726782798767,-0.01698543317615986,0.4648757576942444,0.5784479975700378,-0.01589159667491913,0.4144696295261383,0.6683195233345032,-0.024244731292128563,0.4307974874973297,0.6206052899360657,-0.02591548301279545,0.4442063570022583,0.6020396947860718,-0.023969070985913277,0.4568520486354828,0.5906392931938171,-0.02207094058394432
0.3662639558315277,0.7361381649971008,6.001157970558779e-08,0.36998024582862854,0.685808539390564,0.010729377157986164,0.3816823959350586,0.6472856402397156,0.012203669175505638,0.39600417017936707,0.6266342997550964,0.010101119056344032,0.40948158502578735,0.6163056492805481,0.007771217729896307,0.38441184163093567,0.6196556687355042,0.0073226806707680225,0.41060471534729004,0.580927312374115,0.0025837505236268044,0.42803695797920227,0.5768168568611145,2.6285140847903676e-05,0.4406035244464874,0.578743040561676,-0.0012341885594651103,0.39375102519989014,0.6251052021980286,-0.002482929965481162,0.42095085978507996,0.5768014788627625,-0.007229367271065712,0.4399196207523346,0.5720987319946289,-0.00926622562110424,0.4532296061515808,0.5766561031341553,-0.009828363545238972,0.40379101037979126,0.6391564011573792,-0.012043146416544914,0.42748528718948364,0.5893303751945496,-0.015712905675172806,0.44795385003089905,0.5793203711509705,-0.015927154570817947,0.46408289670944214,0.5772453546524048,-0.015605964697897434,0.415294349193573,0.6609042286872864,-0.020980821922421455,0.4317547082901001,0.6158179044723511,-0.022920988500118256,0.4451942443847656,0.5995914936065674,-0.02160380594432354,0.4577980041503906,0.5902141332626343,-0.020235570147633553
0.36688077449798584,0.7320275902748108,8.617463720383967e-08,0.3693017065525055,0.6813299655914307,0.009943448938429356,0.38065674901008606,0.6403132081031799,0.011165556497871876,0.39458101987838745,0.6183558106422424,0.008963336236774921,0.4083039164543152,0.6064317226409912,0.006542388815432787,0.3827546536922455,0.6160933375358582,0.005658263340592384,0.4083784818649292,0.5733492970466614,2.9929320589872077e-05,0.42650550603866577,0.5697816610336304,-0.002928307745605707,0.439897358417511,0.5736514925956726,-0.004157211631536484,0.3913419246673584,0.6223292350769043,-0.003624498378485441,0.4183478355407715,0.5738083124160767,-0.008490566164255142,0.4379221796989441,0.5683038234710693,-0.010751742869615555,0.4523806571960449,0.5727478265762329,-0.011542649939656258,0.40115922689437866,0.6371302604675293,-0.012680388987064362,0.42496204376220703,0.5878660082817078,-0.016259461641311646,0.44586631655693054,0.5768808126449585,-0.016852514818310738,0.4626675546169281,0.5748990178108215,-0.016842301934957504,0.41291555762290955,0.6585100293159485,-0.02117883414030075,0.42931532859802246,0.6138408780097961,-0.02307490073144436,0.44263356924057007,0.5981854796409607,-0.02192002348601818,0.4551653563976288,0.5902239084243774,-0.02063157595694065
0.36689549684524536,0.7267196178436279,9.823507696182787e-08,0.37080857157707214,0.677351713180542,0.009713845327496529,0.3822580873966217,0.6357133984565735,0.01091535110026598,0.39661887288093567,0.6142700910568237,0.008655141107738018,0.4102059006690979,0.6030271649360657,0.006141941528767347,0.3826901614665985,0.6118751168251038,0.005396069027483463,0.4094541370868683,0.5702142119407654,-0.0005958876572549343,0.42862313985824585,0.5680736899375916,-0.003930617123842239,0.442147821187973,0.5728263854980469,-0.005335382651537657,0.3907412588596344,0.6180843710899353,-0.003762266132980585,0.41886475682258606,0.5714952945709229,-0.008908272720873356,0.43936294317245483,0.5680776834487915,-0.011551894247531891,0.45387688279151917,0.5738932490348816,-0.01255771704018116,0.40041470527648926,0.6323921084403992,-0.012691258452832699,0.4245905578136444,0.5844026803970337,-0.016290320083498955,0.44596463441848755,0.5757107138633728,-0.01718560792505741,0.4624393582344055,0.5755867958068848,-0.01732034981250763,0.41222497820854187,0.6530662178993225,-0.021099533885717392,0.42904365062713623,0.6089173555374146,-0.022784756496548653,0.4428487718105316,0.5949313044548035,-0.02167697437107563,0.45544320344924927,0.58906489610672,-0.02041519433259964
0.36611247062683105,0.7245262265205383,1.0853279519551506e-07,0.37026873230934143,0.6758471727371216,0.00879635103046894,0.38262173533439636,0.6338415741920471,0.009479141794145107,0.3972374498844147,0.613482654094696,0.006828626152127981,0.41136226058006287,0.6030252575874329,0.00401143217459321,0.38318201899528503,0.6098020672798157,0.004199863877147436,0.4113641679286957,0.5709179639816284,-0.002338775899261236,0.4313904643058777,0.570948600769043,-0.006249336991459131,0.44541409611701965,0.5776607990264893,-0.007960585877299309,0.3907957077026367,0.6166574954986572,-0.004699805285781622,0.41997814178466797,0.5726675391197205,-0.01048918068408966,0.441575825214386,0.5707489848136902,-0.013585509732365608,0.45635679364204407,0.5780075192451477,-0.014786619693040848,0.3999144434928894,0.6312199831008911,-0.013359610922634602,0.42492008209228516,0.5850440859794617,-0.0172689538449049,0.4464677572250366,0.5784990191459656,-0.018163394182920456,0.4623245596885681,0.5804816484451294,-0.018145661801099777,0.41135546565055847,0.6524908542633057,-0.02158549055457115,0.42938876152038574,0.6095225811004639,-0.022733958438038826,0.4435957670211792,0.5971844792366028,-0.020928658545017242,0.4554153084754944,0.5935550332069397,-0.019162215292453766
0.365639865398407,0.7220767736434937,1.1057569082595364e-07,0.36937007308006287,0.674004852771759,0.009289129637181759,0.3814451992511749,0.632885217666626,0.01011486817151308,0.3960016369819641,0.6131753921508789,0.007544588763266802,0.4101977050304413,0.6039148569107056,0.0047386703081429005,0.382719486951828,0.6080060601234436,0.004448902793228626,0.41144752502441406,0.5717007517814636,-0.0019281985005363822,0.4317631125450134,0.5728716850280762,-0.005855680909007788,0.44600197672843933,0.5800178647041321,-0.007625062949955463,0.3904884457588196,0.6143829822540283,-0.004610998090356588,0.42024725675582886,0.5717883706092834,-0.010091736912727356,0.44208404421806335,0.5713077783584595,-0.012849821709096432,0.45677152276039124,0.5796265602111816,-0.013854939490556717,0.3996936082839966,0.6289803385734558,-0.01338486559689045,0.4254102110862732,0.5839440822601318,-0.01705768145620823,0.44729071855545044,0.5791916251182556,-0.0176570825278759,0.463009238243103,0.5824322700500488,-0.017471199855208397,0.4111400246620178,0.6508470177650452,-0.021679190918803215,0.4304813742637634,0.6087966561317444,-0.022642478346824646,0.4450770318508148,0.5983927249908447,-0.020543571561574936,0.4566551744937897,0.5964664816856384,-0.018579524010419846
0.3644084632396698,0.7193844318389893,1.1371249541980433e-07,0.3684350848197937,0.6711300611495972,0.00989590398967266,0.3805365562438965,0.6304186582565308,0.01102505438029766,0.39530760049819946,0.6118525266647339,0.008640237152576447,0.4097387194633484,0.6039885878562927,0.006023116875439882,0.38163167238235474,0.6055688858032227,0.005606606602668762,0.4121055006980896,0.571886420249939,-0.00026837715995498,0.4325029253959656,0.5738447308540344,-0.003968625329434872,0.446368932723999,0.5813469886779785,-0.00560717610642314,0.38946714997291565,0.6114025712013245,-0.0035719615407288074,0.42066746950149536,0.56999671459198,-0.008668261580169201,0.4423049986362457,0.571571409702301,-0.011252574622631073,0.4561547338962555,0.581404983997345,-0.01210535503923893,0.3988001346588135,0.625825822353363,-0.012433732859790325,0.4259642958641052,0.5813189148902893,-0.01589261367917061,0.44792094826698303,0.5796201825141907,-0.01634378172457218,0.462831974029541,0.5851387977600098,-0.01601104624569416,0.41042008996009827,0.6479606032371521,-0.020738068968057632,0.4313473105430603,0.6066167950630188,-0.021441835910081863,0.44611188769340515,0.5984909534454346,-0.019112108275294304,0.45702141523361206,0.5980562567710876,-0.016988877207040787
0.3647974133491516,0.7171326279640198,1.0671070072021394e-07,0.36905378103256226,0.6680322289466858,0.010789121501147747,0.38123631477355957,0.6274352669715881,0.012118604965507984,0.3959583640098572,0.6087130904197693,0.009749188087880611,0.41035234928131104,0.600899875164032,0.007016408257186413,0.38182133436203003,0.6033124923706055,0.006207264494150877,0.41298219561576843,0.5717138648033142,0.0009703319519758224,0.43326398730278015,0.5738893747329712,-0.0021824180148541927,0.44685280323028564,0.581768810749054,-0.003514563199132681,0.38939836621284485,0.6086670160293579,-0.0033441639970988035,0.4216448664665222,0.5684607625007629,-0.007957004010677338,0.4428313970565796,0.5711256265640259,-0.010214539244771004,0.4559229612350464,0.5824432373046875,-0.010858485475182533,0.398800253868103,0.6227326393127441,-0.012454367242753506,0.4266945421695709,0.578709602355957,-0.015406268648803234,0.4483601748943329,0.5792725086212158,-0.01566970907151699,0.462586373090744,0.5870357751846313,-0.015302003361284733,0.4104774594306946,0.6440650820732117,-0.020919911563396454,0.43142616748809814,0.6029314398765564,-0.021464820951223373,0.44622036814689636,0.5958638191223145,-0.019226906821131706,0.45715734362602234,0.5967955589294434,-0.0172103364020586
0.3640364706516266,0.7147751450538635,1.0046159104604158e-07,0.3682520091533661,0.6658769249916077,0.012753736227750778,0.380582720041275,0.6258691549301147,0.015214065089821815,0.395170122385025,0.607617974281311,0.013620290905237198,0.4094405770301819,0.60077303647995,0.011487545445561409,0.38263213634490967,0.600374162197113,0.009600267745554447,0.4135834872722626,0.5717929601669312,0.005816075950860977,0.43401435017585754,0.5731918215751648,0.0032792678102850914,0.4478277266025543,0.5807848572731018,0.0021409655455499887,0.3901880383491516,0.6050712466239929,-0.0005583310849033296,0.42245998978614807,0.5673895478248596,-0.004031639080494642,0.44345822930336,0.5707306861877441,-0.005893199238926172,0.45635777711868286,0.5823119282722473,-0.006358114071190357,0.3991905748844147,0.6189355254173279,-0.010156000033020973,0.4270487427711487,0.5766753554344177,-0.012248354032635689,0.44824787974357605,0.5783178806304932,-0.012017850764095783,0.46193745732307434,0.586897075176239,-0.011398249305784702,0.4104902744293213,0.6408078670501709,-0.018973032012581825,0.43153277039527893,0.6005781292915344,-0.018763365224003792,0.4463541507720947,0.5940940380096436,-0.01603260263800621,0.4571196138858795,0.5955169200897217,-0.013750523328781128
0.3617618680000305,0.7099305987358093,1.0974183339840238e-07,0.36705127358436584,0.6594991683959961,0.012556729838252068,0.379894495010376,0.6201699376106262,0.014614192768931389,0.3949465751647949,0.6023802161216736,0.012572219595313072,0.40917354822158813,0.596528172492981,0.009910380467772484,0.3818110525608063,0.5942733883857727,0.009373154491186142,0.4139900505542755,0.5691204071044922,0.005731214303523302,0.43438994884490967,0.5714983940124512,0.0031876987777650356,0.4478544294834137,0.5803754925727844,0.002034752396866679,0.38979458808898926,0.599635660648346,-0.0008010406163521111,0.4230174422264099,0.5646274089813232,-0.003749778028577566,0.4438379406929016,0.5686984062194824,-0.005373530555516481,0.45625296235084534,0.5812383890151978,-0.0057653263211250305,0.39906859397888184,0.6143555641174316,-0.010386655107140541,0.4278058707714081,0.5735836029052734,-0.0118803596124053,0.44878607988357544,0.5765882134437561,-0.011251355521380901,0.46192678809165955,0.5863845348358154,-0.010458129458129406,0.4102281630039215,0.6373465061187744,-0.01923528127372265,0.43189308047294617,0.5974166393280029,-0.018703017383813858,0.44710662961006165,0.5926714539527893,-0.015509375371038914,0.4579300284385681,0.5961419343948364,-0.01282638218253851
0.36055558919906616,0.708139181137085,1.0067152800274926e-07,0.3657212257385254,0.6571561694145203,0.013515057042241096,0.37912872433662415,0.618038535118103,0.015977879986166954,0.39480671286582947,0.6012182831764221,0.01408872939646244,0.40957945585250854,0.5962480902671814,0.0115843266248703,0.3815760314464569,0.5918125510215759,0.01098772045224905,0.4142160415649414,0.5685179829597473,0.007736646104604006,0.43479394912719727,0.5714406371116638,0.00541442958638072,0.4479876458644867,0.5817288160324097,0.004541944712400436,0.39005234837532043,0.5969633460044861,0.0005057119415141642,0.4238579571247101,0.5638757348060608,-0.0016261051641777158,0.4442289173603058,0.5695486068725586,-0.0027014692313969135,0.4557088315486908,0.5829949378967285,-0.002745331497862935,0.39952266216278076,0.6111251711845398,-0.009363975375890732,0.4292563796043396,0.5721705555915833,-0.010108972899615765,0.4493553638458252,0.5773390531539917,-0.008737171068787575,0.4610861837863922,0.5890540480613708,-0.007486592512577772,0.4106985330581665,0.6337203979492188,-0.01848258450627327,0.43375253677368164,0.5954115986824036,-0.01711644046008587,0.4487570524215698,0.5933380722999573,-0.013046723790466785,0.45845723152160645,0.5992577075958252,-0.009722070768475533
0.3606703579425812,0.7070014476776123,8.860764211249261e-08,0.3654535114765167,0.6555676460266113,0.013827580958604813,0.3784824311733246,0.6167539954185486,0.016149070113897324,0.3938080668449402,0.5998963117599487,0.014059373177587986,0.40864863991737366,0.5950308442115784,0.011268961243331432,0.3819093406200409,0.5903737545013428,0.01085803285241127,0.41416895389556885,0.5683799982070923,0.007907504215836525,0.43413010239601135,0.5714802145957947,0.005855243653059006,0.44664761424064636,0.5820072293281555,0.005128792487084866,0.39052170515060425,0.5956729650497437,0.00023415866598952562,0.4239715039730072,0.5635790228843689,-0.0014294732827693224,0.4434954822063446,0.5696403980255127,-0.0020985484588891268,0.45417430996894836,0.5836214423179626,-0.001962315523996949,0.4000292420387268,0.6100879311561584,-0.009695946238934994,0.42986929416656494,0.5723161101341248,-0.00988573208451271,0.4490245282649994,0.5780768990516663,-0.008028136566281319,0.4600021243095398,0.5901402235031128,-0.006611757446080446,0.4110027253627777,0.6329804062843323,-0.01885354518890381,0.4342862367630005,0.5955986976623535,-0.017222555354237556,0.449135422706604,0.5938270092010498,-0.012902430258691311,0.45865529775619507,0.599868655204773,-0.009422513656318188
0.35888904333114624,0.7059589624404907,9.015077750973433e-08,0.36458316445350647,0.6543577909469604,0.013593858107924461,0.37739017605781555,0.615649938583374,0.01584777794778347,0.39310386776924133,0.5989761352539062,0.01361608225852251,0.4081360697746277,0.5947011709213257,0.010521974414587021,0.38089919090270996,0.5907524824142456,0.010861486196517944,0.41382354497909546,0.5697130560874939,0.007643155287951231,0.4341372549533844,0.5737828016281128,0.005266306921839714,0.44694095849990845,0.5845850706100464,0.004257938824594021,0.38935476541519165,0.5961036086082458,0.00017742003547027707,0.42376279830932617,0.5648209452629089,-0.0019086622633039951,0.4433756172657013,0.5723264217376709,-0.0031367039773613214,0.4540167450904846,0.5872043967247009,-0.003318728180602193,0.3988097310066223,0.6106376647949219,-0.009816396050155163,0.42943280935287476,0.5739148855209351,-0.010313284583389759,0.44863301515579224,0.5810244679450989,-0.0087857311591506,0.45935600996017456,0.5938698649406433,-0.007501600775867701,0.40962502360343933,0.6341554522514343,-0.0190669484436512,0.43337127566337585,0.5965352654457092,-0.0177932009100914,0.4486258625984192,0.5947597026824951,-0.013743785209953785,0.4585884213447571,0.6007801294326782,-0.010392123833298683
0.35693860054016113,0.7053244113922119,8.059765121970486e-08,0.3632104694843292,0.6532838344573975,0.015613037161529064,0.37693700194358826,0.6146528720855713,0.01907445676624775,0.3930474817752838,0.59864741563797,0.017619645223021507,0.40829014778137207,0.594572126865387,0.015256738290190697,0.38044825196266174,0.5892381072044373,0.013884153217077255,0.4137434959411621,0.569667637348175,0.011793096549808979,0.433896005153656,0.575259804725647,0.009942308068275452,0.4466394782066345,0.5868422985076904,0.009187210351228714,0.3891560137271881,0.5952404141426086,0.002452723914757371,0.42414823174476624,0.5660749673843384,0.0014624944888055325,0.44374629855155945,0.5749236345291138,0.0005712259444408119,0.4543690085411072,0.5902367234230042,0.00048128844355233014,0.3986849784851074,0.6101769804954529,-0.008196530863642693,0.43009504675865173,0.5754464268684387,-0.007711754180490971,0.44912415742874146,0.5837932825088501,-0.005925220437347889,0.4595172107219696,0.5973350405693054,-0.004645754583179951,0.4094220995903015,0.6337070465087891,-0.018005097284913063,0.4336667060852051,0.5970231294631958,-0.016015151515603065,0.44893863797187805,0.5962140560150146,-0.011721698567271233,0.4587355852127075,0.6029682755470276,-0.00831197202205658
0.3566688001155853,0.7090256810188293,6.028641053035244e-08,0.36245179176330566,0.6566501259803772,0.01635238528251648,0.37566810846328735,0.6170182824134827,0.020368248224258423,0.3910616934299469,0.6000574827194214,0.019373053684830666,0.4063031077384949,0.5959036350250244,0.01747823692858219,0.3785195052623749,0.591611921787262,0.014697227627038956,0.4106602668762207,0.569141149520874,0.013113543391227722,0.4298320710659027,0.5746987462043762,0.011908737942576408,0.4420555830001831,0.5860114693641663,0.01148698665201664,0.3874356746673584,0.5980311632156372,0.0029411432333290577,0.4209960401058197,0.5678892731666565,0.0022144706454128027,0.43966203927993774,0.5766789317131042,0.0015702956588938832,0.45036906003952026,0.5909639000892639,0.0015091007808223367,0.3972974717617035,0.6135889291763306,-0.008027003146708012,0.4278188645839691,0.5789859294891357,-0.0075844330713152885,0.4465784430503845,0.5858207941055298,-0.005959347356110811,0.45750001072883606,0.5973855257034302,-0.0049171531572937965,0.4083220064640045,0.6372621655464172,-0.01804363541305065,0.4323689341545105,0.5995955467224121,-0.01599879190325737,0.4477974772453308,0.5964187383651733,-0.01185297779738903,0.45839449763298035,0.6002790331840515,-0.008725236169993877
0.3580830693244934,0.711875855922699,5.861099694470795e-08,0.36412596702575684,0.6593561768531799,0.014703254215419292,0.37758737802505493,0.6194764375686646,0.018136361613869667,0.39289426803588867,0.6017352938652039,0.017030296847224236,0.4079919755458832,0.597137451171875,0.015163525007665157,0.3795967102050781,0.5940674543380737,0.012453408911824226,0.4092690348625183,0.5678117871284485,0.010288495570421219,0.42767125368118286,0.5712425112724304,0.00848905649036169,0.44010403752326965,0.5800390839576721,0.007580081932246685,0.38759517669677734,0.6005839109420776,0.0015207490650936961,0.4180455207824707,0.569678783416748,0.0005906633450649679,0.436107337474823,0.5749896168708801,-0.0007054737070575356,0.4471680521965027,0.5870229601860046,-0.0014268812956288457,0.39684146642684937,0.6167777180671692,-0.008681699633598328,0.4246540069580078,0.5829371809959412,-0.008346907794475555,0.44276055693626404,0.5856607556343079,-0.007653611246496439,0.454512357711792,0.5939132571220398,-0.007459219545125961,0.4075438976287842,0.6406286358833313,-0.018051110208034515,0.4297614097595215,0.6046963930130005,-0.01655314490199089,0.44446903467178345,0.598059892654419,-0.013449064455926418,0.45584604144096375,0.5983565449714661,-0.011138915084302425
0.35847043991088867,0.7142351865768433,6.888578951702584e-08,0.36540067195892334,0.6615825891494751,0.013725039549171925,0.37905481457710266,0.6225099563598633,0.01655096560716629,0.39495378732681274,0.6059592366218567,0.014841636642813683,0.4107234477996826,0.6013060808181763,0.01243769470602274,0.3809633255004883,0.5994232296943665,0.011031944304704666,0.4100712835788727,0.5683062672615051,0.007744199130684137,0.42876946926116943,0.5713712573051453,0.005572224501520395,0.4414733946323395,0.5804789066314697,0.0047570476308465,0.38810521364212036,0.6057525873184204,0.00022672631894238293,0.41954678297042847,0.5746046304702759,-0.0022619415540248156,0.43747004866600037,0.5828288793563843,-0.004060198087245226,0.4477171003818512,0.597249448299408,-0.004467139486223459,0.39703816175460815,0.6216574907302856,-0.009903427213430405,0.42575517296791077,0.5871360898017883,-0.010416452772915363,0.44307324290275574,0.5922554135322571,-0.009276840835809708,0.45386621356010437,0.6025688648223877,-0.008241390809416771,0.4073297679424286,0.6453295350074768,-0.01936453953385353,0.42943334579467773,0.610061764717102,-0.018469804897904396,0.4445846974849701,0.6005381941795349,-0.015530751086771488,0.4566341042518616,0.5980519652366638,-0.01297836285084486
0.35835063457489014,0.7162704467773438,6.541971231399657e-08,0.36503973603248596,0.6663705706596375,0.015173191204667091,0.3792041540145874,0.6285310387611389,0.018734056502580643,0.39543619751930237,0.6133660674095154,0.017750917002558708,0.41075846552848816,0.6082358360290527,0.016287153586745262,0.37968912720680237,0.6060430407524109,0.012326506897807121,0.40934863686561584,0.5744033455848694,0.010134410113096237,0.42761608958244324,0.5780043601989746,0.008983568288385868,0.43929651379585266,0.5883289575576782,0.008975455537438393,0.38709238171577454,0.6102774143218994,0.0014510559849441051,0.4189828634262085,0.5730328559875488,0.0007035871385596693,0.437472403049469,0.5799599885940552,0.0006008470663800836,0.4477422833442688,0.5936728715896606,0.0012112789554521441,0.396300733089447,0.6248545050621033,-0.008683190681040287,0.42618992924690247,0.5870710015296936,-0.008028794080018997,0.4448409378528595,0.5922297835350037,-0.005886303726583719,0.45558714866638184,0.603340744972229,-0.004415246658027172,0.40767642855644226,0.6478665471076965,-0.017980827018618584,0.4310976266860962,0.6124604940414429,-0.015886489301919937,0.44532033801078796,0.6071847677230835,-0.011903490871191025,0.45512571930885315,0.608502209186554,-0.008817629888653755
0.35698583722114563,0.7155396342277527,8.854432564930903e-08,0.36410123109817505,0.6666293144226074,0.014978030696511269,0.3775408864021301,0.6303874254226685,0.018029211089015007,0.3937317728996277,0.6145278811454773,0.016596416011452675,0.40957197546958923,0.6089303493499756,0.01464536041021347,0.37770378589630127,0.6073415279388428,0.010271281935274601,0.41036343574523926,0.5762240290641785,0.007249343674629927,0.42959585785865784,0.5799146294593811,0.005815919488668442,0.44223207235336304,0.5884149074554443,0.005522076040506363,0.3855108618736267,0.6103538274765015,-0.0008968915790319443,0.4193262755870819,0.5681111812591553,-0.003130039433017373,0.43871456384658813,0.5765833258628845,-0.003429664298892021,0.4496764838695526,0.5912935733795166,-0.0027313854079693556,0.39530831575393677,0.6250967979431152,-0.011233707889914513,0.4268891215324402,0.5841755270957947,-0.012045888230204582,0.445627361536026,0.5916979908943176,-0.00955243781208992,0.45633572340011597,0.6024143099784851,-0.0075353533029556274,0.406893253326416,0.6481147408485413,-0.02068399451673031,0.43147167563438416,0.6123237609863281,-0.019797051325440407,0.446674108505249,0.6052085161209106,-0.01615753024816513,0.45781946182250977,0.6020300388336182,-0.013221543282270432
0.35570383071899414,0.7141863107681274,7.188337747265905e-08,0.3633776009082794,0.6653140187263489,0.017130738124251366,0.3773370087146759,0.6290382742881775,0.0215759240090847,0.393429160118103,0.6140732765197754,0.021047968417406082,0.40927809476852417,0.6097508668899536,0.019805148243904114,0.3777996301651001,0.6057386994361877,0.012835487723350525,0.40929216146469116,0.5728994011878967,0.01054990291595459,0.4283660054206848,0.5754871368408203,0.00979121308773756,0.44108107686042786,0.5839122533798218,0.01006349828094244,0.3854813277721405,0.608339250087738,0.0008641282911412418,0.41960328817367554,0.5647652745246887,-0.0009009837522171438,0.4393189251422882,0.5729764103889465,-0.0007293754024431109,0.45053353905677795,0.5885963439941406,0.0005484897410497069,0.3951220214366913,0.6231794953346252,-0.010153579525649548,0.4277561902999878,0.5837574005126953,-0.01076461561024189,0.44679102301597595,0.592732846736908,-0.007978621870279312,0.4574085474014282,0.6050515174865723,-0.005457935389131308,0.40647968649864197,0.6461693644523621,-0.020084718242287636,0.43162286281585693,0.610704779624939,-0.0187529306858778,0.44663673639297485,0.6053488850593567,-0.014560784213244915,0.4572022557258606,0.6041592359542847,-0.011053862981498241
0.3563315272331238,0.7128025889396667,6.815961484107902e-08,0.3654778301715851,0.664081871509552,0.016497449949383736,0.37928247451782227,0.627406895160675,0.02076389454305172,0.39549899101257324,0.6118406057357788,0.020230453461408615,0.41140782833099365,0.6074387431144714,0.019093945622444153,0.37959951162338257,0.6037312746047974,0.012763312086462975,0.41026225686073303,0.5715545415878296,0.010274496860802174,0.4292494058609009,0.5744819641113281,0.00910184346139431,0.44178250432014465,0.5834077596664429,0.009010236710309982,0.3865929841995239,0.6063241958618164,0.001107729272916913,0.4204873740673065,0.5629397630691528,-0.0008704179199412465,0.43998482823371887,0.5704755187034607,-0.0012798201059922576,0.45158204436302185,0.5854446291923523,-0.0005740200285799801,0.3958057165145874,0.6212331652641296,-0.009702792391180992,0.428133487701416,0.5841832160949707,-0.01024154294282198,0.44724929332733154,0.592340350151062,-0.00838545337319374,0.45846617221832275,0.6036204695701599,-0.006807789672166109,0.4069240093231201,0.6442952752113342,-0.01949281431734562,0.43155503273010254,0.6109337210655212,-0.017850276082754135,0.44595134258270264,0.6054750084877014,-0.01419426966458559,0.4565090239048004,0.6038749814033508,-0.011431152932345867
0.35744425654411316,0.7107281684875488,7.684807457053466e-08,0.3669252395629883,0.6624480485916138,0.01650158502161503,0.38073110580444336,0.6253944039344788,0.02054745703935623,0.39754900336265564,0.6098330616950989,0.01977076195180416,0.41399598121643066,0.6062245965003967,0.018321175128221512,0.3796198070049286,0.6008585095405579,0.012246618047356606,0.4112558960914612,0.5695635676383972,0.009613072499632835,0.43060392141342163,0.5727138519287109,0.008215589448809624,0.4434698224067688,0.5810564756393433,0.007816954515874386,0.3866459131240845,0.6037659645080566,0.00035773549461737275,0.4214712977409363,0.5603537559509277,-0.0018073474057018757,0.4411866068840027,0.5688116550445557,-0.0024831374175846577,0.45299845933914185,0.5846002697944641,-0.0020746721420437098,0.3960142433643341,0.6190243363380432,-0.010630287230014801,0.42848432064056396,0.5820403099060059,-0.011234893463551998,0.4474107027053833,0.5911024808883667,-0.00949504878371954,0.45860719680786133,0.602852463722229,-0.008181598968803883,0.40721315145492554,0.6417904496192932,-0.0206020288169384,0.4312226474285126,0.6083396673202515,-0.01921794004738331,0.44522330164909363,0.603380024433136,-0.015752147883176804,0.4556850790977478,0.6020389795303345,-0.013244552537798882
0.3576600253582001,0.7083341479301453,7.060980067308265e-08,0.3664175570011139,0.6583669781684875,0.017117559909820557,0.37970924377441406,0.6218725442886353,0.021482408046722412,0.39631029963493347,0.6061998605728149,0.020872153341770172,0.41235682368278503,0.602370023727417,0.019497593864798546,0.3791807293891907,0.5977663397789001,0.013444327749311924,0.41096776723861694,0.5690178275108337,0.01145843230187893,0.4303731918334961,0.5727538466453552,0.010401994921267033,0.44332414865493774,0.5811647176742554,0.010136074386537075,0.38631775975227356,0.5999019742012024,0.0014368740376085043,0.421090692281723,0.558827817440033,2.444906931486912e-05,0.4408472180366516,0.5677406787872314,-0.00010915304301306605,0.45286667346954346,0.5832394361495972,0.000526272808201611,0.39566415548324585,0.6145381331443787,-0.00967254675924778,0.4282670021057129,0.5784538388252258,-0.009796548634767532,0.4475689232349396,0.5877597332000732,-0.007784900721162558,0.459148108959198,0.5995843410491943,-0.006388235837221146,0.40690603852272034,0.6372608542442322,-0.01972915604710579,0.4314839243888855,0.6040788292884827,-0.01805693656206131,0.44597068428993225,0.5997969508171082,-0.014394489116966724,0.45669007301330566,0.5990337133407593,-0.011777995154261589
0.35751742124557495,0.7092105150222778,3.615105370613492e-08,0.3660271167755127,0.6574700474739075,0.019894983619451523,0.3798504173755646,0.6196610331535339,0.025799473747611046,0.395763635635376,0.6025387644767761,0.025988630950450897,0.4111766517162323,0.5982759594917297,0.025321338325738907,0.3791843056678772,0.5952763557434082,0.018197735771536827,0.41122880578041077,0.5664975047111511,0.017998311668634415,0.4299648702144623,0.5724819898605347,0.017898112535476685,0.4425525963306427,0.5817243456840515,0.018087632954120636,0.38627856969833374,0.5985763072967529,0.005084605887532234,0.4214654862880707,0.5644478797912598,0.005721988622099161,0.43955519795417786,0.5767229199409485,0.006062833126634359,0.4500557482242584,0.592998206615448,0.0066305832006037235,0.3953998386859894,0.6128430366516113,-0.007046032231301069,0.4280722439289093,0.5798969268798828,-0.005301045253872871,0.4462601840496063,0.5895828604698181,-0.0030140222515910864,0.45728600025177,0.6017367243766785,-0.0018642758950591087,0.40672755241394043,0.6346002817153931,-0.01801278255879879,0.4315825402736664,0.6030044555664062,-0.015160552226006985,0.4469916820526123,0.598986804485321,-0.011350910179316998,0.4584304392337799,0.5990064740180969,-0.008842278271913528
0.35643595457077026,0.7057940363883972,6.186203904690046e-08,0.36388522386550903,0.653203010559082,0.01747817173600197,0.37765446305274963,0.6154141426086426,0.02179395966231823,0.3935694396495819,0.5990110635757446,0.020737944170832634,0.40942901372909546,0.5941991806030273,0.01882665976881981,0.37823086977005005,0.5908671021461487,0.013973514549434185,0.40957319736480713,0.5586728453636169,0.012308970093727112,0.4286171495914459,0.565543532371521,0.011731361970305443,0.44077765941619873,0.5771253108978271,0.01201094500720501,0.38582083582878113,0.5951753854751587,0.0016546244733035564,0.4209328889846802,0.5627977848052979,0.0009612151188775897,0.4394880533218384,0.575255274772644,0.0007260983111336827,0.44926631450653076,0.5922206044197083,0.001224919338710606,0.39515793323516846,0.6102040410041809,-0.009678062051534653,0.4276113510131836,0.576176106929779,-0.009182969108223915,0.44552692770957947,0.5871152281761169,-0.007251226343214512,0.45566946268081665,0.6021438241004944,-0.005744712892919779,0.4061743915081024,0.6332218647003174,-0.019969623535871506,0.4305112659931183,0.5987843871116638,-0.01833857223391533,0.4464826285839081,0.595841109752655,-0.014719869010150433,0.4582027792930603,0.5996220707893372,-0.011687977239489555
0.35725539922714233,0.7025023102760315,3.7901266125572874e-08,0.3644455373287201,0.6490601301193237,0.020091459155082703,0.37834131717681885,0.6110588908195496,0.025023572146892548,0.3933546245098114,0.5946316123008728,0.02411811798810959,0.40875476598739624,0.5893975496292114,0.02196357399225235,0.38042783737182617,0.5851109623908997,0.014301548711955547,0.4102358818054199,0.551425576210022,0.013575740158557892,0.4285382330417633,0.556869626045227,0.014045621268451214,0.4402843117713928,0.5682836174964905,0.015000099316239357,0.3869054913520813,0.5907632112503052,0.0005657313740812242,0.42311227321624756,0.5652592182159424,0.0003356773522682488,0.44042474031448364,0.5817990899085999,0.0009321433026343584,0.44872772693634033,0.5999947786331177,0.0019175425404682755,0.3950749635696411,0.6073464155197144,-0.011843844316899776,0.42821574211120605,0.5783960223197937,-0.011040467768907547,0.4460518956184387,0.5923416018486023,-0.008602488785982132,0.45569390058517456,0.6089732050895691,-0.006974205840379,0.4046515226364136,0.630217432975769,-0.022936804220080376,0.42895427346229553,0.5957531929016113,-0.021494917571544647,0.4451081156730652,0.5934565663337708,-0.017905710265040398,0.4568175673484802,0.5982242822647095,-0.015003859996795654
0.35586094856262207,0.7004494071006775,2.075713112503763e-08,0.36298611760139465,0.64791339635849,0.021086616441607475,0.3777264654636383,0.6111154556274414,0.026949193328619003,0.39272189140319824,0.5954878330230713,0.027009140700101852,0.4080233573913574,0.5906419157981873,0.02574796974658966,0.3810030519962311,0.5838643312454224,0.015539786778390408,0.4101056754589081,0.5500120520591736,0.015612175688147545,0.4279508590698242,0.5540241003036499,0.01664002612233162,0.4394375681877136,0.5645052790641785,0.017919238656759262,0.3877876400947571,0.5896122455596924,0.001752031734213233,0.4234594702720642,0.5675312876701355,0.0025054130237549543,0.4401209354400635,0.5833183526992798,0.003659914480522275,0.4480886161327362,0.6000940203666687,0.004863719921559095,0.3956018388271332,0.6069040298461914,-0.010639790445566177,0.42781221866607666,0.5806542038917542,-0.0095776142552495,0.44560256600379944,0.5929474234580994,-0.00700805289670825,0.45560911297798157,0.6078691482543945,-0.005337602458894253,0.404570996761322,0.6303290128707886,-0.02153778076171875,0.4286429286003113,0.597263753414154,-0.02027042955160141,0.4445071816444397,0.5952600836753845,-0.016617750748991966,0.4560638964176178,0.5996766686439514,-0.013567808084189892
0.3553481698036194,0.6986939907073975,3.4046976793433714e-08,0.3629952669143677,0.6462330222129822,0.019626373425126076,0.37745118141174316,0.6086662411689758,0.024818016216158867,0.3916427493095398,0.5933933258056641,0.02440595254302025,0.4062618613243103,0.5898261070251465,0.022771582007408142,0.3815053701400757,0.5816836357116699,0.015446439385414124,0.41051948070526123,0.5509710311889648,0.014850887469947338,0.4284450113773346,0.5574365258216858,0.01500494871288538,0.4400501251220703,0.5702650547027588,0.01571100950241089,0.38804829120635986,0.5874589085578918,0.0019955674652010202,0.42222240567207336,0.5637362003326416,0.001662984024733305,0.44004520773887634,0.578183114528656,0.0015634761657565832,0.4494002163410187,0.5957596302032471,0.002175120869651437,0.39557453989982605,0.604362428188324,-0.010249380953609943,0.42678648233413696,0.5756677389144897,-0.009724692441523075,0.44537732005119324,0.5868632197380066,-0.008002135902643204,0.45614275336265564,0.6020525097846985,-0.006681968457996845,0.40446171164512634,0.6281836032867432,-0.021187439560890198,0.4281150698661804,0.592681884765625,-0.019760364666581154,0.443747878074646,0.5891996026039124,-0.016138801351189613,0.4549824893474579,0.593356728553772,-0.013110722415149212
0.35405945777893066,0.6943039894104004,5.629035015886075e-08,0.3615903854370117,0.6437621116638184,0.01716872677206993,0.3768760859966278,0.6062865853309631,0.02105274610221386,0.3922900855541229,0.5911361575126648,0.019787685945630074,0.40757182240486145,0.5859427452087402,0.017734937369823456,0.3801637291908264,0.5823726654052734,0.011896301060914993,0.4107280671596527,0.5501096248626709,0.008663619868457317,0.4294571876525879,0.5611116290092468,0.007560323923826218,0.4409547746181488,0.5777425169944763,0.007972260937094688,0.38635730743408203,0.5886386632919312,-0.0005745082744397223,0.42057883739471436,0.5566874742507935,-0.0038019262719899416,0.4398931562900543,0.5707720518112183,-0.0042564840987324715,0.44946303963661194,0.5901733636856079,-0.0030919709242880344,0.39347636699676514,0.6045818328857422,-0.012109987437725067,0.42535656690597534,0.5699977278709412,-0.013875678181648254,0.4450420141220093,0.5814104080200195,-0.011710715480148792,0.4557534456253052,0.5984296202659607,-0.00920283142477274,0.40259119868278503,0.6281145811080933,-0.02250281348824501,0.42726391553878784,0.5915709137916565,-0.022234642878174782,0.44261547923088074,0.5904051661491394,-0.01825965940952301,0.4524892568588257,0.5977195501327515,-0.01444285549223423
0.3525131344795227,0.6940346956253052,6.567952937075461e-08,0.3608297109603882,0.6445333361625671,0.016797088086605072,0.3758690655231476,0.6085989475250244,0.019985225051641464,0.3923388123512268,0.5939001441001892,0.01809065416455269,0.4079713523387909,0.5896685123443604,0.015366612933576107,0.3787255883216858,0.5832840800285339,0.010392732918262482,0.4119913578033447,0.5544060468673706,0.007478221319615841,0.4308158755302429,0.565041184425354,0.006661378778517246,0.4423553943634033,0.5799485445022583,0.006949001457542181,0.38530775904655457,0.5880795121192932,-0.0020850382279604673,0.4211094379425049,0.5520439147949219,-0.004648315254598856,0.4404579997062683,0.5663793683052063,-0.004506450612097979,0.45016899704933167,0.5856979489326477,-0.0032514457125216722,0.3931204676628113,0.6039254665374756,-0.013545559719204903,0.4253638982772827,0.5675843954086304,-0.01480941567569971,0.4451756477355957,0.5817059874534607,-0.012236117385327816,0.4556078612804413,0.5993496775627136,-0.00987289473414421,0.4024559557437897,0.6279511451721191,-0.02393203414976597,0.42703020572662354,0.5919538736343384,-0.023609954863786697,0.44269248843193054,0.5917052626609802,-0.0198669396340847,0.45316627621650696,0.5980092883110046,-0.016568832099437714
0.353417307138443,0.6971373558044434,5.380674750199432e-08,0.36220112442970276,0.6475130319595337,0.01723022758960724,0.37734317779541016,0.6116818189620972,0.01978934183716774,0.3931857943534851,0.5977891683578491,0.01710771769285202,0.4083012044429779,0.5901614427566528,0.013749238103628159,0.38126063346862793,0.5882392525672913,0.007029175292700529,0.41410425305366516,0.5514311194419861,0.0018733622273430228,0.43283188343048096,0.5610084533691406,0.0010696853278204799,0.4432496428489685,0.5788949131965637,0.0024116206914186478,0.38671931624412537,0.5937287211418152,-0.005762321408838034,0.42167776823043823,0.5484697222709656,-0.009929892607033253,0.441037118434906,0.5604310631752014,-0.008192840032279491,0.44938787817955017,0.5808457136154175,-0.005005522631108761,0.3938141167163849,0.609695315361023,-0.017486952245235443,0.4260636568069458,0.5670963525772095,-0.01958340033888817,0.44574373960494995,0.5794963240623474,-0.015039728954434395,0.4546412229537964,0.5981701016426086,-0.010574699379503727,0.40264028310775757,0.6336174011230469,-0.028116531670093536,0.4277593791484833,0.5942463874816895,-0.028463151305913925,0.4439255893230438,0.5962411761283875,-0.02370724268257618,0.4532947242259979,0.6081477999687195,-0.018873563036322594
0.3527708053588867,0.7009350657463074,4.8367965632678533e-08,0.36157649755477905,0.6507947444915771,0.014345734380185604,0.376785546541214,0.6155657172203064,0.015858544036746025,0.3923311233520508,0.6016003489494324,0.012936145067214966,0.4065367579460144,0.594497799873352,0.00957263633608818,0.38152071833610535,0.594443142414093,0.0030548018403351307,0.4147585928440094,0.5531015992164612,-0.004169153980910778,0.433509886264801,0.5627134442329407,-0.0065714470110833645,0.44345104694366455,0.5807328820228577,-0.006133889313787222,0.3871402144432068,0.6003401875495911,-0.00826677680015564,0.42164650559425354,0.5499247908592224,-0.014871184714138508,0.4416573941707611,0.5621065497398376,-0.014972423203289509,0.45006728172302246,0.5829024910926819,-0.01284841075539589,0.3938732147216797,0.6162410378456116,-0.018606893718242645,0.4245780110359192,0.5649313926696777,-0.02295488864183426,0.44442957639694214,0.5762749910354614,-0.019976697862148285,0.45421871542930603,0.5951129794120789,-0.0162860918790102,0.40229538083076477,0.6406233906745911,-0.027954256162047386,0.42664313316345215,0.6003198623657227,-0.03024248220026493,0.44316625595092773,0.5971719026565552,-0.027223654091358185,0.45376068353652954,0.603398859500885,-0.023595860227942467
0.35206589102745056,0.7029229402542114,5.291720839295522e-08,0.35960084199905396,0.6524272561073303,0.015357531607151031,0.3731060028076172,0.6171786785125732,0.017903713509440422,0.3882058560848236,0.6027469635009766,0.01601349376142025,0.40248358249664307,0.5980488061904907,0.013501999899744987,0.38030317425727844,0.5939539670944214,0.005187313072383404,0.4142903685569763,0.5590500235557556,-0.0009638117626309395,0.4339469075202942,0.566568911075592,-0.0029525302816182375,0.4447087347507477,0.5831506252288818,-0.002652263268828392,0.38789424300193787,0.6005687713623047,-0.006400544196367264,0.4221296012401581,0.5509012937545776,-0.01306791603565216,0.44285058975219727,0.5597635507583618,-0.013532057404518127,0.4519132673740387,0.5792105793952942,-0.011756142601370811,0.39534854888916016,0.6171501278877258,-0.016973769292235374,0.42529815435409546,0.5645002126693726,-0.021880151703953743,0.4455261528491974,0.5728437304496765,-0.01988646388053894,0.4562796354293823,0.5892500281333923,-0.01689351350069046,0.40411797165870667,0.643025815486908,-0.026363471522927284,0.42916977405548096,0.6029322147369385,-0.02968330681324005,0.4455440044403076,0.5979556441307068,-0.027788028120994568,0.4564130902290344,0.6014866232872009,-0.024953657761216164
0.35265254974365234,0.7046626210212708,6.415451991870214e-08,0.3593469560146332,0.6533781886100769,0.013739973306655884,0.3726862072944641,0.6174700856208801,0.015601631253957748,0.3875872492790222,0.6022037863731384,0.013293331488966942,0.40181809663772583,0.5972977876663208,0.01050102710723877,0.3809347152709961,0.5950537919998169,0.0040982868522405624,0.4144376516342163,0.558074951171875,-0.002697904361411929,0.4342306852340698,0.5647452473640442,-0.005355300381779671,0.4454350769519806,0.5805132985115051,-0.005530586466193199,0.3886301815509796,0.601678192615509,-0.00688452273607254,0.4227823317050934,0.551125705242157,-0.013906113803386688,0.443640798330307,0.559283435344696,-0.014855200424790382,0.4534306526184082,0.5780645608901978,-0.013448726385831833,0.3963426649570465,0.618482768535614,-0.017010321840643883,0.42596229910850525,0.565133273601532,-0.022095482796430588,0.44602736830711365,0.5727963447570801,-0.020303046330809593,0.4575994610786438,0.5883806943893433,-0.017497273162007332,0.40519192814826965,0.6448776125907898,-0.026143062859773636,0.42931821942329407,0.6047551035881042,-0.02951226197183132,0.4452763497829437,0.5988805294036865,-0.02765248902142048,0.45654454827308655,0.6014326214790344,-0.02488056756556034
0.3529609441757202,0.7069787383079529,7.943557989165129e-08,0.35921111702919006,0.6553077697753906,0.0131477490067482,0.3723396062850952,0.6183761358261108,0.014637011103332043,0.3876638114452362,0.6022089719772339,0.012190473265945911,0.402271032333374,0.5980993509292603,0.009220818988978863,0.3804905414581299,0.5967249274253845,0.002699968870729208,0.41476136445999146,0.5595573782920837,-0.003971934784203768,0.4346809685230255,0.5648464560508728,-0.006457442883402109,0.4465775489807129,0.5794867277145386,-0.0066763609647750854,0.3886473476886749,0.6042916774749756,-0.007880260236561298,0.42339348793029785,0.5525873303413391,-0.015041005797684193,0.4442521929740906,0.5571914315223694,-0.01623632200062275,0.4552212357521057,0.57306969165802,-0.015149391256272793,0.3970472514629364,0.6215814352035522,-0.01750973053276539,0.4271153211593628,0.5679724812507629,-0.0225824024528265,0.4475170373916626,0.5721189975738525,-0.021466229110956192,0.4602915644645691,0.5842938423156738,-0.019299879670143127,0.40611037611961365,0.6478776335716248,-0.02613615058362484,0.4303430914878845,0.6072949171066284,-0.029266871511936188,0.4461432695388794,0.5997802019119263,-0.027666734531521797,0.4580972194671631,0.6002687215805054,-0.02526702545583248
0.3516637682914734,0.7072866559028625,9.098962294729063e-08,0.3589766323566437,0.6545746922492981,0.01283329352736473,0.3726850152015686,0.6178818345069885,0.013936184346675873,0.38832738995552063,0.6021414995193481,0.011183738708496094,0.40340283513069153,0.5990636348724365,0.007945078425109386,0.3822394013404846,0.5951796174049377,0.002027312060818076,0.4175146818161011,0.560535728931427,-0.00493036350235343,0.43723440170288086,0.5672174692153931,-0.007568265311419964,0.44909951090812683,0.5820170044898987,-0.00800973828881979,0.389955073595047,0.6039034724235535,-0.0087495232000947,0.4258211851119995,0.553774356842041,-0.016402054578065872,0.44715800881385803,0.5573987364768982,-0.017858223989605904,0.45887598395347595,0.5716099143028259,-0.01694810949265957,0.3977455496788025,0.6228001713752747,-0.01858421415090561,0.4287450909614563,0.5703696608543396,-0.024316351860761642,0.44996124505996704,0.5727498531341553,-0.023386532440781593,0.4636234939098358,0.5825393795967102,-0.021211886778473854,0.40606316924095154,0.6513608694076538,-0.027403229847550392,0.43114855885505676,0.6108537316322327,-0.03101569600403309,0.4475170075893402,0.6023843884468079,-0.029435301199555397,0.4601970911026001,0.6014522910118103,-0.026969291269779205
0.349784255027771,0.7057260870933533,9.418822344287037e-08,0.35882407426834106,0.6527923345565796,0.013237876817584038,0.3735731244087219,0.6156874895095825,0.014348788186907768,0.39040759205818176,0.6010059118270874,0.01150184404104948,0.40647149085998535,0.6000393033027649,0.007959768176078796,0.38328999280929565,0.5917875170707703,0.0027069244533777237,0.4204142987728119,0.564109206199646,-0.003555246163159609,0.4402695298194885,0.5715232491493225,-0.006152805406600237,0.4523791968822479,0.5856186747550964,-0.006850158795714378,0.3911098539829254,0.6023818850517273,-0.008368439972400665,0.42954108119010925,0.5586100220680237,-0.015014535747468472,0.45086413621902466,0.5636959075927734,-0.0163823701441288,0.4626002311706543,0.5781720280647278,-0.01570991240441799,0.3987327814102173,0.6233413219451904,-0.018422402441501617,0.432578980922699,0.5750622749328613,-0.023283813148736954,0.4537314772605896,0.5781751871109009,-0.022160876542329788,0.46726134419441223,0.5881261229515076,-0.02020220458507538,0.40680041909217834,0.6537989377975464,-0.02743697352707386,0.43299901485443115,0.6145973801612854,-0.030373526737093925,0.44934213161468506,0.6067144274711609,-0.02835400030016899,0.46201783418655396,0.6059281229972839,-0.025758108124136925
0.34985554218292236,0.7008231282234192,9.094240027707201e-08,0.3595970571041107,0.6484623551368713,0.016495829448103905,0.3725449740886688,0.6132993698120117,0.01900806836783886,0.3879995346069336,0.5981261134147644,0.01682335138320923,0.40247753262519836,0.5977374315261841,0.0136253722012043,0.3819078803062439,0.589625358581543,0.006674338132143021,0.4188947081565857,0.5632345676422119,0.0021558364387601614,0.4395042359828949,0.568881630897522,0.0008280149777419865,0.4523243308067322,0.5814324617385864,0.0007294475799426436,0.39023280143737793,0.5992127060890198,-0.00579297449439764,0.42865946888923645,0.5560728311538696,-0.011390041559934616,0.44930437207221985,0.5614401698112488,-0.011579531244933605,0.460358202457428,0.57611483335495,-0.010154989548027515,0.3979930281639099,0.6187806129455566,-0.01709456741809845,0.431936651468277,0.5710157752037048,-0.020736567676067352,0.4524401128292084,0.5741592645645142,-0.01827920414507389,0.4656759202480316,0.5838356018066406,-0.015618881210684776,0.4062577188014984,0.6480635404586792,-0.027201218530535698,0.4328922629356384,0.6084296107292175,-0.029373150318861008,0.44933488965034485,0.5997992157936096,-0.02673560567200184,0.4625459611415863,0.5977824926376343,-0.02380981482565403
0.3494871258735657,0.6973875164985657,8.941001539142235e-08,0.36142879724502563,0.6453841328620911,0.018212199211120605,0.37480872869491577,0.6101936101913452,0.02091856859624386,0.3908165991306305,0.5973793864250183,0.018522605299949646,0.4056675434112549,0.5978244543075562,0.015151649713516235,0.3811908960342407,0.5851019024848938,0.00803710613399744,0.41950055956840515,0.5612227320671082,0.004743211902678013,0.4387151896953583,0.5689142346382141,0.004452729597687721,0.44990062713623047,0.5840290784835815,0.0051141344010829926,0.38922205567359924,0.5940691828727722,-0.005208727903664112,0.4286918044090271,0.5531315207481384,-0.008864197880029678,0.4485647678375244,0.5604632496833801,-0.007443486247211695,0.45822665095329285,0.5775311589241028,-0.004979177378118038,0.3970518112182617,0.6134710907936096,-0.0170955341309309,0.43243998289108276,0.5691304802894592,-0.018489304929971695,0.4513680338859558,0.577175498008728,-0.013818052597343922,0.46182557940483093,0.5916865468025208,-0.009906206279993057,0.4052429497241974,0.6417455673217773,-0.0277887973934412,0.43037763237953186,0.601509690284729,-0.027963558211922646,0.4453820288181305,0.5967066884040833,-0.02344907820224762,0.45641911029815674,0.6000311374664307,-0.019183527678251266
0.3494858741760254,0.6974307298660278,4.421981714131107e-08,0.362704873085022,0.6522829532623291,0.019510850310325623,0.378968209028244,0.616739809513092,0.023770030587911606,0.3963406980037689,0.6046821475028992,0.022877834737300873,0.41133156418800354,0.6029489040374756,0.021210359409451485,0.384625107049942,0.5838961601257324,0.00987192615866661,0.4217153489589691,0.5610391497612,0.007748415227979422,0.4394857585430145,0.5736967325210571,0.008253771811723709,0.4494585394859314,0.5922090411186218,0.009468846023082733,0.39098647236824036,0.5910177826881409,-0.0037000055890530348,0.43073588609695435,0.55194091796875,-0.006187851075083017,0.4504622220993042,0.5639461278915405,-0.004160600248724222,0.45928648114204407,0.5841794610023499,-0.001330309547483921,0.39772969484329224,0.6103275418281555,-0.015872260555624962,0.43352508544921875,0.5701070427894592,-0.01676853932440281,0.4522983729839325,0.5839998126029968,-0.012054391205310822,0.46083155274391174,0.6023265719413757,-0.008167792111635208,0.4053404629230499,0.6384481191635132,-0.02670391835272312,0.43126147985458374,0.6005938649177551,-0.026519957929849625,0.44631534814834595,0.6001057624816895,-0.02209896594285965,0.45562002062797546,0.6077350974082947,-0.018065419048070908
0.3496098220348358,0.6958224177360535,4.1373301229441495e-08,0.3636467158794403,0.6477763056755066,0.020392799749970436,0.3795384168624878,0.6119863986968994,0.0245499387383461,0.3965857923030853,0.6012635827064514,0.023135732859373093,0.4108951985836029,0.6006796360015869,0.02071748673915863,0.38507550954818726,0.5807418823242188,0.010372372344136238,0.42388004064559937,0.558817446231842,0.008325389586389065,0.4411776065826416,0.5747789740562439,0.008759008720517159,0.44980597496032715,0.5955816507339478,0.009972820989787579,0.39183107018470764,0.5885167121887207,-0.0036682290956377983,0.4335651695728302,0.5534877777099609,-0.005522353574633598,0.4525412321090698,0.5703869462013245,-0.0034020773600786924,0.45948028564453125,0.5931763052940369,-0.0005727094830945134,0.39858296513557434,0.6079726219177246,-0.016170751303434372,0.4356878995895386,0.5678955912590027,-0.01635829359292984,0.4538046419620514,0.5857288241386414,-0.011156218126416206,0.46081361174583435,0.6068207025527954,-0.007018467877060175,0.40561094880104065,0.635951578617096,-0.027295270934700966,0.4316547214984894,0.5981015563011169,-0.026780661195516586,0.4461677670478821,0.6001729369163513,-0.02182029001414776,0.4542754888534546,0.6099599003791809,-0.017307450994849205
0.34875839948654175,0.6997206807136536,4.838882716740045e-08,0.36344996094703674,0.6535235047340393,0.016714878380298615,0.3812594413757324,0.6178391575813293,0.019972089678049088,0.3989328145980835,0.6057140827178955,0.018888797610998154,0.4142427444458008,0.605394184589386,0.017177531495690346,0.3876853883266449,0.5865528583526611,0.005725434981286526,0.42549851536750793,0.5616554617881775,0.002714417176321149,0.4430382549762726,0.575281023979187,0.0030628135427832603,0.4531283974647522,0.593636155128479,0.0044183810241520405,0.39396607875823975,0.5955950617790222,-0.006049414165318012,0.43371278047561646,0.5571535229682922,-0.008797524496912956,0.4530976116657257,0.5692905187606812,-0.006811341270804405,0.4620274603366852,0.5888082981109619,-0.0039222389459609985,0.39998888969421387,0.6160548329353333,-0.016395384445786476,0.4348340630531311,0.5753456354141235,-0.017677046358585358,0.4532666504383087,0.5889203548431396,-0.013052303344011307,0.46237748861312866,0.6069947481155396,-0.008938967250287533,0.4060074985027313,0.6448076963424683,-0.025523461401462555,0.4301533102989197,0.6059173941612244,-0.025303617119789124,0.4446970820426941,0.6037883758544922,-0.02063092775642872,0.45415544509887695,0.6098592877388,-0.01617724820971489
0.3487638235092163,0.701933741569519,5.810861836152981e-08,0.37058258056640625,0.6646599769592285,0.017004184424877167,0.39090225100517273,0.6300837993621826,0.021375585347414017,0.4072742760181427,0.6140135526657104,0.02112683467566967,0.4226469099521637,0.6053990721702576,0.020892325788736343,0.38947609066963196,0.5898408889770508,0.010872037149965763,0.42672058939933777,0.5647756457328796,0.009067004546523094,0.4441012144088745,0.5793846249580383,0.009751025587320328,0.4542688727378845,0.5991036891937256,0.011185006238520145,0.39256882667541504,0.5919072031974792,-0.0012997342273592949,0.43209683895111084,0.5481976866722107,-0.003896021284162998,0.4522845447063446,0.5611677169799805,-0.002507321070879698,0.4619796574115753,0.5837264060974121,8.910022734198719e-05,0.39843055605888367,0.6085572242736816,-0.012442429549992085,0.4342200458049774,0.5679489970207214,-0.0138678764924407,0.4531918466091156,0.5864952802658081,-0.010708119720220566,0.4622948169708252,0.6086631417274475,-0.007604685612022877,0.4064130187034607,0.6356335282325745,-0.022462615743279457,0.4307491183280945,0.5972409248352051,-0.021940618753433228,0.4443873465061188,0.6004505753517151,-0.017962684854865074,0.45258617401123047,0.6131988167762756,-0.014311742968857288
0.3516387343406677,0.7008917331695557,3.7490959670094526e-08,0.37145575881004333,0.6551778316497803,0.019475430250167847,0.39149439334869385,0.6188701391220093,0.024175848811864853,0.4082985520362854,0.6042370200157166,0.023874349892139435,0.4227432906627655,0.5938100814819336,0.023274272680282593,0.3898064196109772,0.5851640105247498,0.010924695059657097,0.4284667670726776,0.5569756627082825,0.00879431888461113,0.44447290897369385,0.5761280059814453,0.00895371288061142,0.4525863230228424,0.5996412038803101,0.01021869108080864,0.3929840326309204,0.5874584317207336,-0.0019660452380776405,0.43419262766838074,0.540603518486023,-0.004308804869651794,0.45343315601348877,0.5572876930236816,-0.003353343578055501,0.4614143669605255,0.582461416721344,-0.0011835311306640506,0.39875343441963196,0.6039099097251892,-0.013384643010795116,0.43432796001434326,0.5561680197715759,-0.013531815260648727,0.4521997570991516,0.5777193307876587,-0.010219160467386246,0.4598254859447479,0.602962076663971,-0.007636331021785736,0.40639618039131165,0.6298104524612427,-0.023437337949872017,0.42860305309295654,0.5906364917755127,-0.021890001371502876,0.4398098289966583,0.5955801010131836,-0.017646778374910355,0.4462685286998749,0.6102402806282043,-0.014191357418894768
0.3520181477069855,0.696832001209259,4.6790731289547693e-08,0.3716764450073242,0.65594881772995,0.01240878738462925,0.3934439718723297,0.6158029437065125,0.015284703113138676,0.41236600279808044,0.5966265797615051,0.014449991285800934,0.4277113676071167,0.585222601890564,0.01378636248409748,0.3895980715751648,0.5795646905899048,0.0058059487491846085,0.4295029938220978,0.5491100549697876,0.0014997522812336683,0.4470534920692444,0.5696290135383606,-0.00018397680833004415,0.4558373987674713,0.5922033190727234,-0.00022030220134183764,0.39363810420036316,0.5827375054359436,-0.003678541397675872,0.43660324811935425,0.5408046245574951,-0.006839265115559101,0.4566822946071625,0.5607251524925232,-0.007516687270253897,0.4656141698360443,0.5849831104278564,-0.0071323467418551445,0.400114506483078,0.5995510220527649,-0.012403191067278385,0.4356589913368225,0.5566155910491943,-0.01390794012695551,0.45509886741638184,0.578369677066803,-0.012981229461729527,0.46398666501045227,0.6030219793319702,-0.012279476039111614,0.4080961048603058,0.6246283650398254,-0.020362311974167824,0.43084025382995605,0.5867684483528137,-0.020168764516711235,0.44380784034729004,0.5938900709152222,-0.017857762053608894,0.45169442892074585,0.6103264093399048,-0.016098199412226677
0.34970563650131226,0.6902738213539124,-1.8545907920497484e-08,0.36804407835006714,0.6405107975006104,0.0222272127866745,0.3877326548099518,0.6038044691085815,0.028023984283208847,0.405866801738739,0.5921877026557922,0.026919133961200714,0.42121967673301697,0.5864422917366028,0.02480323612689972,0.388776570558548,0.5720336437225342,0.01751968264579773,0.42820265889167786,0.545901358127594,0.013965939171612263,0.44583189487457275,0.5675773024559021,0.012502347119152546,0.45357972383499146,0.5917675495147705,0.012757771648466587,0.39407777786254883,0.5769716501235962,0.0018824260914698243,0.43767812848091125,0.5417259335517883,-0.001022729673422873,0.4559154808521271,0.5685520768165588,-0.0013615156058222055,0.4606564939022064,0.5970763564109802,-0.0001251465146197006,0.40143442153930664,0.5941349267959595,-0.012732883915305138,0.43920183181762695,0.5517319440841675,-0.013811045326292515,0.4571770131587982,0.5777555704116821,-0.010875399224460125,0.46293675899505615,0.6043850779533386,-0.008148351684212685,0.40998780727386475,0.6203436255455017,-0.02599618025124073,0.43589848279953003,0.5795046091079712,-0.025565622374415398,0.4491685926914215,0.5871195197105408,-0.021429726853966713,0.455122172832489,0.6040592789649963,-0.01781478337943554
0.3520475924015045,0.6932976245880127,4.176113233000933e-09,0.3699685037136078,0.6399505138397217,0.01971849612891674,0.3884488046169281,0.6013429164886475,0.025752408429980278,0.4047107696533203,0.5867823362350464,0.02571192942559719,0.41929787397384644,0.5806174278259277,0.025245917961001396,0.3885461091995239,0.5680075287818909,0.02138436771929264,0.4233050048351288,0.5435497760772705,0.01955811306834221,0.441602885723114,0.5589673519134521,0.01767648570239544,0.4509980380535126,0.5786511301994324,0.017178712412714958,0.39475420117378235,0.5741530060768127,0.007929656654596329,0.4321954846382141,0.5461766719818115,0.00699065113440156,0.45031851530075073,0.5664993524551392,0.005344700068235397,0.4572293758392334,0.5905849933624268,0.005054618697613478,0.4020537734031677,0.5906504392623901,-0.0049550775438547134,0.4351249039173126,0.5573806166648865,-0.003983627073466778,0.45339974761009216,0.5750061869621277,-0.002762316260486841,0.46185237169265747,0.597091555595398,-0.0018578000599518418,0.41085490584373474,0.615153431892395,-0.016827324405312538,0.43459904193878174,0.5821778178215027,-0.014245301485061646,0.4479532837867737,0.5861617922782898,-0.010464782826602459,0.45528048276901245,0.5987141728401184,-0.007540598977357149
0.3533245027065277,0.6957646608352661,1.1391716014941267e-08,0.3694377839565277,0.6431409120559692,0.018016109243035316,0.3873123228549957,0.6056991815567017,0.02341177687048912,0.40248939394950867,0.5909654498100281,0.023211335763335228,0.41611582040786743,0.582909882068634,0.0225932989269495,0.38819047808647156,0.5752520561218262,0.019340243190526962,0.42066922783851624,0.551227867603302,0.016654400154948235,0.4392091631889343,0.5663719773292542,0.014034684747457504,0.4500003755092621,0.584923267364502,0.012962943874299526,0.39358416199684143,0.5807172060012817,0.006321379914879799,0.4287366569042206,0.5514439344406128,0.0036198552697896957,0.4481858015060425,0.5704847574234009,0.0007708767079748213,0.45710399746894836,0.5946366786956787,-6.083434709580615e-05,0.4003869295120239,0.5959402918815613,-0.006168259307742119,0.4298105537891388,0.5596607327461243,-0.006943088956177235,0.44834402203559875,0.5756428837776184,-0.006523491814732552,0.4580211937427521,0.5966314077377319,-0.005820587743073702,0.4092123806476593,0.6191027164459229,-0.01771138235926628,0.42870455980300903,0.5817884206771851,-0.016638537868857384,0.4408610165119171,0.5818561911582947,-0.013573477044701576,0.44863584637641907,0.5917003750801086,-0.01098773442208767
0.3541906476020813,0.6940070390701294,3.573208928742133e-08,0.36996129155158997,0.646433413028717,0.018991924822330475,0.38887646794319153,0.6104182004928589,0.024527015164494514,0.4054091274738312,0.5961254239082336,0.024410687386989594,0.41912567615509033,0.5892804861068726,0.023369234055280685,0.3901634216308594,0.5784524083137512,0.017951417714357376,0.4247867166996002,0.5606276988983154,0.016726335510611534,0.44431787729263306,0.5725601315498352,0.015382670797407627,0.45653173327445984,0.5868867039680481,0.01492963545024395,0.39435380697250366,0.5848949551582336,0.004515763837844133,0.4322357177734375,0.5604433417320251,0.002987929154187441,0.45195862650871277,0.577558696269989,0.001372492522932589,0.46104511618614197,0.5992025136947632,0.0012121262261644006,0.40023598074913025,0.6012906432151794,-0.008012345992028713,0.43220359086990356,0.5673179030418396,-0.008439373224973679,0.45137521624565125,0.5822439193725586,-0.007512067444622517,0.46081191301345825,0.6016882658004761,-0.006495196837931871,0.4082240164279938,0.6256308555603027,-0.019353965297341347,0.4304587244987488,0.5892230272293091,-0.018178660422563553,0.44379401206970215,0.591103196144104,-0.014696773141622543,0.45138105750083923,0.6022802591323853,-0.011841063387691975
0.3524780869483948,0.6912200450897217,6.251738682294672e-08,0.369480699300766,0.6436580419540405,0.01773972250521183,0.3891429901123047,0.6108347773551941,0.02211657352745533,0.4059758484363556,0.6003778576850891,0.021141676232218742,0.41985252499580383,0.5973280668258667,0.01907888427376747,0.39093083143234253,0.5813105702400208,0.014900663867592812,0.4264763295650482,0.5668472647666931,0.012829825282096863,0.44623181223869324,0.5781540274620056,0.01097960490733385,0.4586023688316345,0.5918174982070923,0.01007643062621355,0.3952702581882477,0.5883135199546814,0.0019409852102398872,0.4337116479873657,0.5660780668258667,-0.00011571869981708005,0.4540911614894867,0.5820475816726685,-0.0019452115520834923,0.4636995792388916,0.6018845438957214,-0.0024224587250500917,0.40057826042175293,0.6053667068481445,-0.010045336559414864,0.4335419833660126,0.5713481903076172,-0.011130270548164845,0.45305708050727844,0.5861417651176453,-0.010258075781166553,0.46249672770500183,0.6042231917381287,-0.009295807220041752,0.40730810165405273,0.6306540369987488,-0.02085205912590027,0.4298621714115143,0.5941222310066223,-0.020553693175315857,0.4426531493663788,0.5948916077613831,-0.017208101227879524,0.4493372440338135,0.6036273241043091,-0.014374072663486004
0.3512342572212219,0.6878706812858582,9.191516880946438e-08,0.36886104941368103,0.6397243142127991,0.015915222465991974,0.38817325234413147,0.6077389121055603,0.019665537402033806,0.4040515720844269,0.5970723032951355,0.018503990024328232,0.417346328496933,0.5918135046958923,0.016545778140425682,0.3900894820690155,0.5808553695678711,0.01373940147459507,0.42429256439208984,0.5649245977401733,0.010622048750519753,0.4447559118270874,0.5741758346557617,0.007895800285041332,0.4588470757007599,0.5864624977111816,0.0063373674638569355,0.3944823145866394,0.5882589221000671,0.0014361997600644827,0.43123969435691833,0.56585294008255,-0.0016145803965628147,0.45269352197647095,0.5790194272994995,-0.0041037932969629765,0.46492382884025574,0.5965381264686584,-0.005122967064380646,0.3994075655937195,0.6046288013458252,-0.010176478885114193,0.4307212233543396,0.5701181888580322,-0.01200712751597166,0.45119327306747437,0.5811861157417297,-0.011621757410466671,0.4637030363082886,0.5963022112846375,-0.011152027174830437,0.4060214161872864,0.6286719441413879,-0.020827239379286766,0.4258398711681366,0.5906407833099365,-0.021612288430333138,0.43838196992874146,0.5865704417228699,-0.019236469641327858,0.44708606600761414,0.590614378452301,-0.017064521089196205
0.3518306016921997,0.688776969909668,7.814898594915576e-08,0.36817383766174316,0.6421368718147278,0.015668144449591637,0.3876778781414032,0.6087676286697388,0.020651793107390404,0.4030418395996094,0.5964319109916687,0.02097347006201744,0.4158015549182892,0.5910140872001648,0.020757151767611504,0.38909587264060974,0.5799115896224976,0.01670042797923088,0.422169953584671,0.5635268688201904,0.015277537517249584,0.44183292984962463,0.5695821642875671,0.013457998633384705,0.45481646060943604,0.578615665435791,0.012375961057841778,0.3939935863018036,0.5867480039596558,0.005340695846825838,0.42803022265434265,0.5629004836082458,0.003954527899622917,0.44746172428131104,0.5735599994659424,0.0017894061747938395,0.45820578932762146,0.5885431170463562,0.0008173994719982147,0.39935994148254395,0.6024295687675476,-0.005432431120425463,0.4276138246059418,0.5687129497528076,-0.0061401184648275375,0.4451264441013336,0.5776494741439819,-0.005969181656837463,0.4551960825920105,0.5911424160003662,-0.005820547230541706,0.40637096762657166,0.6258568167686462,-0.015258892439305782,0.42421555519104004,0.5888862609863281,-0.015213552862405777,0.43513351678848267,0.586624026298523,-0.012832491658627987,0.44231197237968445,0.5924417972564697,-0.010804549790918827
0.35163217782974243,0.6853170394897461,7.309208882588791e-08,0.3683297634124756,0.6368383765220642,0.015523250214755535,0.3871656656265259,0.6058381199836731,0.0198728758841753,0.40274956822395325,0.5960124135017395,0.019400600343942642,0.4155758023262024,0.5920931100845337,0.018309831619262695,0.3903939127922058,0.5799744129180908,0.016545046120882034,0.4228956997394562,0.5628311038017273,0.014509981498122215,0.4424164593219757,0.5691418647766113,0.01267011184245348,0.45477724075317383,0.5797242522239685,0.011872018687427044,0.39578109979629517,0.5856375694274902,0.004989062901586294,0.43007245659828186,0.5616726875305176,0.0028826575726270676,0.4488908350467682,0.5733947157859802,0.0010866879019886255,0.4582703709602356,0.5903788805007935,0.0010617226362228394,0.4016379415988922,0.601182222366333,-0.006024595815688372,0.4302496612071991,0.5660539269447327,-0.007050985936075449,0.4478321969509125,0.575797975063324,-0.005794744938611984,0.4575868248939514,0.5904353857040405,-0.004280378110706806,0.4083450734615326,0.6253819465637207,-0.0161758940666914,0.42562612891197205,0.5872505307197571,-0.01667356863617897,0.43751007318496704,0.5825609564781189,-0.014069589786231518,0.445766806602478,0.5863687992095947,-0.011325479485094547
0.3528621196746826,0.6829208731651306,4.069120507210755e-08,0.36956894397735596,0.6384769082069397,0.01812976785004139,0.38846972584724426,0.6078669428825378,0.0232846699655056,0.4034790098667145,0.5978438854217529,0.02318263240158558,0.41648373007774353,0.5943571925163269,0.022277964279055595,0.39052772521972656,0.5792222619056702,0.015387113206088543,0.42728668451309204,0.5636097192764282,0.014348198659718037,0.44453728199005127,0.5771874785423279,0.013975384645164013,0.45303741097450256,0.5940117239952087,0.01426772028207779,0.3963087201118469,0.5847750902175903,0.0027102103922516108,0.4358181357383728,0.5593804121017456,0.0010606080759316683,0.45335766673088074,0.5773187279701233,0.00025673076743260026,0.4589347839355469,0.5991681218147278,0.0010029636323451996,0.40280380845069885,0.6010006666183472,-0.008929350413382053,0.4353906512260437,0.5631080865859985,-0.00973188690841198,0.45124366879463196,0.5806325078010559,-0.008241334930062294,0.4568837881088257,0.601181149482727,-0.006606325041502714,0.4102752208709717,0.6259658336639404,-0.01930822618305683,0.42918136715888977,0.5862828493118286,-0.020115453749895096,0.44102713465690613,0.5879499316215515,-0.017793046310544014,0.44742706418037415,0.5991601943969727,-0.015311257913708687
0.35426628589630127,0.6817259192466736,1.5898329763786023e-08,0.3720858693122864,0.6392039060592651,0.020890627056360245,0.39078226685523987,0.607453465461731,0.026397885754704475,0.4065342843532562,0.5961013436317444,0.02578471228480339,0.4199068248271942,0.5925654172897339,0.024103576317429543,0.391213059425354,0.5735224485397339,0.016693348065018654,0.4295426607131958,0.5595329403877258,0.01649988628923893,0.44520196318626404,0.577961802482605,0.016489988192915916,0.45224449038505554,0.5989776849746704,0.016682177782058716,0.39651867747306824,0.578396201133728,0.0022137623745948076,0.43719008564949036,0.5542306900024414,0.0019085481762886047,0.4544413089752197,0.5734003782272339,0.0015924713807180524,0.45996877551078796,0.5945295691490173,0.001961749279871583,0.40296801924705505,0.5951893925666809,-0.010937732644379139,0.4373297691345215,0.5544800758361816,-0.010824183002114296,0.4527648985385895,0.574974000453949,-0.008676894940435886,0.4574700593948364,0.5963225960731506,-0.0071962010115385056,0.410702109336853,0.6201397180557251,-0.022639712318778038,0.43238022923469543,0.5797444581985474,-0.023019105195999146,0.44417518377304077,0.5855564475059509,-0.020025083795189857,0.44964098930358887,0.6002240180969238,-0.01739252358675003
0.35524481534957886,0.6819928288459778,-3.7692071686024065e-10,0.3745049238204956,0.6418290734291077,0.020835334435105324,0.39363378286361694,0.6081022024154663,0.02681823819875717,0.4095431864261627,0.5959290266036987,0.026838500052690506,0.42270877957344055,0.5915785431861877,0.025852039456367493,0.39390435814857483,0.5735891461372375,0.01630064845085144,0.4320650100708008,0.5571836829185486,0.016218043863773346,0.4481317400932312,0.5747893452644348,0.016510240733623505,0.45567989349365234,0.5944203734397888,0.016931874677538872,0.39774712920188904,0.5768782496452332,0.002108250977471471,0.4392041265964508,0.5543360114097595,0.0017957044765353203,0.4561193883419037,0.575519859790802,0.001732482691295445,0.46121805906295776,0.597594678401947,0.0023522316478192806,0.403523713350296,0.5928484201431274,-0.010760544799268246,0.43825775384902954,0.5548500418663025,-0.010641551576554775,0.45340272784233093,0.5768893361091614,-0.008888321928679943,0.45768600702285767,0.5990459322929382,-0.007721317932009697,0.41119229793548584,0.6171523332595825,-0.022162117063999176,0.4331076741218567,0.5795784592628479,-0.022898104041814804,0.4441848397254944,0.5861616730690002,-0.0205911323428154,0.4487447738647461,0.6013569235801697,-0.0184951052069664
0.35558921098709106,0.6815798878669739,4.6341678938688347e-08,0.3752500116825104,0.6430127620697021,0.016725817695260048,0.39498817920684814,0.6096558570861816,0.021077746525406837,0.41156646609306335,0.5973954796791077,0.020657390356063843,0.4246731996536255,0.5926583409309387,0.019667314365506172,0.3943835198879242,0.572995126247406,0.013081563636660576,0.43230780959129333,0.5578070878982544,0.012526769191026688,0.44847336411476135,0.5744883418083191,0.012076525017619133,0.456416517496109,0.5934717059135437,0.01203963439911604,0.3977692723274231,0.575616180896759,0.0014237319119274616,0.43925750255584717,0.5518008470535278,0.0010996190831065178,0.4567597806453705,0.5698503851890564,0.0006583717768080533,0.46326354146003723,0.5902143120765686,0.000961716694291681,0.4031798243522644,0.5912055373191833,-0.00909062847495079,0.4382052719593048,0.5528905987739563,-0.009007090702652931,0.45453038811683655,0.5712551474571228,-0.007553994655609131,0.4603961110115051,0.5917593240737915,-0.006552249193191528,0.4104178547859192,0.6162455677986145,-0.018386274576187134,0.43404150009155273,0.5811232924461365,-0.018066121265292168,0.44544240832328796,0.5873416066169739,-0.014814024791121483,0.4504413306713104,0.6010437607765198,-0.012051614932715893
0.35751256346702576,0.6745265126228333,4.1668887007517696e-08,0.3741212785243988,0.6282803416252136,0.017651090398430824,0.39278942346572876,0.5949834585189819,0.022431600838899612,0.40936753153800964,0.5862009525299072,0.022120574489235878,0.4222361147403717,0.5859329104423523,0.02095494046807289,0.39419665932655334,0.5632928609848022,0.013518053106963634,0.43173283338546753,0.5498358011245728,0.012130700051784515,0.4497303366661072,0.5657713413238525,0.011291484348475933,0.45902636647224426,0.5826031565666199,0.011161190457642078,0.40015724301338196,0.5685014128684998,0.0012867414625361562,0.4407656192779541,0.546195387840271,0.0008263431373052299,0.45765048265457153,0.5671956539154053,0.00090951839229092,0.46238285303115845,0.5879568457603455,0.0016489404952153563,0.40734949707984924,0.5857811570167542,-0.009816442616283894,0.44126206636428833,0.5510277152061462,-0.009582065045833588,0.4568888247013092,0.5705010890960693,-0.006816965993493795,0.46176981925964355,0.5912436246871948,-0.004641497973352671,0.4155421257019043,0.6121713519096375,-0.01971687190234661,0.4385395348072052,0.5753979682922363,-0.018917663022875786,0.4506094455718994,0.5804424285888672,-0.014602567069232464,0.45583316683769226,0.5928831696510315,-0.01091732271015644
0.35849520564079285,0.6648501753807068,2.851375491275121e-08,0.37469881772994995,0.6185843348503113,0.017643116414546967,0.3932311236858368,0.5856756567955017,0.02193915657699108,0.4095360040664673,0.5780224204063416,0.020924342796206474,0.4230427145957947,0.5786027312278748,0.018899021670222282,0.3964783251285553,0.5546659231185913,0.01187470555305481,0.43580061197280884,0.5440188050270081,0.008801368065178394,0.4524429738521576,0.5627034306526184,0.007371585816144943,0.4596828818321228,0.5807134509086609,0.007340744603425264,0.4016777276992798,0.5605952739715576,-0.0008551200735382736,0.44488418102264404,0.5420657396316528,-0.003131512552499771,0.4605383276939392,0.5671177506446838,-0.0031938536558300257,0.46316826343536377,0.5899115204811096,-0.002078841207548976,0.4085462689399719,0.5787014365196228,-0.012501988559961319,0.44530487060546875,0.547711968421936,-0.014106490649282932,0.46008652448654175,0.5713527798652649,-0.01127887237817049,0.4630775451660156,0.5931935906410217,-0.008344601839780807,0.41614365577697754,0.6054773330688477,-0.022854434326291084,0.4424382746219635,0.5694150328636169,-0.023122387006878853,0.4550754427909851,0.576943039894104,-0.018607527017593384,0.45956265926361084,0.5907319784164429,-0.014387784525752068
0.3603759706020355,0.6570725440979004,2.633933071649608e-08,0.3772595524787903,0.6117566823959351,0.01796591654419899,0.3950779139995575,0.5796428918838501,0.022086266428232193,0.41149672865867615,0.571795642375946,0.020679829642176628,0.4251233637332916,0.5724018216133118,0.018084343522787094,0.39784935116767883,0.5484533309936523,0.011720223352313042,0.4370766580104828,0.5385655164718628,0.008776035159826279,0.45360949635505676,0.5568658113479614,0.007250359281897545,0.4610978364944458,0.5755681395530701,0.0069428435526788235,0.40302619338035583,0.554713249206543,-0.0014401739463210106,0.44589072465896606,0.5354289412498474,-0.0037201831582933664,0.46136415004730225,0.5596207976341248,-0.004465701058506966,0.46434617042541504,0.5833138227462769,-0.004012401681393385,0.41006261110305786,0.5731930136680603,-0.013415403664112091,0.4468365013599396,0.5407351851463318,-0.014717725105583668,0.4616464674472809,0.5642046332359314,-0.012655573897063732,0.46525707840919495,0.5867658853530884,-0.010565217584371567,0.4179954528808594,0.6003372073173523,-0.024096567183732986,0.4442661702632904,0.5643409490585327,-0.02423098497092724,0.4569438695907593,0.5717142820358276,-0.02034001611173153,0.46216803789138794,0.5859031081199646,-0.016811110079288483
0.36158180236816406,0.6545483469963074,3.239523493903107e-08,0.3785024583339691,0.6136786341667175,0.01730138063430786,0.39612656831741333,0.5805498361587524,0.02109755575656891,0.4124510884284973,0.5704438090324402,0.019704820588231087,0.4257640242576599,0.5696271061897278,0.017287300899624825,0.3986208438873291,0.5475589036941528,0.009649687446653843,0.438789427280426,0.5363919734954834,0.006277859210968018,0.4557415843009949,0.5550999641418457,0.004801434930413961,0.46401476860046387,0.5736129283905029,0.004468176048249006,0.4030097723007202,0.5546696186065674,-0.003323676995933056,0.4472160041332245,0.5322762727737427,-0.007380525581538677,0.4638932943344116,0.5572163462638855,-0.008504053577780724,0.4684802293777466,0.5813756585121155,-0.007876853458583355,0.40964794158935547,0.5737453103065491,-0.015081370249390602,0.4473804831504822,0.5388555526733398,-0.01786520890891552,0.4642956554889679,0.5623878240585327,-0.016321653500199318,0.46986261010169983,0.5847389101982117,-0.014309210702776909,0.4174107313156128,0.6012243032455444,-0.025535687804222107,0.4437619149684906,0.5650008916854858,-0.026687126606702805,0.4572899341583252,0.5703731179237366,-0.023757144808769226,0.46387359499931335,0.5821012854576111,-0.02092384733259678
0.361434668302536,0.6547304391860962,5.2082747004078556e-08,0.3772768974304199,0.61147141456604,0.015617300756275654,0.39484041929244995,0.5776393413543701,0.018689988180994987,0.41243430972099304,0.5687803626060486,0.01700715720653534,0.4264802038669586,0.5704991221427917,0.014366385526955128,0.3991871178150177,0.549132764339447,0.00804342795163393,0.43885090947151184,0.5395078063011169,0.0042806328274309635,0.4569167196750641,0.5562013983726501,0.002657739445567131,0.46597611904144287,0.5746815204620361,0.002463643904775381,0.4042181372642517,0.5567688345909119,-0.003626856952905655,0.44865792989730835,0.535674512386322,-0.00735636567696929,0.46572691202163696,0.5586248636245728,-0.007762812077999115,0.47123828530311584,0.5815826058387756,-0.006532523315399885,0.4111725986003876,0.5757982134819031,-0.014169560745358467,0.4496990144252777,0.5430789589881897,-0.0162674468010664,0.4666934609413147,0.5637325048446655,-0.014030709862709045,0.47262582182884216,0.584721565246582,-0.011546347290277481,0.41865620017051697,0.6036859154701233,-0.023607764393091202,0.4459678828716278,0.5701227784156799,-0.023854531347751617,0.45977091789245605,0.575709879398346,-0.020168790593743324,0.46668025851249695,0.5876861214637756,-0.016675662249326706
0.36186152696609497,0.656427264213562,6.202871816185507e-08,0.3752913177013397,0.6100153923034668,0.01601027324795723,0.3926982581615448,0.5770531892776489,0.019292529672384262,0.41039690375328064,0.5690858364105225,0.01806863211095333,0.4248749315738678,0.5725585222244263,0.016023680567741394,0.3984073996543884,0.5528132915496826,0.008991607464849949,0.4365883469581604,0.5410389304161072,0.006766714621335268,0.4541473686695099,0.5543988943099976,0.006370984483510256,0.4642412066459656,0.5703838467597961,0.006820031441748142,0.40567970275878906,0.563147246837616,-0.002325808396562934,0.4475395977497101,0.538078248500824,-0.005057987757027149,0.46495357155799866,0.5549067854881287,-0.004705898463726044,0.47310352325439453,0.5746037364006042,-0.0029819912742823362,0.4135579466819763,0.5836055278778076,-0.012362722307443619,0.4502618610858917,0.5511758923530579,-0.013192426413297653,0.4682646691799164,0.56522536277771,-0.010150628164410591,0.47745585441589355,0.581367015838623,-0.007380266673862934,0.420971542596817,0.6124413013458252,-0.021256251260638237,0.44777047634124756,0.5791046619415283,-0.019444825127720833,0.46161985397338867,0.5812134742736816,-0.014228490181267262,0.47003793716430664,0.5890569090843201,-0.009868495166301727
0.359946608543396,0.6588376760482788,6.26222131927534e-08,0.3727618157863617,0.6086735725402832,0.014495803974568844,0.3905012011528015,0.5778623819351196,0.01718277484178543,0.40798255801200867,0.5698442459106445,0.015741415321826935,0.4232395589351654,0.5717292428016663,0.013713485561311245,0.39722511172294617,0.5579663515090942,0.007854041643440723,0.43337908387184143,0.5406032800674438,0.00472145713865757,0.4510970413684845,0.5510234236717224,0.0036630588583648205,0.4615740180015564,0.5648659467697144,0.003711417783051729,0.40606069564819336,0.5711091160774231,-0.0029337916057556868,0.4446737468242645,0.543214738368988,-0.005813879426568747,0.4627649784088135,0.5551707744598389,-0.005994696170091629,0.4719931483268738,0.5717904567718506,-0.005058698821812868,0.4144788086414337,0.5922962427139282,-0.0126508679240942,0.44921043515205383,0.5597548484802246,-0.013560186140239239,0.46769410371780396,0.569180428981781,-0.011013601906597614,0.47879916429519653,0.5814184546470642,-0.00894165225327015,0.4217076003551483,0.6208221316337585,-0.02140258438885212,0.4480942189693451,0.5893746614456177,-0.02014404721558094,0.462371826171875,0.5886064767837524,-0.015516038052737713,0.47186708450317383,0.5928134918212891,-0.01167729776352644
0.3591417372226715,0.6608980894088745,4.0781969801173545e-08,0.3717869520187378,0.6106785535812378,0.013803183101117611,0.39009997248649597,0.5806782841682434,0.0166053157299757,0.40782293677330017,0.5731502175331116,0.015520906075835228,0.4234316349029541,0.575147807598114,0.014098321087658405,0.396147757768631,0.5602359771728516,0.007244608364999294,0.4316231310367584,0.5412731170654297,0.004492692183703184,0.44715121388435364,0.5541995167732239,0.004105876199901104,0.45533090829849243,0.5688881278038025,0.0046007572673261166,0.405253142118454,0.5735843777656555,-0.0030199731700122356,0.44302332401275635,0.5482183694839478,-0.00518370233476162,0.45963412523269653,0.5610072612762451,-0.005105247721076012,0.4677155613899231,0.5769405961036682,-0.004298257175832987,0.4134088158607483,0.5955959558486938,-0.012312369421124458,0.44782754778862,0.5661823153495789,-0.012971318326890469,0.4662083387374878,0.574975311756134,-0.011084496043622494,0.47754842042922974,0.5862472057342529,-0.009716356173157692,0.4203433394432068,0.6253481507301331,-0.020638786256313324,0.44770559668540955,0.5968462228775024,-0.019418856129050255,0.4620201289653778,0.5972707867622375,-0.01530472282320261,0.471768319606781,0.6019168496131897,-0.012034348212182522
0.35714974999427795,0.6601817607879639,3.000076631565207e-08,0.36908313632011414,0.6111912727355957,0.012227294035255909,0.3868008255958557,0.5823900103569031,0.014689940959215164,0.40409865975379944,0.575011134147644,0.013570481911301613,0.41949349641799927,0.5785689949989319,0.012234990485012531,0.39415183663368225,0.5614886283874512,0.008083706721663475,0.42615067958831787,0.5427470207214355,0.005552522372454405,0.44065484404563904,0.5543145537376404,0.005026389844715595,0.4479171335697174,0.5670570135116577,0.005318318028002977,0.4043014943599701,0.5748328566551208,-0.0013242720160633326,0.43891873955726624,0.5488917827606201,-0.0032472608145326376,0.45493611693382263,0.5600810647010803,-0.003526914631947875,0.4625447392463684,0.5750332474708557,-0.003044283948838711,0.4129110872745514,0.5965813398361206,-0.010052835568785667,0.44439399242401123,0.5671756267547607,-0.010888488031923771,0.46241840720176697,0.5740873217582703,-0.009607094340026379,0.4738714396953583,0.5842029452323914,-0.008633489720523357,0.41998091340065,0.6265019774436951,-0.017942305654287338,0.44561484456062317,0.599126398563385,-0.016897067427635193,0.45950499176979065,0.5981653928756714,-0.013233738951385021,0.46916821599006653,0.6014927625656128,-0.0103331683203578
0.3564252257347107,0.6591073870658875,4.1187419697052974e-08,0.3675716519355774,0.6094694137573242,0.010066293179988861,0.3847540616989136,0.5801634788513184,0.011858420446515083,0.4022645354270935,0.572468638420105,0.010416146367788315,0.41744837164878845,0.5748347640037537,0.008794010616838932,0.3922237455844879,0.5604897737503052,0.006939382757991552,0.4223750829696655,0.5414618849754333,0.0038454621098935604,0.43756699562072754,0.5510936975479126,0.00255118147470057,0.4460006356239319,0.5627089738845825,0.002240632427856326,0.40248093008995056,0.5736664533615112,-0.0015338568482547998,0.43452343344688416,0.5473834872245789,-0.0034868272487074137,0.45046839118003845,0.5560898780822754,-0.004467539954930544,0.4585070013999939,0.5697711110115051,-0.004700415767729282,0.41132470965385437,0.5951502919197083,-0.009567683562636375,0.44023397564888,0.5650516152381897,-0.010748269967734814,0.4576050639152527,0.5699019432067871,-0.010428566485643387,0.4688761532306671,0.5793320536613464,-0.010183398611843586,0.41873908042907715,0.624722957611084,-0.016977064311504364,0.4428775906562805,0.5973488092422485,-0.01697850041091442,0.4562447667121887,0.5967110991477966,-0.0143998758867383,0.4655836522579193,0.6013880968093872,-0.012195064686238766
0.35672810673713684,0.6588271856307983,3.03511313859417e-08,0.3673059940338135,0.6085771918296814,0.011335048824548721,0.3830525875091553,0.5791273713111877,0.013571423478424549,0.400050550699234,0.5704406499862671,0.012422586791217327,0.41526874899864197,0.5727551579475403,0.011066464707255363,0.38971301913261414,0.5600212216377258,0.008446450345218182,0.41829293966293335,0.5429585576057434,0.006737017072737217,0.43285998702049255,0.5511623620986938,0.006514445412904024,0.4410152733325958,0.5613375902175903,0.006708932109177113,0.4004938006401062,0.5720441341400146,-0.0002531172358430922,0.4310574233531952,0.5458341240882874,-0.0012823499273508787,0.44601333141326904,0.554466962814331,-0.001526200445368886,0.4534866511821747,0.5680145621299744,-0.001304424717091024,0.4098644554615021,0.5925703048706055,-0.008336161263287067,0.43743380904197693,0.562308669090271,-0.008650521747767925,0.45395463705062866,0.5678516626358032,-0.0076408167369663715,0.46456462144851685,0.5774999856948853,-0.007094510365277529,0.41761699318885803,0.6213176846504211,-0.01566266641020775,0.4403848350048065,0.5945103764533997,-0.014975294470787048,0.4530370831489563,0.593431830406189,-0.01204563956707716,0.4619983434677124,0.5968120694160461,-0.009710846468806267
0.35503503680229187,0.6569401621818542,4.400778053081922e-08,0.3656039535999298,0.6078345775604248,0.01332804188132286,0.38085225224494934,0.5789411664009094,0.01639704592525959,0.3984656035900116,0.5732467174530029,0.015966130420565605,0.41319984197616577,0.5781235098838806,0.015076417475938797,0.38483545184135437,0.5600407719612122,0.009714517742395401,0.4168606698513031,0.54887455701828,0.009581419639289379,0.4316873550415039,0.5586934685707092,0.010434060357511044,0.43964654207229614,0.5701513290405273,0.011280941776931286,0.39635539054870605,0.572411298751831,0.0010096332989633083,0.42892709374427795,0.5469598770141602,0.0017887642607092857,0.4428088665008545,0.5560530424118042,0.0029898995999246836,0.44967585802078247,0.5684958696365356,0.003992221783846617,0.40642020106315613,0.59257572889328,-0.006785313133150339,0.4350379705429077,0.5614348649978638,-0.005378233268857002,0.45090579986572266,0.5681557655334473,-0.0031232263427227736,0.46069398522377014,0.5773685574531555,-0.002053450560197234,0.41451209783554077,0.619634747505188,-0.013610453344881535,0.43726760149002075,0.5929351449012756,-0.011608358472585678,0.44953206181526184,0.5933155417442322,-0.007859944365918636,0.4582279920578003,0.5965925455093384,-0.005147760268300772
0.3552376627922058,0.6577380895614624,2.5612692411414173e-08,0.36436721682548523,0.6088964343070984,0.013137144967913628,0.3784359097480774,0.5787786245346069,0.01659684255719185,0.39520642161369324,0.5723140239715576,0.016574924811720848,0.4096320569515228,0.5770289301872253,0.016150668263435364,0.3831108510494232,0.5601818561553955,0.011190282180905342,0.41286882758140564,0.5489066243171692,0.011864729225635529,0.4271833598613739,0.5567535758018494,0.013119731098413467,0.4349614977836609,0.5664075613021851,0.014062046073377132,0.3948390483856201,0.5714223384857178,0.002668569330126047,0.42534828186035156,0.546368420124054,0.003807938890531659,0.43806755542755127,0.5548281073570251,0.005024326499551535,0.4442995488643646,0.5663019418716431,0.006113837938755751,0.40535691380500793,0.5905588865280151,-0.005044001620262861,0.4322502911090851,0.5595892071723938,-0.0034252582117915154,0.4470660388469696,0.5646928548812866,-0.0011522471904754639,0.4563812017440796,0.5722511410713196,3.163362271152437e-05,0.4143979251384735,0.6168851256370544,-0.011808060109615326,0.4360676109790802,0.588301420211792,-0.009703947231173515,0.4475080370903015,0.5864587426185608,-0.005909173283725977,0.4559255540370941,0.5871673226356506,-0.0030982529278844595
0.35403358936309814,0.6576836109161377,2.3646862246096134e-08,0.3633500039577484,0.6101369261741638,0.014409922063350677,0.37781476974487305,0.5809090733528137,0.018453113734722137,0.3945189118385315,0.5753762125968933,0.018749136477708817,0.40861523151397705,0.581142783164978,0.018545158207416534,0.3815693259239197,0.5618159770965576,0.0126687902957201,0.4108055531978607,0.5516406297683716,0.014386866241693497,0.4248872399330139,0.5600922703742981,0.016618361696600914,0.4323936402797699,0.5709913969039917,0.018113933503627777,0.39377373456954956,0.5721703171730042,0.0036317298654466867,0.42394980788230896,0.5462270379066467,0.005469797644764185,0.43660053610801697,0.5555866956710815,0.007425949443131685,0.44271379709243774,0.5679221153259277,0.009035701863467693,0.4045054316520691,0.590753972530365,-0.004454914014786482,0.4313715398311615,0.5574727654457092,-0.002279798500239849,0.44601839780807495,0.5635578036308289,0.0007073832675814629,0.4547103941440582,0.5723798274993896,0.0023559730034321547,0.41364309191703796,0.6166722774505615,-0.01148858293890953,0.43503183126449585,0.5862991809844971,-0.008844302967190742,0.4464071989059448,0.5845039486885071,-0.004488139878958464,0.45443928241729736,0.5853181481361389,-0.0013262485153973103
0.35552334785461426,0.6598121523857117,9.500290332198347e-09,0.36301010847091675,0.6118448972702026,0.014097122475504875,0.37645572423934937,0.5827666521072388,0.0177460890263319,0.39253389835357666,0.5761038064956665,0.017862150445580482,0.40668535232543945,0.5822729468345642,0.01747228018939495,0.3807694911956787,0.5631324052810669,0.01099642738699913,0.4090532958507538,0.5543972253799438,0.012923628091812134,0.42227640748023987,0.5620673298835754,0.01559722051024437,0.428696870803833,0.5716413855552673,0.017398957163095474,0.3932584226131439,0.5730577111244202,0.0021767993457615376,0.4234386086463928,0.5486531257629395,0.004402336198836565,0.4351867437362671,0.5579248070716858,0.006892368663102388,0.4401387870311737,0.5698695778846741,0.008724731393158436,0.40410616993904114,0.5916492938995361,-0.005567880347371101,0.4314076602458954,0.5586243867874146,-0.003113672835752368,0.44474729895591736,0.5646528005599976,0.0002928987378254533,0.4523281157016754,0.5730873942375183,0.002065911190584302,0.41295814514160156,0.6173766255378723,-0.012205810286104679,0.4342862367630005,0.5878551006317139,-0.00928375031799078,0.44464048743247986,0.586372971534729,-0.004463488701730967,0.4514678418636322,0.5870406627655029,-0.0010520536452531815
0.3550400733947754,0.6632601022720337,1.1439764691090204e-08,0.3606317639350891,0.61490797996521,0.013106362894177437,0.37414395809173584,0.583339512348175,0.016619650647044182,0.3899708390235901,0.5755797624588013,0.016631098464131355,0.40395116806030273,0.579740047454834,0.016275247558951378,0.38098227977752686,0.5637895464897156,0.011983579024672508,0.4079687297344208,0.5550546646118164,0.01345706544816494,0.42105355858802795,0.5614228248596191,0.015381128527224064,0.4275874197483063,0.5707516074180603,0.01685774140059948,0.39321577548980713,0.5736168622970581,0.0034002591855823994,0.4223884046077728,0.5513598322868347,0.005567942280322313,0.434455931186676,0.560086727142334,0.007634249981492758,0.43971216678619385,0.5716490149497986,0.009377969428896904,0.4040364623069763,0.5919885039329529,-0.004389078356325626,0.4305519163608551,0.5619801878929138,-0.0022453193087130785,0.444034218788147,0.567948043346405,0.000809443008620292,0.4515858292579651,0.5766410827636719,0.002695711562409997,0.41281482577323914,0.6175515651702881,-0.011241433210670948,0.4340793788433075,0.5888153910636902,-0.00842239335179329,0.444921612739563,0.5880709290504456,-0.0035787848755717278,0.45167073607444763,0.590497612953186,0.00010478237527422607
0.3543352484703064,0.6619294285774231,5.573182804141652e-08,0.36073198914527893,0.6133071184158325,0.013686026446521282,0.37324854731559753,0.5828338861465454,0.017083851620554924,0.3889909088611603,0.5736456513404846,0.016883717849850655,0.4032484292984009,0.5766593217849731,0.016118302941322327,0.3805091679096222,0.5624080300331116,0.01107901893556118,0.4098406434059143,0.5520423650741577,0.011716374196112156,0.42512908577919006,0.5586473941802979,0.013134286738932133,0.43379321694374084,0.569151759147644,0.014469253830611706,0.39247870445251465,0.5719836354255676,0.002197435824200511,0.422789603471756,0.5477363467216492,0.0037106818053871393,0.4372169077396393,0.5547855496406555,0.0057202791795134544,0.44510945677757263,0.5657650232315063,0.007587800733745098,0.40312546491622925,0.5902937054634094,-0.005759635008871555,0.43017295002937317,0.5586339831352234,-0.004013358149677515,0.4450798034667969,0.5635423064231873,-0.0007081725634634495,0.45400238037109375,0.5712355375289917,0.0015038063284009695,0.41181594133377075,0.6160953044891357,-0.012726052664220333,0.4329167604446411,0.5848326086997986,-0.01029893197119236,0.4441134035587311,0.5824208855628967,-0.005332981236279011,0.45180392265319824,0.5833672881126404,-0.0013160171220079064
0.35374167561531067,0.6591994762420654,7.84976066370291e-08,0.3594233989715576,0.6107259392738342,0.013133617118000984,0.371188223361969,0.5792375206947327,0.015893686562776566,0.3865515887737274,0.5686751008033752,0.015169071964919567,0.4010346829891205,0.5713050961494446,0.013903474435210228,0.3789622187614441,0.5601962208747864,0.007925129495561123,0.4100015163421631,0.5486133694648743,0.0073780217207968235,0.4261225759983063,0.5558906197547913,0.008854398503899574,0.4349205195903778,0.5684352517127991,0.010651122778654099,0.3906300365924835,0.5688656568527222,-0.0009162451606243849,0.423223078250885,0.5415618419647217,-0.0011618323624134064,0.4392785131931305,0.5489804744720459,0.0008747100364416838,0.4475134015083313,0.5623134970664978,0.0034091915003955364,0.4013061821460724,0.5869560241699219,-0.00869461614638567,0.43055063486099243,0.5518430471420288,-0.00834935624152422,0.44637632369995117,0.5586342811584473,-0.004840775392949581,0.4551747143268585,0.5690549612045288,-0.001837136223912239,0.4101886749267578,0.6128727793693542,-0.015445947647094727,0.4330238103866577,0.5801142454147339,-0.013990635052323341,0.44479987025260925,0.5785665512084961,-0.009032376110553741,0.4524933695793152,0.5815325975418091,-0.004507592413574457
0.3509078621864319,0.6576501131057739,7.432942794594055e-08,0.36001840233802795,0.6099056601524353,0.015018025413155556,0.37295812368392944,0.5793132781982422,0.018227046355605125,0.3898068070411682,0.5702525973320007,0.017760904505848885,0.4048216938972473,0.5740635395050049,0.0165835190564394,0.3773069381713867,0.560649573802948,0.007234415505081415,0.41129159927368164,0.5483710169792175,0.007169827353209257,0.427132248878479,0.5565381050109863,0.009642960503697395,0.43641898036003113,0.570221483707428,0.011934095062315464,0.38895830512046814,0.5712211728096008,-0.0023657751735299826,0.4237133264541626,0.5386109948158264,-0.003442260669544339,0.438938170671463,0.5458751916885376,-0.0010961934458464384,0.44678011536598206,0.5602977275848389,0.0018180912593379617,0.3993452489376068,0.5904923677444458,-0.01045707892626524,0.4311979115009308,0.5506777763366699,-0.010400290600955486,0.44732433557510376,0.5584456324577332,-0.0062554338946938515,0.4564584791660309,0.5698890686035156,-0.0027325013652443886,0.40773606300354004,0.6165555715560913,-0.017265133559703827,0.4326701760292053,0.5816464424133301,-0.015794260427355766,0.44542092084884644,0.5792883634567261,-0.010670690797269344,0.4544517397880554,0.5806168913841248,-0.006072881631553173
0.35001951456069946,0.6608383059501648,4.5727521325034104e-08,0.3596116900444031,0.6133115887641907,0.017104899510741234,0.3720845580101013,0.5824505090713501,0.021008145064115524,0.38783910870552063,0.5729804039001465,0.020985662937164307,0.40150681138038635,0.577489972114563,0.01999395713210106,0.3776420056819916,0.56261146068573,0.007429951336234808,0.4120888113975525,0.5506237149238586,0.008180391974747181,0.4273533225059509,0.5598416328430176,0.011706638149917126,0.43619903922080994,0.5743125677108765,0.014427482150495052,0.3889407217502594,0.574888288974762,-0.0032629333436489105,0.42472317814826965,0.5408124923706055,-0.004498586989939213,0.439220130443573,0.5486134886741638,-0.0013768450589850545,0.4467036724090576,0.5629113912582397,0.002046826761215925,0.398404061794281,0.5954084396362305,-0.012215813621878624,0.4315560460090637,0.553974449634552,-0.012286226265132427,0.4478931427001953,0.5610683560371399,-0.007934048771858215,0.45760899782180786,0.5707719922065735,-0.004486138932406902,0.40549421310424805,0.6220690011978149,-0.019629210233688354,0.4313806891441345,0.5867301225662231,-0.01871316321194172,0.4446268379688263,0.5830869078636169,-0.014073705300688744,0.4543393850326538,0.5825133919715881,-0.010025132447481155
0.3475487232208252,0.6661964058876038,5.795082813619956e-08,0.35988184809684753,0.6177026033401489,0.01720445044338703,0.3747895359992981,0.5883649587631226,0.02104574255645275,0.39167162775993347,0.5815765261650085,0.02069932594895363,0.40649425983428955,0.5867369174957275,0.019416527822613716,0.37908220291137695,0.5683642625808716,0.009418065659701824,0.41378530859947205,0.5581613183021545,0.009549756534397602,0.4298192858695984,0.5674941539764404,0.011872568167746067,0.43943315744400024,0.5812704563140869,0.01373957097530365,0.389740526676178,0.5811236500740051,-0.0017795764142647386,0.42608505487442017,0.5492903590202332,-0.003552673850208521,0.44153040647506714,0.5582548975944519,-0.001391786732710898,0.4496639668941498,0.5725135803222656,0.0014741510385647416,0.39850226044654846,0.6016873717308044,-0.011383602395653725,0.43210071325302124,0.561697781085968,-0.011751238256692886,0.4484749734401703,0.569330096244812,-0.007192512974143028,0.4582992196083069,0.579109787940979,-0.003427711082622409,0.4049328863620758,0.6294445395469666,-0.019615769386291504,0.43085989356040955,0.5947994589805603,-0.01850174553692341,0.4444112777709961,0.5913451313972473,-0.013289211317896843,0.45412275195121765,0.5910747647285461,-0.008758872747421265
0.34597092866897583,0.6724814176559448,3.34668506241087e-08,0.3577476143836975,0.6250131130218506,0.016589561477303505,0.37274307012557983,0.5935962200164795,0.020488163456320763,0.3892589807510376,0.5853115916252136,0.020189540460705757,0.4035263955593109,0.5889483690261841,0.019045140594244003,0.3792569041252136,0.5704350471496582,0.010416975244879723,0.4134613573551178,0.5586647987365723,0.010083570145070553,0.4289708137512207,0.566746711730957,0.011437476612627506,0.4378899931907654,0.5779565572738647,0.012607491575181484,0.38896414637565613,0.5828288197517395,-0.0008136476390063763,0.42459073662757874,0.5528256297111511,-0.002154950052499771,0.4390745460987091,0.5620958209037781,-0.0004459512419998646,0.44596391916275024,0.5751392841339111,0.0018134990241378546,0.39715149998664856,0.6033050417900085,-0.010819482617080212,0.42919689416885376,0.566803514957428,-0.011166060343384743,0.4459083676338196,0.5727946162223816,-0.007567763794213533,0.45606011152267456,0.5807578563690186,-0.004702872596681118,0.40363332629203796,0.631131649017334,-0.019550323486328125,0.4285533130168915,0.597343921661377,-0.018966075032949448,0.4427171051502228,0.5926677584648132,-0.014869794249534607,0.4532901644706726,0.5915247797966003,-0.011321094818413258
0.34402209520339966,0.6799063682556152,7.79493021241251e-08,0.35675162076950073,0.6317030787467957,0.013032187707722187,0.37205201387405396,0.600528359413147,0.015322360210120678,0.3878050446510315,0.5876835584640503,0.01335098221898079,0.4021918475627899,0.585331916809082,0.010668742470443249,0.37794408202171326,0.5803186893463135,0.011203281581401825,0.40775182843208313,0.5594645738601685,0.0073071555234491825,0.42689335346221924,0.5603987574577332,0.004392677452415228,0.4406188428401947,0.5664820671081543,0.0026785151567310095,0.38561439514160156,0.58866947889328,0.0004123552644159645,0.41630715131759644,0.5558424592018127,-0.0032484540715813637,0.43560728430747986,0.5569455027580261,-0.0051985085010528564,0.44918060302734375,0.5634446144104004,-0.00584055669605732,0.39342159032821655,0.6052526235580444,-0.010037727653980255,0.42063775658607483,0.5643174648284912,-0.012854409404098988,0.43985581398010254,0.5628475546836853,-0.012112472206354141,0.45469990372657776,0.565911591053009,-0.011149805039167404,0.40126511454582214,0.6305053234100342,-0.01979183405637741,0.4221367835998535,0.5933476090431213,-0.021324530243873596,0.43665146827697754,0.5828604698181152,-0.01930941455066204,0.4494752287864685,0.5779109001159668,-0.017286665737628937
0.3422752022743225,0.6818276047706604,7.755632225325826e-08,0.35362377762794495,0.634412407875061,0.013042131438851357,0.36955535411834717,0.604283332824707,0.015452118590474129,0.38570070266723633,0.5929399728775024,0.01361546479165554,0.40024200081825256,0.5904295444488525,0.01123117282986641,0.3775881230831146,0.5823813080787659,0.011848154477775097,0.40644243359565735,0.5615037083625793,0.008654603734612465,0.42486023902893066,0.5638056397438049,0.006486461963504553,0.43741631507873535,0.5712987780570984,0.005352301057428122,0.3854375183582306,0.5909852385520935,0.0010385527275502682,0.41584861278533936,0.5597472190856934,-0.001747403759509325,0.43537425994873047,0.5622501969337463,-0.002969092223793268,0.44831737875938416,0.5706257820129395,-0.0030686981044709682,0.3930419087409973,0.6079851984977722,-0.009455009363591671,0.42011940479278564,0.5703741908073425,-0.011682609096169472,0.43992865085601807,0.5696883797645569,-0.010563034564256668,0.454323410987854,0.5738285779953003,-0.009352818131446838,0.40089699625968933,0.6341641545295715,-0.01928657665848732,0.42196837067604065,0.5985884070396423,-0.0205533429980278,0.43671154975891113,0.5892462730407715,-0.01822945475578308,0.44896379113197327,0.5859273076057434,-0.01591626927256584
0.34238818287849426,0.6840400099754333,6.755443138217743e-08,0.352937787771225,0.6373568773269653,0.012826435267925262,0.36907798051834106,0.6073418855667114,0.015361626632511616,0.38555556535720825,0.5962613224983215,0.013770791701972485,0.39991387724876404,0.5936418771743774,0.011651010252535343,0.37777143716812134,0.5854539275169373,0.010434601455926895,0.4075305759906769,0.5633760690689087,0.006687912158668041,0.42560094594955444,0.5681130290031433,0.004418396390974522,0.4373711347579956,0.5780206918716431,0.0033639136236160994,0.3858407139778137,0.5933858752250671,-0.00011704474309226498,0.41690605878829956,0.5601094365119934,-0.003421468660235405,0.436262309551239,0.5646560788154602,-0.004648552741855383,0.44825220108032227,0.5757325291633606,-0.004610193427652121,0.39342406392097473,0.6104070544242859,-0.010302215814590454,0.42128124833106995,0.5720059275627136,-0.013162419199943542,0.4416566789150238,0.5739126205444336,-0.012410541996359825,0.4558590054512024,0.5807943344116211,-0.011299693025648594,0.400994211435318,0.6365827322006226,-0.019768033176660538,0.42244261503219604,0.6010890603065491,-0.021995805203914642,0.4372076690196991,0.5933040380477905,-0.02029847726225853,0.4493994414806366,0.5917481184005737,-0.018260376527905464
0.3427491784095764,0.6884183287620544,8.877447754684908e-08,0.35632145404815674,0.6415295600891113,0.013244000263512135,0.37268397212028503,0.6081281304359436,0.015471400693058968,0.38828736543655396,0.5918161273002625,0.013215483166277409,0.4030686616897583,0.5834495425224304,0.010481317527592182,0.3773649036884308,0.586012065410614,0.01022263988852501,0.4057327210903168,0.558515191078186,0.005006511230021715,0.42594248056411743,0.5607381463050842,0.0017821805085986853,0.4407069683074951,0.5692333579063416,0.00025366467889398336,0.38283219933509827,0.5940529704093933,-0.0013896580785512924,0.41415438055992126,0.559474527835846,-0.0065297349356114864,0.43555760383605957,0.562712550163269,-0.009077814407646656,0.45036232471466064,0.5729966163635254,-0.009772748686373234,0.38931038975715637,0.6115131378173828,-0.012675709091126919,0.4174420237541199,0.5725958943367004,-0.01623033918440342,0.4387933015823364,0.5727819800376892,-0.015883255749940872,0.45458313822746277,0.579471230506897,-0.015050260350108147,0.39731550216674805,0.6375993490219116,-0.023323314264416695,0.4177810847759247,0.5992076396942139,-0.025179801508784294,0.4326762855052948,0.5884311199188232,-0.02351769246160984,0.44579774141311646,0.5855167508125305,-0.021752890199422836
0.34433725476264954,0.6875325441360474,6.758340020951437e-08,0.3562883734703064,0.6413658857345581,0.01247608382254839,0.3723030388355255,0.6079044938087463,0.014820411801338196,0.38793572783470154,0.5927870869636536,0.01324480026960373,0.4020584225654602,0.5858822464942932,0.011481702327728271,0.3758673369884491,0.5834774971008301,0.007240818347781897,0.4049530327320099,0.5515141487121582,0.0016112560406327248,0.4235032796859741,0.5617488026618958,-0.0013504395028576255,0.4360334277153015,0.5765082836151123,-0.0025208182632923126,0.38196614384651184,0.5918722152709961,-0.0033555650152266026,0.41376033425331116,0.5569154620170593,-0.008228463120758533,0.43470847606658936,0.564469039440155,-0.010231896303594112,0.44842812418937683,0.577308177947998,-0.010709601454436779,0.38866496086120605,0.6094220876693726,-0.013530701398849487,0.4158843457698822,0.571087121963501,-0.016735320910811424,0.4370143711566925,0.5737499594688416,-0.016285350546240807,0.4523419141769409,0.5819154977798462,-0.015611589886248112,0.3970508277416229,0.6345102190971375,-0.02305978536605835,0.4155440032482147,0.5978642702102661,-0.025102026760578156,0.42901456356048584,0.5879396796226501,-0.023777425289154053,0.44081801176071167,0.5860272645950317,-0.022264225408434868
0.34457331895828247,0.6824079155921936,7.83798270731495e-08,0.3564836382865906,0.6353124380111694,0.0106623824685812,0.3729885220527649,0.6014867424964905,0.012788387946784496,0.38901206851005554,0.5875089764595032,0.011348847299814224,0.4031267464160919,0.5819774270057678,0.009642574936151505,0.3779727816581726,0.5789859294891357,0.007892328314483166,0.40683624148368835,0.5524589419364929,0.003226702567189932,0.42575156688690186,0.5599559545516968,-7.989424921106547e-05,0.43920183181762695,0.5724210739135742,-0.0018784011481329799,0.3841111958026886,0.5879204869270325,-0.0015024857129901648,0.41412848234176636,0.5584923624992371,-0.004946443717926741,0.43433472514152527,0.5644016861915588,-0.007494947873055935,0.4480591416358948,0.576420247554779,-0.008953548036515713,0.3909144699573517,0.6058852076530457,-0.010591982863843441,0.4173223078250885,0.5723716020584106,-0.012764363549649715,0.4375810921192169,0.5730857849121094,-0.013292250223457813,0.4525645971298218,0.5793196558952332,-0.013718413189053535,0.39897456765174866,0.6312686800956726,-0.01916695572435856,0.41787609457969666,0.5973889231681824,-0.02001936547458172,0.43094903230667114,0.5886131525039673,-0.018452700227499008,0.44223546981811523,0.5871807336807251,-0.01708991825580597
0.34446218609809875,0.6764560341835022,9.560886127246704e-08,0.3578881025314331,0.6332376003265381,0.011187265627086163,0.3748134970664978,0.6013315320014954,0.013500500470399857,0.39091983437538147,0.5891801118850708,0.01198548637330532,0.4049181342124939,0.5839300155639648,0.010078500024974346,0.37955230474472046,0.58147132396698,0.009569690562784672,0.4093758761882782,0.5610422492027283,0.005615057423710823,0.42869558930397034,0.5658305883407593,0.0028054353315383196,0.4422817528247833,0.575233519077301,0.00119115284178406,0.38499385118484497,0.587354838848114,-0.00021330229355953634,0.4165981113910675,0.5572530031204224,-0.003973856568336487,0.43705353140830994,0.5635893940925598,-0.006084711756557226,0.45044639706611633,0.5758212804794312,-0.006752873305231333,0.39153769612312317,0.6034489870071411,-0.009713282808661461,0.41952604055404663,0.5670358538627625,-0.01282024011015892,0.44044026732444763,0.5705887675285339,-0.012882453389465809,0.45513519644737244,0.5787863731384277,-0.012430056929588318,0.39938557147979736,0.6285749673843384,-0.018647892400622368,0.4197949469089508,0.5944443345069885,-0.020847439765930176,0.43437960743904114,0.5875667333602905,-0.019695520401000977,0.44646257162094116,0.5876926183700562,-0.018290460109710693
0.34477850794792175,0.6757256388664246,9.111263210570542e-08,0.358376145362854,0.6314070820808411,0.013089107349514961,0.37455064058303833,0.6011038422584534,0.015440852381289005,0.3903504014015198,0.5901144742965698,0.013412099331617355,0.4041285514831543,0.585758626461029,0.010852674953639507,0.38057777285575867,0.5815009474754333,0.010938391089439392,0.41036099195480347,0.5604930520057678,0.007315113674849272,0.4294459819793701,0.5655451416969299,0.004964793566614389,0.4425116181373596,0.5760478377342224,0.0037197209894657135,0.3862735629081726,0.5885765552520752,-6.51740629109554e-05,0.4179321229457855,0.5574771165847778,-0.0036929575726389885,0.4377635717391968,0.5645041465759277,-0.00527564249932766,0.4501516819000244,0.5775700807571411,-0.005475220736116171,0.3927468955516815,0.6049580574035645,-0.010675344616174698,0.42058655619621277,0.567562997341156,-0.013331909663975239,0.44087493419647217,0.5717306733131409,-0.012456182390451431,0.4549037218093872,0.5806682705879211,-0.011402319185435772,0.40016645193099976,0.6299889087677002,-0.02064792439341545,0.4209214746952057,0.5954790115356445,-0.022560032084584236,0.43558481335639954,0.5884436368942261,-0.02097042091190815,0.4476708769798279,0.588457465171814,-0.019205065444111824
0.3446270823478699,0.6740913987159729,8.911650439813457e-08,0.35762912034988403,0.630302906036377,0.014932157471776009,0.3733060956001282,0.6004750728607178,0.017812779173254967,0.3888532221317291,0.5913001894950867,0.015753045678138733,0.40296295285224915,0.5886737108230591,0.012981534935534,0.38109394907951355,0.578720211982727,0.01323244534432888,0.4114662706851959,0.5595783591270447,0.010118610225617886,0.43075233697891235,0.5656813979148865,0.00832214392721653,0.4434940814971924,0.577921450138092,0.007550108712166548,0.38740989565849304,0.5859935283660889,0.0010311102960258722,0.4200473725795746,0.5562541484832764,-0.001728844945318997,0.44005295634269714,0.5650800466537476,-0.002329200506210327,0.45208844542503357,0.579725444316864,-0.0017285412177443504,0.3942403793334961,0.6028664708137512,-0.010797054506838322,0.4225615859031677,0.5650899410247803,-0.013101779855787754,0.44266754388809204,0.5717079639434814,-0.011162874288856983,0.45573505759239197,0.5832304358482361,-0.009245150722563267,0.40181297063827515,0.6286117434501648,-0.021924488246440887,0.42256107926368713,0.5930243134498596,-0.024410303682088852,0.43733537197113037,0.5872822403907776,-0.022587614133954048,0.4488893449306488,0.5890318155288696,-0.020350048318505287
0.3440694510936737,0.6748514175415039,9.653223997929672e-08,0.3572459816932678,0.6299307346343994,0.014522181823849678,0.37427663803100586,0.5991289019584656,0.01760309748351574,0.3901304602622986,0.5882136225700378,0.015936201438307762,0.4045508801937103,0.583770751953125,0.013781948946416378,0.38188615441322327,0.5781064629554749,0.014541856944561005,0.4131220877170563,0.5597573518753052,0.012061629444360733,0.4327676296234131,0.5653555989265442,0.010103748179972172,0.44613489508628845,0.5764380693435669,0.008989216759800911,0.388168603181839,0.5846641659736633,0.0026303872000426054,0.4214334487915039,0.5570473670959473,0.0006079091690480709,0.4416796863079071,0.5646476745605469,-0.0004245361778885126,0.454052597284317,0.5784579515457153,-0.00044375131255947053,0.39499861001968384,0.6006329655647278,-0.00899402517825365,0.4234558939933777,0.5642210245132446,-0.010398617945611477,0.44280147552490234,0.5702171921730042,-0.008598166517913342,0.4557439684867859,0.581407368183136,-0.007180547807365656,0.4025697708129883,0.6257407069206238,-0.02003519982099533,0.42241206765174866,0.5907008051872253,-0.021468250080943108,0.43632271885871887,0.5844427347183228,-0.019413521513342857,0.447112113237381,0.5860116481781006,-0.01736900769174099
0.3445483446121216,0.6676820516586304,9.894122143805362e-08,0.3620566129684448,0.6270644068717957,0.013526292517781258,0.3824973404407501,0.5966467261314392,0.017032507807016373,0.40017932653427124,0.5884131789207458,0.016473788768053055,0.41527092456817627,0.5864564776420593,0.015656188130378723,0.384690523147583,0.5735279321670532,0.010701428167521954,0.41921794414520264,0.5570833683013916,0.008179312571883202,0.43760931491851807,0.5677775144577026,0.006751418113708496,0.4491635859012604,0.5829995274543762,0.0061869132332503796,0.3896287679672241,0.5794591903686523,0.00035897924681194127,0.4257488250732422,0.552056074142456,-0.002237154170870781,0.44610562920570374,0.5621116161346436,-0.003393002552911639,0.4574810266494751,0.578407883644104,-0.0031630955636501312,0.3956385850906372,0.5963115096092224,-0.009316626936197281,0.4261639714241028,0.5569593906402588,-0.011172523722052574,0.4451944828033447,0.5656914114952087,-0.010424233973026276,0.4567102789878845,0.5799118280410767,-0.009441124275326729,0.40310725569725037,0.62218177318573,-0.01820513792335987,0.4231342375278473,0.5868778824806213,-0.02011517807841301,0.4361878037452698,0.5829134583473206,-0.01891613006591797,0.44600293040275574,0.5874394774436951,-0.017299676313996315
0.34588536620140076,0.6660687923431396,8.789579197809871e-08,0.3634260296821594,0.6230153441429138,0.01506903674453497,0.3817348778247833,0.5941588282585144,0.018514223396778107,0.39786067605018616,0.5850629806518555,0.01747206784784794,0.412485271692276,0.582938015460968,0.015984471887350082,0.38437753915786743,0.5701273679733276,0.010994704440236092,0.42042624950408936,0.5543628334999084,0.008320536464452744,0.4378288686275482,0.5676680207252502,0.00701315701007843,0.44789254665374756,0.5864222645759583,0.006781236734241247,0.38985180854797363,0.5772852301597595,-0.00012126850197091699,0.42760032415390015,0.5486721992492676,-0.002901677740737796,0.4471510946750641,0.5601704716682434,-0.003803568659350276,0.45728954672813416,0.5787245631217957,-0.003266324056312442,0.3959953486919403,0.5948624610900879,-0.01038851123303175,0.4282040297985077,0.5534177422523499,-0.011882082559168339,0.4455564320087433,0.5655401945114136,-0.010362418368458748,0.4551781713962555,0.5832104086875916,-0.008844953030347824,0.40345126390457153,0.6213239431381226,-0.01971900649368763,0.4253718852996826,0.5855014324188232,-0.020853597670793533,0.4377598762512207,0.5844035148620605,-0.01868136040866375,0.44620946049690247,0.5919619798660278,-0.016330700367689133
0.3475068211555481,0.658357560634613,8.267610951406823e-08,0.366195946931839,0.6132632493972778,0.018888553604483604,0.38367268443107605,0.5851128101348877,0.022672561928629875,0.3990195095539093,0.5788085460662842,0.02094428613781929,0.41277700662612915,0.5796260833740234,0.01823299750685692,0.38639095425605774,0.5622879862785339,0.012190446257591248,0.4232099950313568,0.5468789339065552,0.009702867828309536,0.44020456075668335,0.5605921745300293,0.00892817322164774,0.44959214329719543,0.5788417458534241,0.009130192920565605,0.3910020589828491,0.5698015689849854,-0.0014342365320771933,0.4307000935077667,0.5414672493934631,-0.003979372791945934,0.4495528042316437,0.5548689961433411,-0.00401937123388052,0.4586135149002075,0.5738798379898071,-0.0028550431597977877,0.3966238498687744,0.5884267091751099,-0.013825587928295135,0.43120336532592773,0.5475144982337952,-0.014738667756319046,0.448981910943985,0.5611911416053772,-0.011885534040629864,0.45830094814300537,0.5788320302963257,-0.009517433121800423,0.40383991599082947,0.6166175007820129,-0.024991367012262344,0.42836621403694153,0.5793954133987427,-0.02526875026524067,0.4411919116973877,0.5802006125450134,-0.02158677950501442,0.44931745529174805,0.5887393951416016,-0.01816008985042572
0.3506866991519928,0.65323805809021,5.5773430318595274e-08,0.3650372326374054,0.607304036617279,0.019036289304494858,0.38210296630859375,0.5786040425300598,0.023609329015016556,0.3953828811645508,0.5711051225662231,0.022919440641999245,0.40670108795166016,0.5701348185539246,0.021301308646798134,0.3888227939605713,0.5556057095527649,0.011094301007688046,0.4258519113063812,0.5418464541435242,0.008723760955035686,0.4418962001800537,0.5577403903007507,0.008821943774819374,0.44983652234077454,0.5763513445854187,0.009947912767529488,0.3944108188152313,0.5627912878990173,-0.0020220272708684206,0.4360269606113434,0.5373939275741577,-0.004797185771167278,0.4533025920391083,0.5552194714546204,-0.0037062768824398518,0.4593280553817749,0.5766791701316833,-0.0013902485370635986,0.40059494972229004,0.581483781337738,-0.01387590728700161,0.4378475844860077,0.5483317971229553,-0.014694850891828537,0.45464664697647095,0.5663334131240845,-0.01138302031904459,0.46152257919311523,0.585500955581665,-0.008346407674252987,0.4072383940219879,0.6094568371772766,-0.024395689368247986,0.4355069100856781,0.5786136984825134,-0.022978810593485832,0.4479525089263916,0.5853478908538818,-0.018046647310256958,0.45340821146965027,0.5984946489334106,-0.013850311748683453
0.3524869680404663,0.6484898328781128,3.760988676049237e-08,0.36637160181999207,0.6016839742660522,0.019090251997113228,0.3835456967353821,0.572612464427948,0.02365308627486229,0.39914670586586,0.5666300058364868,0.0231475830078125,0.4132304787635803,0.5711756944656372,0.021531585603952408,0.3887820839881897,0.5502790212631226,0.011053371243178844,0.42676278948783875,0.5411756038665771,0.009718394838273525,0.44147616624832153,0.5576463341712952,0.010186314582824707,0.4488008916378021,0.5762115120887756,0.01123804785311222,0.3963509798049927,0.5606784224510193,-0.0013082149671390653,0.43829280138015747,0.5371371507644653,-0.00328641664236784,0.45294901728630066,0.5548321604728699,-0.0021990337409079075,0.4581131935119629,0.5755300521850586,-0.0001215614247485064,0.40351060032844543,0.581725001335144,-0.012132376432418823,0.44186171889305115,0.5505455732345581,-0.012146266177296638,0.45692873001098633,0.568443238735199,-0.008738046512007713,0.46316200494766235,0.5863121151924133,-0.005897689610719681,0.4098709523677826,0.6104783415794373,-0.02145499736070633,0.4389301538467407,0.5819506049156189,-0.019075345247983932,0.45126667618751526,0.5888100266456604,-0.01359680574387312,0.457410603761673,0.5993844866752625,-0.009192750789225101
0.35541221499443054,0.6485621333122253,5.3663981702811725e-08,0.36823347210884094,0.6037964224815369,0.016484111547470093,0.38459357619285583,0.5736846327781677,0.019294526427984238,0.3984430134296417,0.5650583505630493,0.017462074756622314,0.41110455989837646,0.5670779347419739,0.014616608619689941,0.3934584856033325,0.5512082576751709,0.007191152311861515,0.4311167895793915,0.5405129790306091,0.00441767880693078,0.4463421404361725,0.5553276538848877,0.0042569576762616634,0.45353588461875916,0.5725719928741455,0.005109487101435661,0.39969420433044434,0.5611105561256409,-0.004595041275024414,0.44190722703933716,0.5385538935661316,-0.007579882629215717,0.4576048254966736,0.5554469227790833,-0.006759661715477705,0.4630146026611328,0.5752624869346619,-0.004773332737386227,0.40574848651885986,0.5816888213157654,-0.015040205791592598,0.4441201686859131,0.5513252019882202,-0.015992986038327217,0.4604226052761078,0.5680839419364929,-0.012903601862490177,0.46731430292129517,0.585371732711792,-0.010153167881071568,0.4110828936100006,0.6101393103599548,-0.02420159988105297,0.44068390130996704,0.5820969939231873,-0.022687727585434914,0.4541507065296173,0.5881822109222412,-0.017619440332055092,0.4607340693473816,0.5983552932739258,-0.01340885553508997
0.3552216589450836,0.6492167711257935,6.639061211899389e-08,0.36915725469589233,0.6044144630432129,0.014987809583544731,0.38723036646842957,0.5760467052459717,0.017023256048560143,0.4031050205230713,0.5691990852355957,0.014599114656448364,0.4172344505786896,0.571274995803833,0.011327420361340046,0.39462223649024963,0.555921733379364,0.006339894607663155,0.43188104033470154,0.5405040979385376,0.002530968515202403,0.4480487108230591,0.5548739433288574,0.0014047104632481933,0.4566246271133423,0.5709307193756104,0.0015594448195770383,0.4004597067832947,0.5659295320510864,-0.00504901772364974,0.441881000995636,0.540550708770752,-0.008475582115352154,0.45925024151802063,0.5564461350440979,-0.008480619639158249,0.46721383929252625,0.5748166441917419,-0.007380736526101828,0.406311959028244,0.5858014822006226,-0.015307538211345673,0.4440070390701294,0.5529937148094177,-0.01705789938569069,0.46147164702415466,0.5683467388153076,-0.014606916345655918,0.4701477885246277,0.5851269364356995,-0.012456641532480717,0.4119664132595062,0.613783061504364,-0.024474071338772774,0.4404159486293793,0.5841982960700989,-0.024183183908462524,0.45447245240211487,0.5878268480300903,-0.019996121525764465,0.46254801750183105,0.596024751663208,-0.016462203115224838
0.35483598709106445,0.6524577736854553,7.701944326754528e-08,0.37058836221694946,0.6103692054748535,0.013209556229412556,0.39066842198371887,0.5829431414604187,0.014741337858140469,0.40782397985458374,0.5768963694572449,0.012168020009994507,0.42256900668144226,0.5784242749214172,0.00916849821805954,0.396436870098114,0.5625271797180176,0.004452456720173359,0.4346240162849426,0.5450543761253357,-0.0007848662207834423,0.4517160952091217,0.561082124710083,-0.0028782058507204056,0.4607255458831787,0.5791508555412292,-0.0032517011277377605,0.40123382210731506,0.5729622840881348,-0.006370309740304947,0.44335177540779114,0.5479583144187927,-0.011483282782137394,0.4623032808303833,0.5649864673614502,-0.012650462798774242,0.4714934229850769,0.5843751430511475,-0.012212621048092842,0.4063582420349121,0.5923632383346558,-0.01627643033862114,0.44497203826904297,0.5618418455123901,-0.01931290328502655,0.46495646238327026,0.5764731168746948,-0.018072079867124557,0.47612932324409485,0.5933791399002075,-0.016634060069918633,0.41193556785583496,0.6201634407043457,-0.02529442124068737,0.4409292936325073,0.5936017632484436,-0.026077432557940483,0.456685870885849,0.5961171388626099,-0.02323983795940876,0.4667442739009857,0.6037354469299316,-0.020681330934166908
0.352885901927948,0.6579382419586182,7.519796696442427e-08,0.3699773848056793,0.6167311668395996,0.014178181998431683,0.3898802399635315,0.5921809673309326,0.016142452135682106,0.40648597478866577,0.5858951807022095,0.013939484022557735,0.4209810793399811,0.5865643620491028,0.011369925923645496,0.3970184922218323,0.5726155042648315,0.005474140401929617,0.4354005455970764,0.5544414520263672,0.0005190143710933626,0.4531552791595459,0.5693894028663635,-0.0013917938340455294,0.4633004665374756,0.5856227278709412,-0.0018567012157291174,0.40164828300476074,0.583243727684021,-0.005946893244981766,0.44336074590682983,0.5593166947364807,-0.01110858004540205,0.46291664242744446,0.575124204158783,-0.012336579151451588,0.4732017517089844,0.5921670198440552,-0.01220712624490261,0.4062270224094391,0.6022752523422241,-0.016468415036797523,0.44495001435279846,0.5736744403839111,-0.01969672366976738,0.4659728705883026,0.5857481360435486,-0.01849575899541378,0.4793597459793091,0.5990585088729858,-0.017328377813100815,0.4110174775123596,0.6302871704101562,-0.026050355285406113,0.4402009844779968,0.6058574914932251,-0.027041921392083168,0.4566684365272522,0.6053459048271179,-0.02451997436583042,0.46854063868522644,0.608440637588501,-0.022403616458177567
0.3519876003265381,0.6608214974403381,9.341822249098186e-08,0.3677477240562439,0.620975136756897,0.011488689109683037,0.3871877193450928,0.5966596603393555,0.012988667003810406,0.40283605456352234,0.58824223279953,0.010712400078773499,0.4168111979961395,0.5874406099319458,0.008270499296486378,0.3962583839893341,0.5783951878547668,0.004816747736185789,0.4336370825767517,0.5592789053916931,-0.0014673250261694193,0.4529877305030823,0.5708613991737366,-0.004309782758355141,0.4644198417663574,0.5847294926643372,-0.005083989351987839,0.40116479992866516,0.586846113204956,-0.005299799609929323,0.44078999757766724,0.5598288774490356,-0.011543948203325272,0.4609643220901489,0.5735557079315186,-0.013130552135407925,0.4719799757003784,0.5896210670471191,-0.012942703440785408,0.4061535596847534,0.6044596433639526,-0.015036185272037983,0.44289007782936096,0.5741367340087891,-0.019766077399253845,0.4647972583770752,0.5845654010772705,-0.019614869728684425,0.4792047441005707,0.5975226163864136,-0.018569789826869965,0.411391019821167,0.6316611170768738,-0.02408698759973049,0.4407447278499603,0.6072269082069397,-0.026628917083144188,0.458101361989975,0.607024610042572,-0.02543705701828003,0.4708792567253113,0.610872209072113,-0.023905731737613678
0.35243847966194153,0.6620113253593445,1.057702050388798e-07,0.36876973509788513,0.6206379532814026,0.010223712772130966,0.38895383477211,0.5958488583564758,0.011226636357605457,0.406464546918869,0.5893737077713013,0.00863640196621418,0.42092758417129517,0.5900055170059204,0.005896134302020073,0.3954356014728546,0.578244686126709,0.0035533900372684,0.431872695684433,0.558096170425415,-0.003497206373140216,0.45169180631637573,0.5700331330299377,-0.007038484327495098,0.46363693475723267,0.5846473574638367,-0.008310762234032154,0.40050357580184937,0.5869715809822083,-0.006065045017749071,0.43865686655044556,0.5573575496673584,-0.013114548288285732,0.4587455093860626,0.5703818202018738,-0.015525548718869686,0.4694022834300995,0.5873235464096069,-0.015875952318310738,0.4051327705383301,0.6049402952194214,-0.015385467559099197,0.4405943751335144,0.5718982219696045,-0.021041398867964745,0.4623664915561676,0.5811994671821594,-0.021765653043985367,0.47650375962257385,0.5946922302246094,-0.021162213757634163,0.41002440452575684,0.6327844858169556,-0.024094369262456894,0.4390202462673187,0.6074926853179932,-0.027740787714719772,0.45648515224456787,0.6070542335510254,-0.02746785618364811,0.469639390707016,0.6116240620613098,-0.02644609846174717
0.3526175022125244,0.6645285487174988,8.853336197489625e-08,0.3690946102142334,0.622101902961731,0.01150589995086193,0.38923677802085876,0.5975406169891357,0.01251774188131094,0.40692856907844543,0.5923351645469666,0.009782719425857067,0.42163410782814026,0.5936782956123352,0.00693918252363801,0.3937872648239136,0.5784768462181091,0.00318605056963861,0.4320669174194336,0.5587873458862305,-0.003309935564175248,0.4498954713344574,0.5729362964630127,-0.005989845842123032,0.4597105383872986,0.5891144871711731,-0.006531409453600645,0.3987179398536682,0.5884974002838135,-0.006864714901894331,0.4392070770263672,0.5602020025253296,-0.013340368866920471,0.45761531591415405,0.5756818652153015,-0.014856241643428802,0.4663880467414856,0.5938849449157715,-0.014511000365018845,0.4038291275501251,0.607750415802002,-0.016338003799319267,0.44104331731796265,0.5772842764854431,-0.020733922719955444,0.4616290330886841,0.5892035961151123,-0.020246203988790512,0.4743196368217468,0.6036919355392456,-0.019040262326598167,0.40926843881607056,0.6358206272125244,-0.025078184902668,0.4386618137359619,0.6108861565589905,-0.027124110609292984,0.4554692506790161,0.6108874082565308,-0.025619138032197952,0.46782752871513367,0.6149483323097229,-0.023923953995108604
0.35227566957473755,0.6685368418693542,8.199155843158223e-08,0.3679739534854889,0.6237295269966125,0.011082359589636326,0.38755345344543457,0.5973036289215088,0.01174665056169033,0.40541574358940125,0.5912867784500122,0.008743131533265114,0.4205431640148163,0.5933550000190735,0.0055971271358430386,0.3919403851032257,0.5779451727867126,0.002775666071102023,0.43023133277893066,0.5596064925193787,-0.0037172706797719,0.4478300213813782,0.5743410587310791,-0.0064600324258208275,0.4571804404258728,0.5914934873580933,-0.006955910008400679,0.39743772149086,0.5893588662147522,-0.007083264645189047,0.43769168853759766,0.5623447895050049,-0.013357861898839474,0.45520147681236267,0.5782307386398315,-0.014808821491897106,0.46294721961021423,0.5967332124710083,-0.014298304915428162,0.4030487835407257,0.6098603010177612,-0.016325922682881355,0.439494788646698,0.580218493938446,-0.02021504007279873,0.45943543314933777,0.5925331711769104,-0.019368711858987808,0.4711940884590149,0.607405424118042,-0.01790039613842964,0.40872064232826233,0.6388139128684998,-0.02486111968755722,0.4378316104412079,0.612461268901825,-0.02612167038023472,0.4540371894836426,0.6127417087554932,-0.02373899519443512,0.46532076597213745,0.6174060702323914,-0.021366218104958534
0.3523326516151428,0.6742173433303833,8.20416730107354e-08,0.3664478063583374,0.6271181702613831,0.010716048069298267,0.38532453775405884,0.5991505980491638,0.011209835298359394,0.4033966362476349,0.5930230021476746,0.00813733134418726,0.41849955916404724,0.5956774950027466,0.00484123220667243,0.3893980383872986,0.5800619125366211,0.0024133077822625637,0.4270250201225281,0.5603594183921814,-0.003997048828750849,0.44463181495666504,0.573870837688446,-0.006765156518667936,0.45402875542640686,0.5904906988143921,-0.007285878527909517,0.39577141404151917,0.5925756096839905,-0.0071358270943164825,0.4350440800189972,0.5629256367683411,-0.01318097673356533,0.45242196321487427,0.5773547887802124,-0.014686956070363522,0.46011215448379517,0.5953711867332458,-0.014241250231862068,0.40221625566482544,0.6133492588996887,-0.016033658757805824,0.43749311566352844,0.5810254812240601,-0.019796019420027733,0.45698314905166626,0.5921766757965088,-0.019113769754767418,0.46827906370162964,0.6065398454666138,-0.01775132305920124,0.40847253799438477,0.6413205862045288,-0.024219054728746414,0.43657615780830383,0.6133401989936829,-0.02553810179233551,0.45240241289138794,0.6129722595214844,-0.023285023868083954,0.46338951587677,0.6173199415206909,-0.020953653380274773
0.34984341263771057,0.681158185005188,7.960308323617937e-08,0.36306923627853394,0.632834792137146,0.012412304989993572,0.38158470392227173,0.6039661169052124,0.01379301492124796,0.39959850907325745,0.5970142483711243,0.011418653652071953,0.41462022066116333,0.6004387736320496,0.008540316484868526,0.3869595229625702,0.5837870836257935,0.004270068369805813,0.42418739199638367,0.5659846067428589,-0.0006865851464681327,0.4419775605201721,0.5774364471435547,-0.0024790025781840086,0.4521590769290924,0.5922269821166992,-0.0025759011041373014,0.3942702114582062,0.5965440273284912,-0.005878071766346693,0.43321266770362854,0.5668650269508362,-0.010935102589428425,0.4510340094566345,0.579399585723877,-0.011761701665818691,0.4595843553543091,0.5964459180831909,-0.010774718597531319,0.40115007758140564,0.6178183555603027,-0.015134261921048164,0.4361298084259033,0.5848366022109985,-0.018179593607783318,0.45550450682640076,0.5943882465362549,-0.016822174191474915,0.4670097231864929,0.6072416305541992,-0.014971865341067314,0.4073370397090912,0.6463059186935425,-0.02348005771636963,0.4351044297218323,0.6161257028579712,-0.024204527959227562,0.45068132877349854,0.6143200397491455,-0.02119971252977848,0.4616656005382538,0.6175002455711365,-0.018233299255371094
0.35024356842041016,0.6885936260223389,7.682568536893086e-08,0.3626236617565155,0.6402307748794556,0.012210585176944733,0.380097359418869,0.6100509762763977,0.013063334859907627,0.3974857032299042,0.6017297506332397,0.010210849344730377,0.4124216139316559,0.6046212315559387,0.006874841637909412,0.3863118886947632,0.5892388224601746,0.0027315313927829266,0.4233887195587158,0.569069504737854,-0.0025567112024873495,0.4410613775253296,0.580666720867157,-0.0044362545013427734,0.45105788111686707,0.5953621864318848,-0.004574076738208532,0.3931020498275757,0.6012659668922424,-0.0074308160692453384,0.43214237689971924,0.5706655383110046,-0.012627680785953999,0.4500029385089874,0.5834661722183228,-0.013261537998914719,0.4586210250854492,0.6002044081687927,-0.012277857400476933,0.3998183608055115,0.6221396923065186,-0.016643023118376732,0.4349134564399719,0.5879722237586975,-0.019673656672239304,0.45415788888931274,0.5977681875228882,-0.018032006919384003,0.4655376374721527,0.6109238862991333,-0.016137590631842613,0.4062822461128235,0.6504576802253723,-0.024980222806334496,0.4339408576488495,0.6195172667503357,-0.025643866509199142,0.44939112663269043,0.6173420548439026,-0.022557875141501427,0.46035531163215637,0.6202363967895508,-0.01963777281343937
0.3484325408935547,0.6933762431144714,6.485625192453881e-08,0.36096975207328796,0.644824743270874,0.01289360225200653,0.3786936104297638,0.6148236989974976,0.014652255922555923,0.39661169052124023,0.607117772102356,0.012554218992590904,0.4113917052745819,0.6096199154853821,0.009880894795060158,0.38450539112091064,0.5939649343490601,0.004983501974493265,0.4207872748374939,0.5722602605819702,0.000528148200828582,0.43792179226875305,0.5825090408325195,-0.0010545081458985806,0.4477246105670929,0.5963447093963623,-0.0011565859895199537,0.3920997381210327,0.6062700152397156,-0.005312878172844648,0.42938777804374695,0.5731407403945923,-0.009759043343365192,0.4466562569141388,0.5837657451629639,-0.010461277328431606,0.45532602071762085,0.5992778539657593,-0.009636512957513332,0.39920178055763245,0.6270135045051575,-0.01469928864389658,0.43297263979911804,0.5902541875839233,-0.017319384962320328,0.4516848921775818,0.5981898307800293,-0.01575060933828354,0.4633960425853729,0.6095988750457764,-0.013978135772049427,0.4059426486492157,0.6550836563110352,-0.023174898698925972,0.4324887692928314,0.6225981116294861,-0.02378467470407486,0.4476340115070343,0.6184160709381104,-0.02083633653819561,0.4590870440006256,0.6188045740127563,-0.018044382333755493
0.3476172089576721,0.6957715749740601,5.4280068439993556e-08,0.3591330647468567,0.6468785405158997,0.012400399893522263,0.3762522339820862,0.616479754447937,0.0140311224386096,0.3939177095890045,0.607600748538971,0.011840356513857841,0.40859463810920715,0.6081820130348206,0.009161022491753101,0.38340139389038086,0.5967589616775513,0.005095854867249727,0.41790929436683655,0.5726416707038879,0.00020799960475414991,0.4350997507572174,0.5828019380569458,-0.0018229413544759154,0.44476062059402466,0.5968470573425293,-0.00216290052048862,0.39099839329719543,0.6084544062614441,-0.005000928416848183,0.42668935656547546,0.5735746622085571,-0.009649845771491528,0.4438597559928894,0.5844159722328186,-0.010635779239237309,0.45211556553840637,0.600404679775238,-0.010047007352113724,0.3980709910392761,0.6287012696266174,-0.014334054663777351,0.43049418926239014,0.5907957553863525,-0.01736753061413765,0.4491119682788849,0.5985723733901978,-0.016128497198224068,0.4608002305030823,0.6102707386016846,-0.014536303468048573,0.40501147508621216,0.6567705869674683,-0.022808656096458435,0.43142828345298767,0.624732494354248,-0.024020293727517128,0.44692283868789673,0.6198052167892456,-0.021646853536367416,0.45879313349723816,0.6194478273391724,-0.01922641135752201
0.34842973947525024,0.7005935311317444,5.298155159039197e-08,0.3561154305934906,0.6520786881446838,0.009583167731761932,0.3723827302455902,0.6179898381233215,0.01033520046621561,0.38955065608024597,0.6018674969673157,0.007876724004745483,0.40471893548965454,0.593579113483429,0.005285687278956175,0.3812171220779419,0.5969407558441162,0.002128273481503129,0.41517066955566406,0.5686988830566406,-0.0038408092223107815,0.432069331407547,0.5795887112617493,-0.006208134815096855,0.44057393074035645,0.5944975018501282,-0.006376252509653568,0.389303058385849,0.6086931228637695,-0.0066512469202280045,0.4245845377445221,0.5742486119270325,-0.011601571924984455,0.4419052004814148,0.5851413607597351,-0.012650477699935436,0.4499110281467438,0.6009405255317688,-0.012093653902411461,0.39704084396362305,0.6291998624801636,-0.014919430017471313,0.42920592427253723,0.5922525525093079,-0.018200496211647987,0.44783279299736023,0.5989857912063599,-0.017155054956674576,0.4591502845287323,0.6107063889503479,-0.015653399750590324,0.4048166871070862,0.6570023894309998,-0.022568853572010994,0.43106842041015625,0.6247870922088623,-0.02402343414723873,0.4463126063346863,0.6199563145637512,-0.021798988804221153,0.45747682452201843,0.62098628282547,-0.01932944729924202
0.3483213782310486,0.7022554874420166,4.384242302535313e-08,0.35217952728271484,0.652499258518219,0.010859514586627483,0.3668423295021057,0.6163777112960815,0.012443607673048973,0.3831525146961212,0.5966542363166809,0.01097632572054863,0.39790916442871094,0.5853459239006042,0.009386026300489902,0.38012781739234924,0.5936475396156311,0.002311378251761198,0.41387590765953064,0.5641818046569824,-0.0018347257282584906,0.42970532178878784,0.5743828415870667,-0.0019923478830605745,0.4368223547935486,0.5894847512245178,-0.0005020544049330056,0.3891043961048126,0.6051647663116455,-0.00636452529579401,0.4245428144931793,0.5729303359985352,-0.009881386533379555,0.44062408804893494,0.58388352394104,-0.009215050376951694,0.4475315511226654,0.5997827053070068,-0.007321191485971212,0.3971722424030304,0.6262761950492859,-0.014217521995306015,0.4297098219394684,0.5913236141204834,-0.016311833634972572,0.4478818476200104,0.5973529815673828,-0.014260083436965942,0.4584847092628479,0.6085213422775269,-0.012018682435154915,0.4043375551700592,0.6547595858573914,-0.021206799894571304,0.4315629005432129,0.6220462322235107,-0.02148396708071232,0.4465861916542053,0.6187782883644104,-0.018142061308026314,0.45664849877357483,0.6217032670974731,-0.014737480320036411
0.3476402759552002,0.6982613801956177,5.370135269799903e-08,0.35228708386421204,0.6471028327941895,0.011732010170817375,0.3677961230278015,0.6122252345085144,0.013419547118246555,0.3849889934062958,0.5992514491081238,0.011904727667570114,0.4011334478855133,0.5963577032089233,0.010250152088701725,0.37843289971351624,0.5898880958557129,0.001953211845830083,0.4126147925853729,0.5601181387901306,-0.0015232765581458807,0.4281313419342041,0.571309506893158,-0.0008408417925238609,0.4348772466182709,0.5866344571113586,0.001068074139766395,0.3880404233932495,0.6010683178901672,-0.006875971332192421,0.42428457736968994,0.5680165886878967,-0.00976843386888504,0.440432608127594,0.5801002979278564,-0.00856748316437006,0.44712352752685547,0.5965897440910339,-0.006496553774923086,0.39670148491859436,0.6222222447395325,-0.014644219540059566,0.4299420714378357,0.5862323045730591,-0.016108019277453423,0.4481843411922455,0.5939032435417175,-0.013762503862380981,0.4586331844329834,0.6066990494728088,-0.011532549746334553,0.40427684783935547,0.6509401798248291,-0.021443920210003853,0.431925892829895,0.6198167204856873,-0.021199781447649002,0.4472881257534027,0.6179670095443726,-0.017677418887615204,0.4574662446975708,0.6219906806945801,-0.014317994937300682
0.3462845981121063,0.6946558356285095,7.153065695320038e-08,0.3520210385322571,0.6436478495597839,0.011256980709731579,0.3673701882362366,0.6083649396896362,0.012491870671510696,0.3851197063922882,0.5965697169303894,0.010421240702271461,0.4012986421585083,0.5948623418807983,0.008081640116870403,0.3771929144859314,0.5862379670143127,0.0017481993418186903,0.4127110540866852,0.5577332973480225,-0.002559879794716835,0.42945411801338196,0.5690903663635254,-0.0030840064864605665,0.4373326897621155,0.5844870209693909,-0.0020854100584983826,0.38681378960609436,0.598052442073822,-0.007159068714827299,0.4236580729484558,0.5638805031776428,-0.01045240554958582,0.4408400356769562,0.5763022899627686,-0.009902475401759148,0.44814130663871765,0.5934786796569824,-0.00837907288223505,0.39542245864868164,0.6195971369743347,-0.015073726885020733,0.42879149317741394,0.5819548964500427,-0.016728311777114868,0.4473201334476471,0.5907689929008484,-0.014435096643865108,0.45767998695373535,0.6045874953269958,-0.012298566289246082,0.40308406949043274,0.6491397619247437,-0.022138124331831932,0.43103843927383423,0.617033064365387,-0.022200172767043114,0.4464193880558014,0.6157791018486023,-0.018682613968849182,0.4563445448875427,0.6200637221336365,-0.01532292366027832
0.34548529982566833,0.6938067674636841,6.079231695821363e-08,0.350700318813324,0.6432058811187744,0.01190225500613451,0.36567866802215576,0.6077101230621338,0.01373786199837923,0.3827936053276062,0.5953109264373779,0.012061442248523235,0.39869004487991333,0.5927947163581848,0.010098579339683056,0.37664955854415894,0.5847511887550354,0.003846644191071391,0.41188400983810425,0.5560790300369263,-0.00023544924624729902,0.42866626381874084,0.5677101016044617,-0.0011115620145574212,0.43685784935951233,0.5827699899673462,-0.00045703945215791464,0.3862007260322571,0.5961361527442932,-0.005392641760408878,0.4225103557109833,0.5619102716445923,-0.008564349263906479,0.4396705627441406,0.5743678212165833,-0.008383629843592644,0.4471711814403534,0.5913285613059998,-0.007137573789805174,0.39460068941116333,0.6170657873153687,-0.013719307258725166,0.4274224638938904,0.5797830820083618,-0.015319451689720154,0.4459337890148163,0.5883157253265381,-0.013191447593271732,0.4565407633781433,0.6015894412994385,-0.011147773824632168,0.4022134840488434,0.6460587382316589,-0.02118862047791481,0.4298073947429657,0.6130259037017822,-0.020982136949896812,0.44494542479515076,0.6117254495620728,-0.01722808927297592,0.4548143744468689,0.6158773303031921,-0.01372875552624464
0.34320884943008423,0.6915681958198547,6.382504125213018e-08,0.3539927303791046,0.6398703455924988,0.015554158948361874,0.3696299195289612,0.6076321005821228,0.018400246277451515,0.38736554980278015,0.59926438331604,0.01697179116308689,0.40332359075546265,0.6016339063644409,0.01460597850382328,0.37711527943611145,0.5876343250274658,0.007106125354766846,0.41358616948127747,0.5670545697212219,0.0035898545756936073,0.4306972622871399,0.5776045322418213,0.0025955568999052048,0.4405323266983032,0.5918698906898499,0.0027404148131608963,0.3859140872955322,0.5989167094230652,-0.003935378976166248,0.4234420955181122,0.5637103915214539,-0.007593626622110605,0.44085294008255005,0.57554030418396,-0.007269085850566626,0.4495902359485626,0.5916962027549744,-0.005717310588806868,0.3934444189071655,0.6197032928466797,-0.013767552562057972,0.42739179730415344,0.5790454149246216,-0.016051191836595535,0.44596731662750244,0.5891975164413452,-0.013232741504907608,0.45686590671539307,0.6022593975067139,-0.010450913570821285,0.3999803364276886,0.6486724615097046,-0.02237647771835327,0.42770761251449585,0.6140087842941284,-0.023210758343338966,0.443389356136322,0.6114632487297058,-0.019474253058433533,0.45450663566589355,0.6132452487945557,-0.015819787979125977
0.3440448045730591,0.6946775317192078,6.071596203582885e-08,0.35539481043815613,0.6444214582443237,0.013140441849827766,0.37057778239250183,0.612078070640564,0.01463179662823677,0.387371301651001,0.6015130281448364,0.01228739507496357,0.4019929766654968,0.602592945098877,0.009202656336128712,0.3765747845172882,0.5909746885299683,0.003764036577194929,0.41243407130241394,0.5687525868415833,-0.0013618320226669312,0.4299300014972687,0.5779922008514404,-0.0033416240476071835,0.44043928384780884,0.5905770659446716,-0.003888649633154273,0.384649395942688,0.6023160815238953,-0.006709448527544737,0.4210941791534424,0.5645861029624939,-0.012399033643305302,0.4381282329559326,0.5751249194145203,-0.013315225951373577,0.44661787152290344,0.5908651351928711,-0.012493841350078583,0.39203953742980957,0.622427761554718,-0.016170920804142952,0.4241550862789154,0.5794368386268616,-0.019898951053619385,0.4431242048740387,0.5874864459037781,-0.01849973574280739,0.45525097846984863,0.5991204977035522,-0.016643045470118523,0.3988874852657318,0.6505218148231506,-0.024598147720098495,0.4245562255382538,0.6162436008453369,-0.026536663994193077,0.4402363896369934,0.6111158728599548,-0.024323638528585434,0.4523884356021881,0.6108701229095459,-0.02190696820616722
0.3447667360305786,0.6964946985244751,5.9442399447107164e-08,0.3559246361255646,0.6469769477844238,0.012708805501461029,0.37137115001678467,0.6146913766860962,0.014467074535787106,0.3878568708896637,0.6036205887794495,0.012384134344756603,0.4019666910171509,0.6020119190216064,0.009702201932668686,0.3770991563796997,0.5956845283508301,0.00488370843231678,0.4105320870876312,0.5676931738853455,-0.00012306412099860609,0.42820101976394653,0.5737995505332947,-0.0021770568564534187,0.43946847319602966,0.5843033194541931,-0.0027573578990995884,0.3842306435108185,0.6050689816474915,-0.005409439094364643,0.4184023439884186,0.5652642250061035,-0.010955198667943478,0.4358103573322296,0.572825014591217,-0.012079929932951927,0.44526207447052,0.5862266421318054,-0.011400899849832058,0.3913085162639618,0.6230631470680237,-0.014864866621792316,0.42128971219062805,0.5801505446434021,-0.018317662179470062,0.44033920764923096,0.5849499106407166,-0.016792353242635727,0.45328283309936523,0.5942651033401489,-0.014865664765238762,0.3985021710395813,0.6490673422813416,-0.023447776213288307,0.42179059982299805,0.61186283826828,-0.024898769333958626,0.43655046820640564,0.6043024063110352,-0.022397221997380257,0.4483277201652527,0.6026918888092041,-0.019825119525194168
0.34502527117729187,0.6975514888763428,5.704670869022266e-08,0.35549670457839966,0.6485166549682617,0.012311396189033985,0.3710985779762268,0.6167725920677185,0.013815158046782017,0.3871793746948242,0.6063094139099121,0.011577676050364971,0.4015904366970062,0.60433030128479,0.008884293027222157,0.3772081434726715,0.5982859134674072,0.004214740823954344,0.411027729511261,0.5700452923774719,-0.0008921916596591473,0.4281656742095947,0.5771867632865906,-0.0029464014805853367,0.43863412737846375,0.5883715152740479,-0.0034277383238077164,0.38371020555496216,0.6069130301475525,-0.005821022670716047,0.418239563703537,0.5683275461196899,-0.011089051142334938,0.4356181025505066,0.5768012404441833,-0.012065689079463482,0.4448082447052002,0.5906323194503784,-0.01139001827687025,0.3904164135456085,0.624765932559967,-0.015035455115139484,0.4212093651294708,0.5835959911346436,-0.018340902402997017,0.44020089507102966,0.5889984369277954,-0.016867265105247498,0.45278826355934143,0.5987237095832825,-0.015077382326126099,0.3975706696510315,0.6509812474250793,-0.023398779332637787,0.4211692214012146,0.615536093711853,-0.02460893802344799,0.43558621406555176,0.6089423894882202,-0.02196645922958851,0.44669485092163086,0.6079464554786682,-0.019370706751942635
0.3457413911819458,0.6984503865242004,6.992041079456612e-08,0.35606881976127625,0.6499998569488525,0.012655851431190968,0.3714306056499481,0.6185706257820129,0.014267298392951488,0.38746893405914307,0.6085191965103149,0.012053452432155609,0.4018174707889557,0.6077467799186707,0.009380342438817024,0.3758717477321625,0.5989515781402588,0.0041999537497758865,0.41047564148902893,0.5724965929985046,-0.0009651617729105055,0.4282160699367523,0.5808845162391663,-0.0030026959720999002,0.4387838840484619,0.5939728617668152,-0.0033958263229578733,0.38323232531547546,0.6076403856277466,-0.005874156020581722,0.41837048530578613,0.5692349672317505,-0.011088195256888866,0.43664172291755676,0.5785715579986572,-0.012012540362775326,0.44597676396369934,0.5939692854881287,-0.011346593499183655,0.3906153440475464,0.6253173351287842,-0.01506276149302721,0.42203712463378906,0.5839444398880005,-0.018419789150357246,0.4413539469242096,0.5916988253593445,-0.01708361506462097,0.4536064863204956,0.6037293672561646,-0.015352196991443634,0.3983475863933563,0.6510967016220093,-0.02333938516676426,0.4232734143733978,0.6171090602874756,-0.0246308334171772,0.4381179213523865,0.6132830381393433,-0.02210720255970955,0.44903552532196045,0.6147065162658691,-0.019564250484108925
0.3451369106769562,0.698651909828186,6.197436164256942e-08,0.353501558303833,0.6509832143783569,0.012972518801689148,0.3683292865753174,0.6195502877235413,0.014978988096117973,0.3844694495201111,0.6087732315063477,0.01312129944562912,0.3987930715084076,0.6074889898300171,0.010700327344238758,0.3748171627521515,0.6000154614448547,0.005168368108570576,0.4088361859321594,0.572558581829071,0.0004701146390289068,0.4265957474708557,0.5807722806930542,-0.0012365925358608365,0.43709325790405273,0.5937204957008362,-0.001409435528330505,0.382752925157547,0.6077895760536194,-0.004844892304390669,0.417352557182312,0.5684582591056824,-0.009765258990228176,0.43530091643333435,0.5778990387916565,-0.010359182953834534,0.44419196248054504,0.5937421321868896,-0.009427336044609547,0.3902886211872101,0.6244499683380127,-0.0140135008841753,0.421443909406662,0.582503616809845,-0.017137039452791214,0.44089189171791077,0.5901854634284973,-0.015600677579641342,0.45306530594825745,0.6025886535644531,-0.013712005689740181,0.3979766070842743,0.6490930914878845,-0.022239211946725845,0.42306140065193176,0.6138761639595032,-0.023424873128533363,0.43809014558792114,0.6102727651596069,-0.020862726494669914,0.44887179136276245,0.6121963262557983,-0.018267083913087845
0.34564146399497986,0.6987266540527344,6.691652743029408e-08,0.3544900417327881,0.6507556438446045,0.012721450999379158,0.3703484833240509,0.6182762384414673,0.014546504244208336,0.3867418169975281,0.6077439785003662,0.012390068732202053,0.40146705508232117,0.6063812375068665,0.00968267023563385,0.3754933476448059,0.5990036725997925,0.00530327158048749,0.40971797704696655,0.5718741416931152,0.0004213100182823837,0.42756396532058716,0.5798085927963257,-0.001610441249795258,0.43823549151420593,0.5922788977622986,-0.0020094383507966995,0.3825644552707672,0.606026291847229,-0.004843832924962044,0.41781720519065857,0.5688868165016174,-0.00965864211320877,0.4359288513660431,0.5787409543991089,-0.010532954707741737,0.4449801743030548,0.5943107604980469,-0.009876800701022148,0.38994431495666504,0.6226206421852112,-0.014212585985660553,0.42153215408325195,0.5822696685791016,-0.017158381640911102,0.4411314129829407,0.5900746583938599,-0.015944618731737137,0.4531492292881012,0.6024749875068665,-0.014379428699612617,0.39796778559684753,0.6474002599716187,-0.022703809663653374,0.4233611822128296,0.6118181943893433,-0.023462681099772453,0.4381849765777588,0.6095781922340393,-0.020631933584809303,0.4483696520328522,0.6133346557617188,-0.017970537766814232
0.3458249568939209,0.7013769149780273,6.744215852449997e-08,0.35459503531455994,0.6536018252372742,0.012060709297657013,0.3702636957168579,0.6206627488136292,0.013728543184697628,0.38581809401512146,0.6091932058334351,0.01151383575052023,0.40042734146118164,0.6069375276565552,0.008870909921824932,0.37600091099739075,0.6010743379592896,0.005887734238058329,0.40907615423202515,0.574386715888977,0.0010711762588471174,0.42719921469688416,0.5817431211471558,-0.0012319012312218547,0.4383511245250702,0.5930871963500977,-0.0019496569875627756,0.38266557455062866,0.6074481010437012,-0.00411874009296298,0.41732457280158997,0.572235643863678,-0.008725863881409168,0.4358435273170471,0.5820708274841309,-0.009963426738977432,0.44584399461746216,0.5965244770050049,-0.00976000539958477,0.38990518450737,0.6232492327690125,-0.013507966883480549,0.42125236988067627,0.5843501091003418,-0.016499463468790054,0.44136714935302734,0.5918758511543274,-0.015670815482735634,0.4542545676231384,0.6034780144691467,-0.014526431448757648,0.39814355969429016,0.647596538066864,-0.022114697843790054,0.4231942296028137,0.6131033301353455,-0.022959770634770393,0.4383474588394165,0.6101511120796204,-0.02039598487317562,0.4489784836769104,0.612701416015625,-0.018075203523039818
0.3452177941799164,0.7026165723800659,7.831610560060653e-08,0.35321158170700073,0.6554899215698242,0.012598714791238308,0.3687344789505005,0.6221469044685364,0.014807356521487236,0.3846118152141571,0.6101325154304504,0.01291690208017826,0.3988902270793915,0.6069492697715759,0.010450816713273525,0.375056654214859,0.6017754077911377,0.007487564347684383,0.40776747465133667,0.5754343271255493,0.0028482647612690926,0.42699337005615234,0.5814710855484009,0.0005164517788216472,0.43888288736343384,0.5922226309776306,-0.00018019639537669718,0.3820103108882904,0.6077712774276733,-0.0026888211723417044,0.4165480136871338,0.572282612323761,-0.007140755653381348,0.4357837736606598,0.5812475085258484,-0.00843985378742218,0.4460526406764984,0.5960879921913147,-0.008148832246661186,0.3895217776298523,0.6232115626335144,-0.012270095758140087,0.42065268754959106,0.5843499302864075,-0.015228944830596447,0.44092124700546265,0.5914463996887207,-0.014496704563498497,0.4534739851951599,0.6033458113670349,-0.013216160237789154,0.3979933261871338,0.6474941372871399,-0.021051231771707535,0.42337581515312195,0.6119256615638733,-0.02183135598897934,0.4385274648666382,0.6094818711280823,-0.019140757620334625,0.44892197847366333,0.6133733987808228,-0.01656237244606018
0.34605708718299866,0.7062604427337646,6.783229622442377e-08,0.3531395196914673,0.6590778827667236,0.013408382423222065,0.3683469891548157,0.6253663897514343,0.016063984483480453,0.3838362693786621,0.6122711896896362,0.01455317996442318,0.3979978859424591,0.6086521744728088,0.012462661601603031,0.373768150806427,0.6038663387298584,0.008278562687337399,0.4062705636024475,0.5777238011360168,0.0043481867760419846,0.42545515298843384,0.5832080245018005,0.0025777039118111134,0.43742823600769043,0.5930474400520325,0.0021956157870590687,0.38115718960762024,0.6097840666770935,-0.002054925076663494,0.4157275855541229,0.5751010179519653,-0.00577213941141963,0.4348534047603607,0.583588182926178,-0.006509781815111637,0.44519320130348206,0.5970054268836975,-0.00598142109811306,0.38916733860969543,0.6249058842658997,-0.01171997468918562,0.4203806519508362,0.5861742496490479,-0.014127826318144798,0.4404246211051941,0.5926315784454346,-0.012942317873239517,0.45278164744377136,0.6036513447761536,-0.011491237208247185,0.3981955349445343,0.6485608220100403,-0.020512085407972336,0.42346447706222534,0.6125266551971436,-0.020676711574196815,0.43857014179229736,0.6096681952476501,-0.017579110339283943,0.4488126337528229,0.6129304766654968,-0.014852622523903847
0.34762391448020935,0.7098528742790222,7.92340060229435e-08,0.3544929623603821,0.6624352335929871,0.01200739573687315,0.3698531985282898,0.6279110312461853,0.014420825056731701,0.38493308424949646,0.6134263873100281,0.012751092202961445,0.3996228873729706,0.6085942983627319,0.01065840944647789,0.3756798207759857,0.6051639318466187,0.01041334867477417,0.4049776792526245,0.5794984698295593,0.0064464653842151165,0.42464175820350647,0.5819871425628662,0.003725592512637377,0.4379836916923523,0.5909631252288818,0.0025188480503857136,0.38295111060142517,0.610571563243866,0.0005722197238355875,0.41406580805778503,0.5769420862197876,-0.0027756192721426487,0.43389832973480225,0.5821569561958313,-0.004585715942084789,0.4461383819580078,0.5943942070007324,-0.00508930953219533,0.391029953956604,0.6247221231460571,-0.008948957547545433,0.41950318217277527,0.5873031616210938,-0.011282598599791527,0.43978169560432434,0.5909749865531921,-0.011226033791899681,0.45323023200035095,0.6005874276161194,-0.010722645558416843,0.40044447779655457,0.6474296450614929,-0.01781279779970646,0.4235948324203491,0.6122966408729553,-0.017997369170188904,0.438420832157135,0.6086080074310303,-0.015424731187522411,0.44886088371276855,0.6120561957359314,-0.013168420642614365
0.3504270315170288,0.7108814120292664,6.187084267139653e-08,0.3564499616622925,0.6644517183303833,0.0115747582167387,0.37173303961753845,0.6283228993415833,0.013875458389520645,0.3861953318119049,0.612127959728241,0.012365419417619705,0.4004790484905243,0.6045218110084534,0.010707772336900234,0.3767961859703064,0.6061064004898071,0.00863936822861433,0.40427711606025696,0.5763019919395447,0.004141729790717363,0.42200690507888794,0.5823581218719482,0.001674625906161964,0.4335561990737915,0.5940457582473755,0.000930441019590944,0.3840640187263489,0.6118392944335938,-0.0009863488376140594,0.4149838089942932,0.5772181749343872,-0.004931147210299969,0.43465882539749146,0.5831649303436279,-0.0065473695285618305,0.44674479961395264,0.5959694981575012,-0.006742611061781645,0.3918290436267853,0.6262727975845337,-0.010312885977327824,0.42075759172439575,0.5890583992004395,-0.012902111746370792,0.44112628698349,0.5923579335212708,-0.012848850339651108,0.4546606242656708,0.6017506718635559,-0.01226018276065588,0.40127673745155334,0.6488226652145386,-0.018976984545588493,0.4247305989265442,0.6136420369148254,-0.01904037408530712,0.4393373429775238,0.6094498634338379,-0.01657796837389469,0.4496919512748718,0.6126509308815002,-0.01441467460244894
0.35192927718162537,0.7112413644790649,6.899856686004568e-08,0.3569656312465668,0.6634605526924133,0.01063450239598751,0.3712620437145233,0.6268417239189148,0.012640496715903282,0.3848154544830322,0.6101657748222351,0.011071516200900078,0.3988993167877197,0.6027059555053711,0.009263166226446629,0.37728118896484375,0.6048099994659424,0.006949679460376501,0.40347474813461304,0.5723718404769897,0.001967373536899686,0.4210819900035858,0.5787821412086487,-0.0006867222837172449,0.43306857347488403,0.591328501701355,-0.0014674841659143567,0.3849583864212036,0.611574649810791,-0.0021667340770363808,0.4146590530872345,0.5768759250640869,-0.006368902511894703,0.4341610074043274,0.5814818143844604,-0.008461498655378819,0.44683563709259033,0.5939943194389343,-0.009054015390574932,0.39302384853363037,0.6266319155693054,-0.010960214771330357,0.420865535736084,0.5905001163482666,-0.013716288842260838,0.44102033972740173,0.5915066003799438,-0.01446177065372467,0.4550561010837555,0.5991535186767578,-0.014406413771212101,0.4022005796432495,0.6490166187286377,-0.019113950431346893,0.42476150393486023,0.6136968731880188,-0.019237704575061798,0.43903571367263794,0.607958972454071,-0.017098091542720795,0.44965672492980957,0.6100484132766724,-0.015122921206057072
0.3518524467945099,0.7087748646736145,7.937037338479058e-08,0.35694998502731323,0.661274790763855,0.010383875109255314,0.3710026741027832,0.6254016160964966,0.012308727949857712,0.3844309449195862,0.6089307069778442,0.010622497648000717,0.3984683156013489,0.6013158559799194,0.00867106020450592,0.37749767303466797,0.6034618020057678,0.007542692124843597,0.403428852558136,0.5714709758758545,0.0025215260684490204,0.42127883434295654,0.5770902633666992,-0.00035972759360447526,0.4336308240890503,0.5895117521286011,-0.0013089936692267656,0.3852297365665436,0.6095784902572632,-0.0014826167607679963,0.4146406650543213,0.5748010873794556,-0.005698246415704489,0.43452566862106323,0.5791923999786377,-0.008020897395908833,0.4475458860397339,0.5923486351966858,-0.008689682930707932,0.393340140581131,0.6244229674339294,-0.010247841477394104,0.4207764267921448,0.5874136090278625,-0.013132340274751186,0.44098737835884094,0.5884018540382385,-0.013880704529583454,0.45508575439453125,0.5965766906738281,-0.013717059046030045,0.4026302397251129,0.646711528301239,-0.018427303060889244,0.42437705397605896,0.6113892793655396,-0.018951864913105965,0.43870866298675537,0.6049383878707886,-0.01703939400613308,0.4497370719909668,0.6064680814743042,-0.0150754414498806
0.3537555932998657,0.7104661464691162,6.086313675268684e-08,0.358139306306839,0.662639856338501,0.011709848418831825,0.37258899211883545,0.6263366937637329,0.013848037458956242,0.386487752199173,0.6101104021072388,0.012045932933688164,0.400890588760376,0.6019848585128784,0.010087050497531891,0.37784549593925476,0.6027459502220154,0.008251937106251717,0.4031830132007599,0.5680168271064758,0.003184893634170294,0.4197648763656616,0.5750685334205627,0.0007396340952254832,0.4303041696548462,0.5902206301689148,0.0005212207906879485,0.3860991299152374,0.6090397238731384,-0.0014595577958971262,0.41551265120506287,0.5725382566452026,-0.005440383218228817,0.4351286292076111,0.5771167874336243,-0.007149548269808292,0.44721972942352295,0.5918359160423279,-0.007080377545207739,0.39463889598846436,0.6239206194877625,-0.010817207396030426,0.42171451449394226,0.5856408476829529,-0.013029022142291069,0.4415016174316406,0.5874231457710266,-0.012929294258356094,0.4546782970428467,0.5976814031600952,-0.01204090565443039,0.4042702913284302,0.6457052230834961,-0.019514448940753937,0.42548200488090515,0.6087981462478638,-0.01905815303325653,0.4394243359565735,0.6035107970237732,-0.016137879341840744,0.4497353732585907,0.6079078316688538,-0.013298898935317993
0.3556737005710602,0.713179886341095,3.5805712172987114e-08,0.3590930700302124,0.6637510657310486,0.013116593472659588,0.37337231636047363,0.626899242401123,0.016077475622296333,0.38720154762268066,0.6111235618591309,0.01490383967757225,0.401530921459198,0.6045543551445007,0.013573503121733665,0.37861618399620056,0.6016747951507568,0.009666524827480316,0.40242403745651245,0.5646502375602722,0.005495849996805191,0.41809985041618347,0.5713216662406921,0.004053852055221796,0.4274660348892212,0.5879837870597839,0.00467894971370697,0.38759517669677734,0.6083366870880127,-0.0002938531688414514,0.41650211811065674,0.5747246146202087,-0.0030250982381403446,0.43453899025917053,0.5809540748596191,-0.0037748271133750677,0.445254385471344,0.5961204171180725,-0.003132414538413286,0.39653176069259644,0.6230984330177307,-0.009785668924450874,0.4232528507709503,0.5883675217628479,-0.010861044749617577,0.44195428490638733,0.5921760201454163,-0.009850230999290943,0.45430946350097656,0.6044436693191528,-0.008420020341873169,0.40628379583358765,0.6438519954681396,-0.018520357087254524,0.42729541659355164,0.6081209778785706,-0.016962949186563492,0.44107526540756226,0.6051635146141052,-0.01313058938831091,0.4510387182235718,0.6119951605796814,-0.009615352377295494
0.35718834400177,0.7170824408531189,2.525496967109575e-08,0.3611563444137573,0.6667563915252686,0.015530476346611977,0.37529459595680237,0.6291934847831726,0.01924847438931465,0.38841310143470764,0.6125621795654297,0.01835259236395359,0.40259647369384766,0.6045125722885132,0.017264727503061295,0.37908831238746643,0.6064618229866028,0.010301733389496803,0.4007934033870697,0.5635122060775757,0.006350262556225061,0.4165603816509247,0.5687835812568665,0.006099378224462271,0.4262620806694031,0.5856946110725403,0.00788967963308096,0.387526273727417,0.6119359135627747,-0.0008200789452530444,0.41576310992240906,0.5760752558708191,-0.0037538784090429544,0.4342501163482666,0.5828588604927063,-0.0030721649527549744,0.4449257254600525,0.5989799499511719,-0.0008499593241140246,0.396164208650589,0.625827968120575,-0.011249280534684658,0.4226273000240326,0.589934229850769,-0.012408094480633736,0.4416128695011139,0.5942041873931885,-0.009408652782440186,0.45405304431915283,0.6075720191001892,-0.006152537185698748,0.40619727969169617,0.6455039381980896,-0.02076173573732376,0.4265972673892975,0.6082213521003723,-0.01953217200934887,0.4409344792366028,0.6050301194190979,-0.01483642216771841,0.45146676898002625,0.6125169992446899,-0.010196169838309288
0.3590432107448578,0.7176082730293274,1.9288901142999748e-08,0.36358726024627686,0.6674140691757202,0.01688515767455101,0.376714825630188,0.6287034749984741,0.020936394110322,0.3900008797645569,0.610958456993103,0.019953476265072823,0.4037286937236786,0.6019348502159119,0.018566546961665154,0.3789401948451996,0.6047878265380859,0.010831816121935844,0.401955783367157,0.5617099404335022,0.006937779951840639,0.41864049434661865,0.5704033970832825,0.006674193777143955,0.42883047461509705,0.5880998969078064,0.008350099436938763,0.3867400884628296,0.6099620461463928,-0.0011224261252209544,0.4139591455459595,0.5720288157463074,-0.0033668428659439087,0.43270885944366455,0.5814334154129028,-0.002219159621745348,0.44295457005500793,0.598598301410675,0.00015034881653264165,0.39524906873703003,0.6246730089187622,-0.012256485410034657,0.42036449909210205,0.5862327218055725,-0.01274751778692007,0.43935900926589966,0.5922151207923889,-0.008976863697171211,0.45117953419685364,0.6059271097183228,-0.005401626694947481,0.4051264822483063,0.645609974861145,-0.022417519241571426,0.4244036078453064,0.6056773066520691,-0.021354883909225464,0.43905505537986755,0.6028905510902405,-0.016512678936123848,0.4497440755367279,0.610817551612854,-0.011758001521229744
0.35979241132736206,0.721282958984375,-1.2469874910436829e-08,0.36436590552330017,0.6709290146827698,0.019658632576465607,0.37697339057922363,0.6336417198181152,0.0243583582341671,0.3892851173877716,0.6158525347709656,0.02344885654747486,0.4023132920265198,0.6049100756645203,0.02229703962802887,0.3780624568462372,0.6109328866004944,0.011532839387655258,0.39995139837265015,0.5625616312026978,0.0077702198177576065,0.4167466461658478,0.5715007781982422,0.00900287926197052,0.4257616102695465,0.5894911885261536,0.012244061566889286,0.385114848613739,0.6139827966690063,-0.0017558480612933636,0.41165977716445923,0.5671512484550476,-0.004179615527391434,0.4292110502719879,0.5773598551750183,-0.0003316557558719069,0.4357512295246124,0.5965109467506409,0.004846387077122927,0.39352554082870483,0.6267781257629395,-0.014053432270884514,0.4190119802951813,0.5827425718307495,-0.014560756273567677,0.4361933767795563,0.5903956890106201,-0.007156924344599247,0.4442565143108368,0.6065444946289062,-0.00023513947962783277,0.40384507179260254,0.6468533873558044,-0.02523188851773739,0.42357274889945984,0.6063100099563599,-0.024792280048131943,0.4383743107318878,0.6034975051879883,-0.018765335902571678,0.44771426916122437,0.611849844455719,-0.012353573925793171
0.35941779613494873,0.725867748260498,-5.879145348330894e-08,0.36393314599990845,0.6767430305480957,0.022601617500185966,0.37593674659729004,0.6395303010940552,0.02916010469198227,0.3874756693840027,0.6210362911224365,0.02946530282497406,0.3997722864151001,0.6078975200653076,0.029355863109230995,0.3768153488636017,0.6157540082931519,0.015605446882545948,0.39924612641334534,0.5673012137413025,0.012832116335630417,0.41551899909973145,0.5769162178039551,0.014457736164331436,0.4237971305847168,0.5951074361801147,0.01781061664223671,0.3842834234237671,0.6181174516677856,0.0007791779935359955,0.41035789251327515,0.5657391548156738,-0.001447103451937437,0.4281076490879059,0.5773531198501587,0.0023894996847957373,0.43421614170074463,0.5989401340484619,0.0076635368168354034,0.39294248819351196,0.6300872564315796,-0.012996479868888855,0.4184870421886444,0.5837510228157043,-0.014053287915885448,0.43601301312446594,0.5943164825439453,-0.007031100802123547,0.44364088773727417,0.6125184297561646,-0.0002809893630910665,0.403756320476532,0.6489256024360657,-0.025355353951454163,0.4237598478794098,0.6077684760093689,-0.026059580966830254,0.43845629692077637,0.60606449842453,-0.02084510773420334,0.44690167903900146,0.6149950623512268,-0.015046127140522003
0.35834622383117676,0.7281656861305237,-5.85345532044812e-08,0.36320507526397705,0.6793014407157898,0.021664833649992943,0.37430137395858765,0.641804575920105,0.028170250356197357,0.38559040427207947,0.6239749789237976,0.02854206971824169,0.39790019392967224,0.6124683618545532,0.02843361720442772,0.37476032972335815,0.6186990141868591,0.016942210495471954,0.3982106149196625,0.573473334312439,0.015259326435625553,0.41376176476478577,0.5806418657302856,0.016667915508151054,0.42156708240509033,0.596149742603302,0.01932666264474392,0.3820193111896515,0.6194126009941101,0.00266105099581182,0.40849465131759644,0.5656778216362,0.0010317937703803182,0.42549625039100647,0.5773881673812866,0.0038680890575051308,0.4311095178127289,0.5989672541618347,0.00806768424808979,0.39118218421936035,0.6299169659614563,-0.01059216819703579,0.4157412350177765,0.5808414220809937,-0.0111092459410429,0.4324813783168793,0.5931063294410706,-0.005461426917463541,0.43924251198768616,0.6118613481521606,-4.858959437115118e-05,0.40273863077163696,0.6476927995681763,-0.022465039044618607,0.4220058023929596,0.604853093624115,-0.02212493307888508,0.43565481901168823,0.604345440864563,-0.016962572932243347,0.4427531361579895,0.6140181422233582,-0.01174263283610344
0.35777729749679565,0.7278016805648804,-3.0951323282124577e-08,0.36321499943733215,0.6768233180046082,0.020754357799887657,0.37468287348747253,0.6375806927680969,0.026560533791780472,0.3872701823711395,0.6201434135437012,0.026325061917304993,0.4006146788597107,0.6090072989463806,0.025489497929811478,0.37375256419181824,0.6138584017753601,0.016934016719460487,0.3994975686073303,0.5736550092697144,0.015346244908869267,0.4156186282634735,0.5814977288246155,0.016069559380412102,0.42438995838165283,0.5969892740249634,0.01792052574455738,0.38032978773117065,0.6150161623954773,0.002935823518782854,0.4082707464694977,0.56477290391922,0.0011654566042125225,0.4257669150829315,0.5766193866729736,0.0027865576557815075,0.4330538511276245,0.598311185836792,0.005920559633523226,0.38959845900535583,0.6269146203994751,-0.010052552446722984,0.4152272939682007,0.5787495374679565,-0.010817240923643112,0.4330866038799286,0.5912068486213684,-0.006574638653546572,0.44121938943862915,0.6102738380432129,-0.002303960733115673,0.4013819694519043,0.646264910697937,-0.021693062037229538,0.4207454323768616,0.6036381721496582,-0.02094092033803463,0.4337327182292938,0.6041142344474792,-0.016019877046346664,0.44096872210502625,0.6149834990501404,-0.011284444481134415
0.35809141397476196,0.7264703512191772,-3.126055858615473e-08,0.3631438612937927,0.6751386523246765,0.02130039408802986,0.374549925327301,0.6361591815948486,0.02703716978430748,0.3872058093547821,0.6182329654693604,0.02643534541130066,0.40067529678344727,0.6065958738327026,0.025156978517770767,0.37367168068885803,0.6119915246963501,0.01786990649998188,0.39950233697891235,0.5720202326774597,0.01606084406375885,0.41559696197509766,0.5796053409576416,0.016587160527706146,0.4236961901187897,0.5955225229263306,0.018370715901255608,0.3796761631965637,0.6126924753189087,0.003404732560738921,0.40797117352485657,0.5614967346191406,0.0016110847936943173,0.42570123076438904,0.5743728876113892,0.003184991655871272,0.4326571822166443,0.5970658659934998,0.006284050177782774,0.38882389664649963,0.6245166659355164,-0.01008019782602787,0.41526591777801514,0.5760021209716797,-0.011341050267219543,0.4330901503562927,0.590740442276001,-0.007178551517426968,0.4403866231441498,0.6111790537834167,-0.0028385608457028866,0.4005163311958313,0.6437879800796509,-0.022148413583636284,0.42096349596977234,0.6030986309051514,-0.021872395649552345,0.43414926528930664,0.605309009552002,-0.01708417572081089,0.44091126322746277,0.6170135736465454,-0.012431391514837742
0.35721147060394287,0.7250909209251404,-4.566053490862032e-08,0.36190810799598694,0.6732959151268005,0.021981453523039818,0.3734690248966217,0.6346216797828674,0.027805382385849953,0.38619670271873474,0.6175916790962219,0.026930641382932663,0.3995998203754425,0.607058048248291,0.025230588391423225,0.37387722730636597,0.6101208329200745,0.01887681894004345,0.400295227766037,0.5700556039810181,0.01699075661599636,0.4158651828765869,0.5786095857620239,0.017315881326794624,0.422954261302948,0.5960479974746704,0.019184069707989693,0.3801266849040985,0.6110947728157043,0.003974295221269131,0.40918171405792236,0.5603444576263428,0.002660189988091588,0.42638298869132996,0.5748615860939026,0.004341690335422754,0.4321817457675934,0.598506510257721,0.007467752322554588,0.3891720473766327,0.6227439045906067,-0.009961855597794056,0.4167340397834778,0.5744214057922363,-0.011010401882231236,0.4339427053928375,0.5923503637313843,-0.006770952604711056,0.43962615728378296,0.6154618859291077,-0.0022962139919400215,0.4006000757217407,0.6416430473327637,-0.02243378944694996,0.4215560555458069,0.5999009609222412,-0.021790407598018646,0.43404752016067505,0.6045104265213013,-0.01656946912407875,0.4392235577106476,0.6192408204078674,-0.01159196812659502
0.35657891631126404,0.7245863676071167,-3.771645396000167e-08,0.3617919087409973,0.6727604866027832,0.02042420580983162,0.3737424910068512,0.6330114006996155,0.025393560528755188,0.3867633044719696,0.6157509088516235,0.02380521222949028,0.39942947030067444,0.6045939922332764,0.021719185635447502,0.3751547336578369,0.6084021329879761,0.018044225871562958,0.40131035447120667,0.5665751695632935,0.014363073743879795,0.4183085858821869,0.5787078738212585,0.0127101493999362,0.426459401845932,0.5986054539680481,0.013414129614830017,0.38062188029289246,0.6105779409408569,0.003594769863411784,0.41010281443595886,0.5640058517456055,0.0010326721239835024,0.4278143644332886,0.580682098865509,0.0013115482870489359,0.4335678517818451,0.6040173768997192,0.0034311411436647177,0.3885733485221863,0.6216811537742615,-0.010155288502573967,0.4159758388996124,0.575347900390625,-0.0111690703779459,0.4334796965122223,0.5914819836616516,-0.006970277521759272,0.43966665863990784,0.6135872602462769,-0.0025811870582401752,0.39945533871650696,0.6402556300163269,-0.022788632661104202,0.4201884865760803,0.598125159740448,-0.02113940380513668,0.43327951431274414,0.6021586656570435,-0.015240788459777832,0.43897414207458496,0.6171152591705322,-0.009839908219873905
0.3569355309009552,0.7219463586807251,-5.7662628449861586e-08,0.36114299297332764,0.668067991733551,0.023665372282266617,0.3723226487636566,0.6286595463752747,0.02948368713259697,0.38485780358314514,0.6120564937591553,0.028251346200704575,0.398144006729126,0.6024041771888733,0.02589261159300804,0.3746153712272644,0.6009165644645691,0.02009405381977558,0.4001673460006714,0.5641058087348938,0.018723556771874428,0.4157045781612396,0.5755027532577515,0.018470482900738716,0.42347243428230286,0.5942943096160889,0.01962963677942753,0.3805624544620514,0.6042124629020691,0.004146928898990154,0.41051456332206726,0.5640864372253418,0.004117148462682962,0.4265506863594055,0.5808960199356079,0.00542158680036664,0.43089962005615234,0.6048277020454407,0.007613050751388073,0.38841888308525085,0.6174989938735962,-0.010652021504938602,0.4162600040435791,0.5744478106498718,-0.00944596342742443,0.43261954188346863,0.5903828144073486,-0.0047307261265814304,0.4376164972782135,0.6122940182685852,-0.0007997244247235358,0.39829763770103455,0.6373339295387268,-0.02401941642165184,0.41864901781082153,0.5949366688728333,-0.021851716563105583,0.4310298562049866,0.5971196293830872,-0.01607460156083107,0.4359496533870697,0.610368013381958,-0.011053239926695824
0.355276495218277,0.719106912612915,-5.271411396279291e-08,0.3600330054759979,0.6656776070594788,0.022941015660762787,0.3716895580291748,0.6276214718818665,0.029304804280400276,0.38353651762008667,0.6119692325592041,0.029162226244807243,0.3967246413230896,0.604255199432373,0.02781287021934986,0.3745117783546448,0.5962221622467041,0.020882321521639824,0.3995051085948944,0.5627650022506714,0.021075807511806488,0.4147239029407501,0.5700294375419617,0.021113039925694466,0.42396700382232666,0.5833427906036377,0.021699734032154083,0.38105258345603943,0.6007826328277588,0.00574077945202589,0.4093780517578125,0.5682421922683716,0.006765594240278006,0.4250108599662781,0.5804992914199829,0.007010398432612419,0.43155384063720703,0.6002452969551086,0.007709208410233259,0.3886398673057556,0.6153857707977295,-0.008184562437236309,0.413827508687973,0.5778836011886597,-0.0059170909225940704,0.42983511090278625,0.5877891182899475,-0.0026533426716923714,0.4375149607658386,0.6043146252632141,-0.0004890069831162691,0.39807578921318054,0.6359655857086182,-0.02073376439511776,0.41503793001174927,0.5960492491722107,-0.017931446433067322,0.42699533700942993,0.5925446152687073,-0.013134412467479706,0.43405118584632874,0.5989484786987305,-0.009386527352035046
0.35198044776916504,0.7156715989112854,-5.3006868228067106e-08,0.35940441489219666,0.6620679497718811,0.02320745959877968,0.3726928234100342,0.6262467503547668,0.029980134218931198,0.38530778884887695,0.6121954321861267,0.029914548620581627,0.398774117231369,0.6069740056991577,0.028525335714221,0.3748752474784851,0.5947331190109253,0.024103432893753052,0.4016572833061218,0.5697410702705383,0.024586565792560577,0.41733261942863464,0.5821667909622192,0.024281660094857216,0.42628976702690125,0.599655032157898,0.024634554982185364,0.38122737407684326,0.5986121296882629,0.008495193906128407,0.4116491377353668,0.5706092715263367,0.00911007635295391,0.42804959416389465,0.5880295038223267,0.008231887593865395,0.4340209662914276,0.6123687624931335,0.008621791377663612,0.3890884518623352,0.6121666431427002,-0.006042469758540392,0.41514185070991516,0.5777658820152283,-0.004011116921901703,0.4323939085006714,0.5934927463531494,-0.0013599550584331155,0.4401247501373291,0.6144195199012756,0.0007136624772101641,0.39867326617240906,0.6326298713684082,-0.019292255863547325,0.41571351885795593,0.5929843783378601,-0.017071528360247612,0.4285760819911957,0.5903400182723999,-0.01294002402573824,0.436262845993042,0.5982366800308228,-0.009527398273348808
0.35110267996788025,0.7122583389282227,-2.0734253425302995e-08,0.35777127742767334,0.6597621440887451,0.020874449983239174,0.3714698553085327,0.6233699321746826,0.02665768936276436,0.3847760856151581,0.6092380285263062,0.0260643158107996,0.39841797947883606,0.6043786406517029,0.024450169876217842,0.37416985630989075,0.5933144092559814,0.021652380004525185,0.40340882539749146,0.5699282884597778,0.020745093002915382,0.4197627902030945,0.5839625597000122,0.01943838968873024,0.42799344658851624,0.6033210158348083,0.019428057596087456,0.38095271587371826,0.5962778329849243,0.007444392424076796,0.412421852350235,0.5681614279747009,0.007525553926825523,0.4293444752693176,0.5860810279846191,0.006525291129946709,0.43491455912590027,0.6101526618003845,0.006802198477089405,0.389037549495697,0.6091551184654236,-0.005911978427320719,0.41660642623901367,0.5753804445266724,-0.004399451892822981,0.4341583251953125,0.5919294357299805,-0.0023150136694312096,0.4412502646446228,0.6130247116088867,-0.00046824433957226574,0.3985879421234131,0.6295998692512512,-0.018090520054101944,0.41836073994636536,0.592335045337677,-0.015518060885369778,0.4317149817943573,0.5943705439567566,-0.011086629703640938,0.4384351372718811,0.6064155101776123,-0.007405370008200407
0.3490532636642456,0.7071622610092163,-2.501781715125162e-08,0.356605589389801,0.6553405523300171,0.018489137291908264,0.37019801139831543,0.61998450756073,0.02326320670545101,0.3837413191795349,0.6069161891937256,0.022221088409423828,0.3973400592803955,0.6024565100669861,0.02008076198399067,0.3753889501094818,0.5913780927658081,0.017430901527404785,0.4058408737182617,0.5679236054420471,0.014819293282926083,0.4217609167098999,0.5819929838180542,0.01287585124373436,0.4291059374809265,0.6012911796569824,0.012681132182478905,0.3820503056049347,0.5953003764152527,0.004319855477660894,0.4145135283470154,0.565563976764679,0.0025163176469504833,0.43088826537132263,0.5840058326721191,0.001180495717562735,0.43573617935180664,0.607694685459137,0.0015628306427970529,0.38994017243385315,0.6093103885650635,-0.008003710769116879,0.4180143177509308,0.5726721286773682,-0.008396673947572708,0.4350695013999939,0.5892130136489868,-0.006545651238411665,0.4414237141609192,0.6096046566963196,-0.0043985736556351185,0.39882197976112366,0.6317099332809448,-0.01918553002178669,0.41892164945602417,0.5917229652404785,-0.018425852060317993,0.43201351165771484,0.5918385982513428,-0.014526283368468285,0.43859434127807617,0.6016051173210144,-0.010828045196831226
0.3489641845226288,0.7037547826766968,-2.4080270222270883e-08,0.3564538359642029,0.6523747444152832,0.01889730989933014,0.3711201548576355,0.6169018149375916,0.024388868361711502,0.38444143533706665,0.6043460369110107,0.024034533649683,0.3979376554489136,0.5996713042259216,0.02274184301495552,0.37703898549079895,0.5893913507461548,0.019273709505796432,0.40695470571517944,0.5634464621543884,0.017018085345625877,0.42262235283851624,0.5761600732803345,0.01528556551784277,0.42956405878067017,0.5952156782150269,0.015397780574858189,0.38414520025253296,0.5940704345703125,0.00628921901807189,0.41589686274528503,0.5632615089416504,0.005350501276552677,0.4317360818386078,0.579192578792572,0.004647768102586269,0.43613046407699585,0.6013705730438232,0.005407759454101324,0.3920247256755829,0.6081514358520508,-0.006061765365302563,0.42003417015075684,0.5718777179718018,-0.005825584754347801,0.43573716282844543,0.5861163139343262,-0.0034815568942576647,0.44101232290267944,0.6050204634666443,-0.0010792795801535249,0.4006705582141876,0.6299103498458862,-0.01727437973022461,0.421073317527771,0.5906417965888977,-0.01603996567428112,0.4336402416229248,0.5918525457382202,-0.011690852232277393,0.43931129574775696,0.602724015712738,-0.00763382064178586
0.34861519932746887,0.6991985440254211,1.8400619916647543e-09,0.35776767134666443,0.6469730734825134,0.017925672233104706,0.3723802864551544,0.6136229634284973,0.022474387660622597,0.3861989378929138,0.6017998456954956,0.02131185494363308,0.3991670608520508,0.5984013080596924,0.019217677414417267,0.37862449884414673,0.5870180130004883,0.019133003428578377,0.4082932770252228,0.5642119646072388,0.016876723617315292,0.42472004890441895,0.5751232504844666,0.014769417233765125,0.43298500776290894,0.5926153659820557,0.01430997159332037,0.3858186602592468,0.5920151472091675,0.006508372258394957,0.4173089861869812,0.5624815225601196,0.005689264740794897,0.43308451771736145,0.5763471126556396,0.004649657290428877,0.43885037302970886,0.5962648391723633,0.004942439962178469,0.3935163617134094,0.6060515642166138,-0.0055741011165082455,0.4206620156764984,0.5685758590698242,-0.005020636133849621,0.4367341995239258,0.5800836682319641,-0.0026897192001342773,0.44386082887649536,0.5970099568367004,-0.0006401945138350129,0.4018876850605011,0.628372073173523,-0.016693823039531708,0.4207534193992615,0.5879825949668884,-0.015547716990113258,0.433274507522583,0.5856994986534119,-0.011534301564097404,0.4407096803188324,0.5928761959075928,-0.007870897650718689
0.3495195806026459,0.6938286423683167,8.25411738958337e-09,0.35987389087677,0.6430541276931763,0.017473800107836723,0.37505215406417847,0.6107349395751953,0.02157369814813137,0.3891431391239166,0.6000937819480896,0.020212125033140182,0.40190625190734863,0.597710132598877,0.01804230734705925,0.38174498081207275,0.5834357738494873,0.01712265983223915,0.41347792744636536,0.5640442371368408,0.014616617932915688,0.4295043647289276,0.5766669511795044,0.012562320567667484,0.43670180439949036,0.5942838191986084,0.012216242961585522,0.3889317512512207,0.5889553427696228,0.004625936038792133,0.4224638342857361,0.5603883862495422,0.0034644443076103926,0.4378177523612976,0.5770477056503296,0.0027525601908564568,0.4415435194969177,0.598660945892334,0.0034155568573623896,0.3962583541870117,0.6035496592521667,-0.007223677821457386,0.42519018054008484,0.5664878487586975,-0.00685182586312294,0.44045427441596985,0.5816123485565186,-0.003952387720346451,0.4454745352268219,0.600603461265564,-0.0013717603869736195,0.4037284255027771,0.6262706518173218,-0.01811044290661812,0.42414674162864685,0.587769627571106,-0.0170153696089983,0.4366666376590729,0.5875226855278015,-0.01276963297277689,0.4429068863391876,0.5953388214111328,-0.008898704312741756
0.3509397804737091,0.6914855241775513,9.322590699412103e-09,0.36174023151397705,0.6403117775917053,0.016388455405831337,0.3772869110107422,0.6071323156356812,0.01970008760690689,0.3919108510017395,0.5958288908004761,0.017716119065880775,0.4049760699272156,0.5934199690818787,0.014982315711677074,0.38234031200408936,0.5811700820922852,0.014518273994326591,0.4160992503166199,0.5634719729423523,0.01187673769891262,0.43139374256134033,0.5776914954185486,0.009908584877848625,0.4373925030231476,0.5954025387763977,0.0095557551831007,0.38956841826438904,0.5864970684051514,0.0025711869820952415,0.425670325756073,0.5591241121292114,0.0016276910901069641,0.43994075059890747,0.5778848528862,0.001027155783958733,0.4416998624801636,0.5991209149360657,0.0014811746077612042,0.39722055196762085,0.6014891862869263,-0.008575689047574997,0.4285478889942169,0.5645350813865662,-0.008142593316733837,0.4418730139732361,0.5833487510681152,-0.005055445712059736,0.4439210891723633,0.6040575504302979,-0.0024885244201868773,0.40460285544395447,0.6244516372680664,-0.018752029165625572,0.4273292124271393,0.5871328711509705,-0.017328090965747833,0.4392683804035187,0.5925556421279907,-0.012400555424392223,0.4435340464115143,0.6053120493888855,-0.00813345331698656
0.34999731183052063,0.6906103491783142,7.983346428375171e-09,0.36273810267448425,0.643384575843811,0.018084993585944176,0.3782786428928375,0.6089069247245789,0.02234514057636261,0.39400234818458557,0.5988124012947083,0.02110734023153782,0.4073115289211273,0.5979607105255127,0.018890496343374252,0.3814931809902191,0.5819579362869263,0.014299296773970127,0.4167732894420624,0.5638350248336792,0.012371787801384926,0.4316394329071045,0.5786224603652954,0.011205806396901608,0.4378235936164856,0.5958642959594727,0.01112257782369852,0.3879414200782776,0.5887190699577332,0.0015707820421084762,0.4259794354438782,0.5588457584381104,0.000457245041616261,0.44100233912467957,0.5771927833557129,0.0001741030573612079,0.4443855285644531,0.5977224111557007,0.0009365837904624641,0.3952670097351074,0.6055063605308533,-0.010050446726381779,0.42763909697532654,0.56356281042099,-0.010122817941009998,0.44157400727272034,0.5824103355407715,-0.006776959635317326,0.4449179768562317,0.6026538014411926,-0.003913731314241886,0.4026396572589874,0.6300725340843201,-0.020486174151301384,0.42520570755004883,0.5901406407356262,-0.01941177248954773,0.43688103556632996,0.5936208963394165,-0.014571024104952812,0.44194233417510986,0.6040424108505249,-0.010416005738079548
0.3496190011501312,0.6908742785453796,1.833154605890286e-08,0.3617817759513855,0.6427994966506958,0.016801144927740097,0.37687259912490845,0.6080804467201233,0.02013620361685753,0.39295724034309387,0.598894476890564,0.018203066661953926,0.4064606726169586,0.5987808704376221,0.015315383672714233,0.38083726167678833,0.5818100571632385,0.011577327735722065,0.4162605106830597,0.5628946423530579,0.008456466719508171,0.43153494596481323,0.5784101486206055,0.006601808127015829,0.43774333596229553,0.5966737866401672,0.006189373787492514,0.3872610330581665,0.5888902544975281,-0.0007390777464024723,0.4254295825958252,0.5579310655593872,-0.002645234577357769,0.4412245750427246,0.5766935348510742,-0.003151718759909272,0.44493889808654785,0.5979808568954468,-0.0025822483003139496,0.39453598856925964,0.6062712073326111,-0.012007739394903183,0.4272908866405487,0.5630471706390381,-0.012581666000187397,0.44222384691238403,0.5821323990821838,-0.00960240513086319,0.4460895359516144,0.6028364300727844,-0.007025601342320442,0.40179190039634705,0.6317962408065796,-0.02217967063188553,0.42562243342399597,0.5922213792800903,-0.021451400592923164,0.4378175139427185,0.5961129665374756,-0.01688329316675663,0.443027526140213,0.6069923043251038,-0.012966139242053032
0.3494517505168915,0.6893624663352966,2.459809955723813e-08,0.36268144845962524,0.6414002180099487,0.01823478750884533,0.37767651677131653,0.6066909432411194,0.022008078172802925,0.39366844296455383,0.5975727438926697,0.020273486152291298,0.4072062373161316,0.5976234078407288,0.01757957972586155,0.3798483908176422,0.5779299139976501,0.012540904805064201,0.4165836274623871,0.5616164207458496,0.010350561700761318,0.43179458379745483,0.579018771648407,0.009288180619478226,0.4382944703102112,0.5980596542358398,0.009269299916923046,0.3862530589103699,0.585050642490387,-0.0005051150219514966,0.425909161567688,0.5563835501670837,-0.001735671074129641,0.4416727125644684,0.5766192674636841,-0.0015876619145274162,0.44542795419692993,0.5990155935287476,-0.0004880127089563757,0.393766850233078,0.6030235290527344,-0.012309562414884567,0.4276610016822815,0.5629092454910278,-0.01219981536269188,0.4425898492336273,0.5827601552009583,-0.008412646129727364,0.4463755488395691,0.6035309433937073,-0.005251103080809116,0.40143436193466187,0.6292272210121155,-0.02292446419596672,0.42551305890083313,0.5903607606887817,-0.02164924331009388,0.4378543496131897,0.5947661399841309,-0.016463985666632652,0.44328707456588745,0.6061856746673584,-0.01198239903897047
0.34906119108200073,0.6836199164390564,1.4313774165941595e-08,0.36330339312553406,0.6389574408531189,0.016793176531791687,0.37966758012771606,0.6048424243927002,0.020541304722428322,0.39608970284461975,0.597404956817627,0.01904924400150776,0.40916407108306885,0.5983932614326477,0.016728349030017853,0.3807801902294159,0.5724705457687378,0.012164006941020489,0.41843199729919434,0.5576878190040588,0.009147122502326965,0.4338260591030121,0.5769161581993103,0.007308701053261757,0.43927475810050964,0.5974031090736389,0.007036434952169657,0.3875792920589447,0.5789834856987,4.097753844689578e-05,0.42770838737487793,0.5524898767471313,-0.0010970593430101871,0.44294223189353943,0.5750285387039185,-0.0012440362479537725,0.44511842727661133,0.5982920527458191,-0.000449712504632771,0.39523282647132874,0.5970196723937988,-0.011094242334365845,0.42969411611557007,0.5599098801612854,-0.011171139776706696,0.4445132911205292,0.5816606283187866,-0.008188534528017044,0.4472285509109497,0.602934718132019,-0.005562524311244488,0.402741402387619,0.622952938079834,-0.021130988374352455,0.427594393491745,0.5868759155273438,-0.020240241661667824,0.4399971663951874,0.5938314199447632,-0.015692856162786484,0.44462987780570984,0.6067824363708496,-0.011671490967273712
0.3484194874763489,0.678225040435791,-2.2560078805078376e-10,0.36229637265205383,0.6324940323829651,0.017225472256541252,0.3784526288509369,0.5990179777145386,0.0211050882935524,0.39442580938339233,0.5909429788589478,0.01973084919154644,0.40784960985183716,0.5926369428634644,0.017384802922606468,0.381077378988266,0.5684642791748047,0.011427037417888641,0.419029176235199,0.5546459555625916,0.008695508353412151,0.4336850345134735,0.5747129917144775,0.007302440702915192,0.43857210874557495,0.5951799154281616,0.0072237360291182995,0.3879839777946472,0.5750284194946289,-0.0007878397591412067,0.42914125323295593,0.549909234046936,-0.001873200642876327,0.44359809160232544,0.5738562345504761,-0.0018645566888153553,0.44530540704727173,0.5973025560379028,-0.0010831949766725302,0.3955562114715576,0.5932558178901672,-0.01184789277613163,0.4308626651763916,0.5580426454544067,-0.011814313009381294,0.4452332854270935,0.5810490250587463,-0.00897176843136549,0.4477584660053253,0.6027601957321167,-0.006640109699219465,0.4027423560619354,0.6196415424346924,-0.02172834426164627,0.4276164770126343,0.5848984122276306,-0.020927321165800095,0.4398719072341919,0.5929756760597229,-0.016634492203593254,0.44449126720428467,0.606614351272583,-0.01292033214122057
0.34936225414276123,0.6745079755783081,-3.1363136532291946e-09,0.36361992359161377,0.6335539817810059,0.015673376619815826,0.38011112809181213,0.6006949543952942,0.019094405695796013,0.3960215747356415,0.5918049812316895,0.017614297568798065,0.40898188948631287,0.5922961235046387,0.015303755179047585,0.3831421732902527,0.5649779438972473,0.01034852210432291,0.4213036000728607,0.5525086522102356,0.007391742896288633,0.43579503893852234,0.5735832452774048,0.005755318328738213,0.4400995969772339,0.5940625667572021,0.005509105511009693,0.3896099328994751,0.5710334777832031,-0.0011774994200095534,0.4311099052429199,0.5479795336723328,-0.0024397955276072025,0.44526365399360657,0.5734420418739319,-0.0026584435254335403,0.4464028477668762,0.5971065759658813,-0.0020512500777840614,0.39696887135505676,0.5891199111938477,-0.011714004911482334,0.43258750438690186,0.5549067258834839,-0.012162580154836178,0.44676482677459717,0.579298198223114,-0.010015144944190979,0.448808491230011,0.6016457676887512,-0.008106340654194355,0.40385162830352783,0.6151224970817566,-0.021158680319786072,0.4287993311882019,0.5815621018409729,-0.020957481116056442,0.4407149851322174,0.5903657078742981,-0.017335332930088043,0.4446285367012024,0.6045065522193909,-0.014105096459388733
0.34958967566490173,0.6714869737625122,-7.2130879047449525e-09,0.3661336898803711,0.6311558485031128,0.016539549455046654,0.38321468234062195,0.5979689359664917,0.01993859000504017,0.39913469552993774,0.587649941444397,0.018257776275277138,0.4118274450302124,0.5870329737663269,0.015714209526777267,0.3860592544078827,0.5647011399269104,0.009181665256619453,0.4244033694267273,0.5503277778625488,0.00576109578832984,0.43860721588134766,0.5712663531303406,0.004509380552917719,0.4427098333835602,0.5912639498710632,0.004661490209400654,0.390689879655838,0.5714095830917358,-0.0031494637951254845,0.4332217872142792,0.5460024476051331,-0.0058985017240047455,0.4473498463630676,0.5718995928764343,-0.00593028636649251,0.4484693109989166,0.5953351855278015,-0.004685274790972471,0.39701351523399353,0.5902437567710876,-0.014350032433867455,0.4336276650428772,0.5530323386192322,-0.015988653525710106,0.44850942492485046,0.5769508481025696,-0.013444050215184689,0.4512139558792114,0.598862886428833,-0.010895278304815292,0.40344753861427307,0.6173798441886902,-0.024325376376509666,0.42891478538513184,0.5809103846549988,-0.0251010674983263,0.44152581691741943,0.5876137018203735,-0.021664263680577278,0.44638267159461975,0.6000897288322449,-0.018352404236793518
0.3507961332798004,0.6703939437866211,-1.4113292756690043e-08,0.36955562233924866,0.6346398591995239,0.02004448138177395,0.38683706521987915,0.6025083661079407,0.024898938834667206,0.40295127034187317,0.5924705862998962,0.02390448935329914,0.41529685258865356,0.591006338596344,0.02176911011338234,0.38715246319770813,0.5643232464790344,0.01232901494950056,0.4260522723197937,0.5499172210693359,0.010405037552118301,0.440555602312088,0.5719032287597656,0.009839494712650776,0.44500473141670227,0.5924664735794067,0.010168316774070263,0.3913900852203369,0.5697652101516724,-0.0016188761219382286,0.4353688061237335,0.5462546348571777,-0.0020045849960297346,0.4498871862888336,0.5727187991142273,-0.0011497784871608019,0.4510854184627533,0.5963454842567444,-3.737180304597132e-05,0.3975108563899994,0.5875028371810913,-0.014167115092277527,0.4356721341609955,0.5522916913032532,-0.013646543025970459,0.45011407136917114,0.5776280164718628,-0.010404136963188648,0.4518296718597412,0.600509762763977,-0.00828535296022892,0.40427613258361816,0.6134608387947083,-0.02529924362897873,0.43028756976127625,0.5788894295692444,-0.02473270520567894,0.44171279668807983,0.5882179737091064,-0.020691022276878357,0.4450819790363312,0.6029910445213318,-0.017480680719017982
0.3501650094985962,0.6682352423667908,-2.5622778565548288e-08,0.37161940336227417,0.6357296705245972,0.020630070939660072,0.3903026282787323,0.6060914397239685,0.026145856827497482,0.4068601131439209,0.5974242687225342,0.025599583983421326,0.418596088886261,0.5943622589111328,0.023940671235322952,0.3886450529098511,0.5647210478782654,0.014527346007525921,0.42727386951446533,0.5499141812324524,0.012425369583070278,0.442573606967926,0.5722844004631042,0.011067347601056099,0.4477960765361786,0.5927634835243225,0.010724563151597977,0.3920098841190338,0.5695885419845581,0.00013050425332039595,0.43577271699905396,0.5467475652694702,-0.0009842989966273308,0.45092689990997314,0.5741293430328369,-0.0017440057126805186,0.4524706304073334,0.5984510183334351,-0.0017847950803115964,0.39751189947128296,0.5865559577941895,-0.012928763404488564,0.43553322553634644,0.5521852374076843,-0.01313296053558588,0.45105284452438354,0.5783669948577881,-0.011331833899021149,0.45362788438796997,0.6021742820739746,-0.010125791653990746,0.4043235778808594,0.6119200587272644,-0.02454906329512596,0.4298158288002014,0.5777077078819275,-0.024684496223926544,0.44222864508628845,0.586724042892456,-0.02176423743367195,0.44678425788879395,0.6015507578849792,-0.019455911591649055
0.3494194746017456,0.6673769354820251,2.050485115034917e-09,0.368863582611084,0.6279267072677612,0.01986258290708065,0.38791370391845703,0.5978922247886658,0.024659978225827217,0.4050850570201874,0.5904456973075867,0.023528313264250755,0.41865548491477966,0.5903118252754211,0.02125461958348751,0.38823559880256653,0.5646073222160339,0.013142400421202183,0.4274069666862488,0.5514006018638611,0.010227345861494541,0.44368141889572144,0.5723065733909607,0.008730552159249783,0.4507700502872467,0.5920228958129883,0.008479666896164417,0.3922956585884094,0.5717833042144775,-0.0010686834575608373,0.43616950511932373,0.5508301854133606,-0.004198344424366951,0.45214053988456726,0.5772057771682739,-0.005543222185224295,0.45537227392196655,0.6022486090660095,-0.005330651067197323,0.3980596661567688,0.5898251533508301,-0.013964694924652576,0.43618595600128174,0.5573690533638,-0.015349166467785835,0.4525163471698761,0.5813267230987549,-0.01375829242169857,0.45697757601737976,0.6041883826255798,-0.012109707109630108,0.4048904478549957,0.615571141242981,-0.025477604940533638,0.43151146173477173,0.5819202065467834,-0.02568678930401802,0.4450134038925171,0.5881446003913879,-0.022740153595805168,0.4512638449668884,0.6004047989845276,-0.02011582814157009
0.35005655884742737,0.662209689617157,1.961143780704333e-08,0.3640972673892975,0.6140404939651489,0.017661841586232185,0.382549524307251,0.5839263200759888,0.021541940048336983,0.39952710270881653,0.5778608918190002,0.02046334557235241,0.4138284921646118,0.5800811648368835,0.01843428611755371,0.38794535398483276,0.5600177645683289,0.009158586151897907,0.4276901185512543,0.5486152768135071,0.0060651847161352634,0.44255954027175903,0.5680690407752991,0.005558943375945091,0.44723644852638245,0.588282585144043,0.006632606498897076,0.3943277597427368,0.5712342262268066,-0.002732474124059081,0.4374057650566101,0.54899001121521,-0.005273579619824886,0.4520125985145569,0.5725679397583008,-0.004688658751547337,0.45364776253700256,0.5961002707481384,-0.0029107960872352123,0.4004611670970917,0.5918727517127991,-0.013238280080258846,0.438967764377594,0.561917245388031,-0.014175021089613438,0.453865647315979,0.5842167139053345,-0.011179137974977493,0.45671647787094116,0.6050638556480408,-0.00829512719064951,0.4056386351585388,0.6187257170677185,-0.022316426038742065,0.4350331723690033,0.5886999368667603,-0.02161058411002159,0.44761455059051514,0.5979353785514832,-0.017049264162778854,0.4515923857688904,0.6114605665206909,-0.012883426621556282
0.34635406732559204,0.6506434679031372,5.147703419083882e-08,0.3611321747303009,0.6029160022735596,0.01632130891084671,0.37992173433303833,0.5750558972358704,0.019967541098594666,0.3973194658756256,0.572640061378479,0.018707532435655594,0.4115830659866333,0.5772550106048584,0.016462605446577072,0.3867533504962921,0.553347647190094,0.010656718164682388,0.4251093864440918,0.5434504151344299,0.007936469279229641,0.440671443939209,0.561898946762085,0.007038943003863096,0.4471210241317749,0.5814722776412964,0.00755435461178422,0.39403387904167175,0.5649351477622986,-0.0006377230165526271,0.43544232845306396,0.5432837009429932,-0.002728032413870096,0.4502872824668884,0.5651769638061523,-0.0025914348661899567,0.45378708839416504,0.5877315402030945,-0.0012091771932318807,0.4004058241844177,0.5860761404037476,-0.010781344957649708,0.43793582916259766,0.5571746826171875,-0.011129489168524742,0.4527603089809418,0.578912079334259,-0.008095347322523594,0.45674848556518555,0.5987945795059204,-0.005253177136182785,0.4051530659198761,0.6143511533737183,-0.01976059377193451,0.4349247217178345,0.5851962566375732,-0.01764664053916931,0.4471766948699951,0.594153106212616,-0.01197883766144514,0.4514998495578766,0.6068781614303589,-0.0071893916465342045
0.3470964729785919,0.6508417725563049,6.393259610604218e-08,0.3623017966747284,0.6031789779663086,0.01459154486656189,0.3806711733341217,0.5741913318634033,0.01672094501554966,0.39892736077308655,0.5696678757667542,0.014451365917921066,0.414048969745636,0.5738028883934021,0.011515134945511818,0.3839245140552521,0.5498469471931458,0.006826250813901424,0.42419421672821045,0.5423153042793274,0.0030997837893664837,0.4394099712371826,0.5610890984535217,0.002009668853133917,0.4460836350917816,0.5807472467422485,0.0024369738530367613,0.39114823937416077,0.5622358918190002,-0.0038457668852061033,0.4336727261543274,0.5415106415748596,-0.006973376963287592,0.44804179668426514,0.5627154111862183,-0.00669997651129961,0.4523414075374603,0.5851975679397583,-0.005087110213935375,0.39792144298553467,0.5842071175575256,-0.013384574092924595,0.43583399057388306,0.5556238293647766,-0.013871275819838047,0.4510757625102997,0.5759544372558594,-0.010522508062422276,0.4568510055541992,0.595372200012207,-0.007625915110111237,0.40342649817466736,0.6130267381668091,-0.021917952224612236,0.4328368008136749,0.5832081437110901,-0.01966956816613674,0.44534561038017273,0.5906484127044678,-0.014038439840078354,0.45111966133117676,0.6022240519523621,-0.009403939358890057
0.3460659980773926,0.6526817679405212,5.535818914381707e-08,0.3605467975139618,0.6045306921005249,0.01461032498627901,0.3782481253147125,0.5753166675567627,0.016367651522159576,0.39619767665863037,0.5714851021766663,0.013839203864336014,0.4107101261615753,0.576555609703064,0.01045555341988802,0.38172537088394165,0.5524053573608398,0.004636458586901426,0.42073094844818115,0.543759822845459,0.0009234652388840914,0.4359607398509979,0.5615717768669128,0.000298901810310781,0.44229984283447266,0.5806226134300232,0.0011625990737229586,0.3892210125923157,0.5649027824401855,-0.006170568056404591,0.43122363090515137,0.5410748720169067,-0.009236625395715237,0.44616860151290894,0.5609807372093201,-0.0082969069480896,0.4499156177043915,0.5823419690132141,-0.0060876538045704365,0.3963148891925812,0.5871608257293701,-0.015625348314642906,0.4336273670196533,0.5542827248573303,-0.016421448439359665,0.4487435519695282,0.5732373595237732,-0.012593516148626804,0.45302614569664,0.5921247601509094,-0.00909734982997179,0.4020562469959259,0.6163020730018616,-0.023969117552042007,0.43060752749443054,0.5830637216567993,-0.022442590445280075,0.4433828592300415,0.589271068572998,-0.016813987866044044,0.44868165254592896,0.6003751158714294,-0.011866632848978043
0.34609103202819824,0.6635040044784546,5.0184127076136065e-08,0.35892152786254883,0.6163338422775269,0.013324892148375511,0.3761376738548279,0.5855352878570557,0.014786149375140667,0.393604576587677,0.5790972113609314,0.012265339493751526,0.40725645422935486,0.5833626985549927,0.008977735415101051,0.381125271320343,0.561157763004303,0.00408974988386035,0.4184628129005432,0.551108717918396,-5.141221481608227e-05,0.4345477819442749,0.5659818649291992,-0.0011408894788473845,0.4416583180427551,0.5832836627960205,-0.0005781264626421034,0.38867467641830444,0.5734750032424927,-0.006191391497850418,0.4298023283481598,0.5486589670181274,-0.00981247890740633,0.4453095495700836,0.5667747259140015,-0.009164763614535332,0.4497492015361786,0.5867090821266174,-0.006997133605182171,0.39586588740348816,0.5949540138244629,-0.015303723514080048,0.43209055066108704,0.5618941187858582,-0.01693456806242466,0.4476126432418823,0.579197883605957,-0.013553381897509098,0.45281946659088135,0.5965196490287781,-0.01017002947628498,0.40167471766471863,0.6231532692909241,-0.02340281754732132,0.42931851744651794,0.5909088253974915,-0.02261294610798359,0.44171378016471863,0.5961050987243652,-0.017418814823031425,0.4469018578529358,0.6057796478271484,-0.012642649933695793
0.3441174030303955,0.6745783090591431,6.312904332617109e-08,0.3557990789413452,0.6260578632354736,0.013493365608155727,0.37198591232299805,0.5946609377861023,0.015245321206748486,0.3884885311126709,0.586685299873352,0.013058995828032494,0.40192487835884094,0.5902820229530334,0.010113222524523735,0.37898069620132446,0.5709322690963745,0.004940628074109554,0.4152413606643677,0.5583906769752502,0.0012866111937910318,0.4318884611129761,0.5711421370506287,0.000523808179423213,0.44092294573783875,0.5866963863372803,0.0010999164078384638,0.3872269093990326,0.5836079120635986,-0.005575940012931824,0.42631277441978455,0.55665123462677,-0.009511072188615799,0.44361186027526855,0.5703770518302917,-0.009030363522469997,0.451166033744812,0.5877605676651001,-0.006853438448160887,0.3947393298149109,0.6051326394081116,-0.014951498247683048,0.428779661655426,0.569193959236145,-0.01716829463839531,0.44559308886528015,0.5819788575172424,-0.014042507857084274,0.45381027460098267,0.5969425439834595,-0.010618975386023521,0.40097400546073914,0.6343172192573547,-0.02330951765179634,0.42685064673423767,0.599134087562561,-0.02328052744269371,0.43975237011909485,0.600506603717804,-0.018424194306135178,0.4469048082828522,0.6078420281410217,-0.013633373193442822
0.34262707829475403,0.683795154094696,7.215701458562762e-08,0.3546977937221527,0.635181188583374,0.014030667953193188,0.3698274791240692,0.6048591136932373,0.015938837081193924,0.38610753417015076,0.5959131121635437,0.013739954680204391,0.39981508255004883,0.5986949801445007,0.010709460824728012,0.37494465708732605,0.5818250179290771,0.0063049946911633015,0.4110933542251587,0.5674940943717957,0.0020852580200880766,0.4287841320037842,0.577299952507019,0.0003543620405253023,0.43927815556526184,0.59077388048172,0.00012327627337072045,0.3834628462791443,0.593097984790802,-0.004558178596198559,0.42089271545410156,0.5618894100189209,-0.009331480599939823,0.43936991691589355,0.5716851353645325,-0.009955359622836113,0.4488031268119812,0.587257981300354,-0.008749805390834808,0.39133819937705994,0.6132632493972778,-0.014424647204577923,0.4241686463356018,0.5743481516838074,-0.01719612628221512,0.4428168535232544,0.582744836807251,-0.015388377010822296,0.45406052470207214,0.5946465730667114,-0.01313268393278122,0.39836522936820984,0.6410385966300964,-0.023250862956047058,0.42373818159103394,0.6059425473213196,-0.023849904537200928,0.43830791115760803,0.6039421558380127,-0.02037498913705349,0.448513001203537,0.6076133847236633,-0.016889777034521103
0.34183841943740845,0.6893631219863892,6.919660222592938e-08,0.35344862937927246,0.6411444544792175,0.01321454718708992,0.3697298765182495,0.6108511686325073,0.014835204929113388,0.3859884738922119,0.6017510890960693,0.012366494163870811,0.40015655755996704,0.6020795106887817,0.00928411539644003,0.3745478391647339,0.5882543921470642,0.006136893294751644,0.4096589982509613,0.570675790309906,0.0017570338677614927,0.42670270800590515,0.5810000896453857,-0.0001265844766749069,0.43654197454452515,0.5943358540534973,-0.00046763589489273727,0.3820856213569641,0.5981149077415466,-0.004639678169041872,0.41917622089385986,0.5677151083946228,-0.009236903861165047,0.43754270672798157,0.5788748860359192,-0.010120666585862637,0.44681665301322937,0.5943329930305481,-0.009317507036030293,0.38960546255111694,0.6174858212471008,-0.014557967893779278,0.42263633012771606,0.5798321962356567,-0.017343169078230858,0.44144269824028015,0.5900221467018127,-0.01572221703827381,0.4524080753326416,0.6034008860588074,-0.013727167621254921,0.3968624472618103,0.6451539993286133,-0.023560091853141785,0.42243626713752747,0.6107313632965088,-0.023942621424794197,0.4371761679649353,0.6096991300582886,-0.020407000556588173,0.44702446460723877,0.6147472858428955,-0.017086848616600037
0.34132570028305054,0.6881439089775085,7.654400491219349e-08,0.3529853820800781,0.6408119201660156,0.012479346245527267,0.3688421845436096,0.6105443835258484,0.014253685250878334,0.3850966691970825,0.6028820276260376,0.012100722640752792,0.3995581567287445,0.6047919392585754,0.009338406845927238,0.37418293952941895,0.5882607698440552,0.006283248774707317,0.4091265797615051,0.5706183910369873,0.0017662520986050367,0.4259093105792999,0.5814467072486877,-0.000416859082179144,0.43584856390953064,0.5958169102668762,-0.00109556270763278,0.38170236349105835,0.5973595380783081,-0.003847024869173765,0.41807642579078674,0.5662415623664856,-0.008530499413609505,0.43592822551727295,0.576898992061615,-0.009813889861106873,0.44533872604370117,0.5926583409309387,-0.009347866289317608,0.3888073265552521,0.6165456175804138,-0.013219552114605904,0.4213279187679291,0.5782286524772644,-0.01646430417895317,0.44004547595977783,0.5875066518783569,-0.015351207926869392,0.45178765058517456,0.6000106334686279,-0.013590930961072445,0.3956182599067688,0.6449928283691406,-0.021677320823073387,0.4212080240249634,0.6110979914665222,-0.022532111033797264,0.4354062080383301,0.6094163060188293,-0.01929362490773201,0.44543975591659546,0.6127908229827881,-0.016120797023177147
0.3410377502441406,0.6865971088409424,8.704100196155196e-08,0.3521000146865845,0.6397310495376587,0.01252779271453619,0.36758697032928467,0.6095655560493469,0.014691486954689026,0.38321900367736816,0.6002926826477051,0.012951669283211231,0.39742934703826904,0.5999968647956848,0.010589193552732468,0.374035120010376,0.5873104929924011,0.007126061245799065,0.40810349583625793,0.5681853294372559,0.002384770195931196,0.42643263936042786,0.5762159824371338,3.012974775629118e-05,0.4377319812774658,0.5889703035354614,-0.0006829826743341982,0.38158807158470154,0.5950788259506226,-0.002943769795820117,0.4169754981994629,0.5627519488334656,-0.007961031049489975,0.43577679991722107,0.5712873935699463,-0.009320290759205818,0.4461290240287781,0.5864585041999817,-0.008774585090577602,0.3888087868690491,0.6128128170967102,-0.012397930026054382,0.42041024565696716,0.5756866335868835,-0.01592727191746235,0.44034820795059204,0.5825933218002319,-0.01531459204852581,0.453458309173584,0.5935595631599426,-0.013780498877167702,0.3957301378250122,0.6399731636047363,-0.02096003293991089,0.4213200509548187,0.6063314080238342,-0.022113187238574028,0.43611374497413635,0.6040557026863098,-0.0193361584097147,0.44678792357444763,0.6076785326004028,-0.01642395742237568
0.34143513441085815,0.6849660277366638,8.78661978731543e-08,0.3519114553928375,0.6388629674911499,0.011292614974081516,0.36776554584503174,0.6077475547790527,0.013081303797662258,0.38373327255249023,0.5982927680015564,0.011185995303094387,0.39785727858543396,0.5976027846336365,0.008782460354268551,0.3744804263114929,0.5857673287391663,0.0058456165716052055,0.40848344564437866,0.5651520490646362,0.0004736644041258842,0.42703118920326233,0.5730413198471069,-0.002325443085283041,0.43846604228019714,0.5854637622833252,-0.003277155105024576,0.38137704133987427,0.5931522250175476,-0.0036771027371287346,0.41693028807640076,0.5612260103225708,-0.008935386314988136,0.43560826778411865,0.5700487494468689,-0.010589448735117912,0.4459378719329834,0.584743082523346,-0.010368621908128262,0.38838526606559753,0.610567569732666,-0.012723647989332676,0.42018336057662964,0.5744166970252991,-0.0165333803743124,0.44048935174942017,0.5810964703559875,-0.01648080162703991,0.45388513803482056,0.592042863368988,-0.015416538342833519,0.39552393555641174,0.637259304523468,-0.02099679969251156,0.4212925136089325,0.6045538783073425,-0.022468915209174156,0.4364595115184784,0.6021122932434082,-0.020277557894587517,0.44755110144615173,0.6056342124938965,-0.01789403147995472
0.3424226939678192,0.6856096982955933,8.178331967201302e-08,0.353782594203949,0.6410922408103943,0.012690342031419277,0.3693235218524933,0.609011173248291,0.015235581435263157,0.3842540681362152,0.598231852054596,0.01375362928956747,0.3978952467441559,0.5975915789604187,0.011706492863595486,0.37497323751449585,0.5850203037261963,0.008339229971170425,0.4093882143497467,0.5665566325187683,0.004163557197898626,0.42785465717315674,0.5748735070228577,0.0018499984871596098,0.43917423486709595,0.5863200426101685,0.0009776328224688768,0.38178765773773193,0.5918529033660889,-0.001783259678632021,0.4178112745285034,0.5630828142166138,-0.005533779971301556,0.4366522431373596,0.5730779767036438,-0.006795876193791628,0.44708335399627686,0.5871809124946594,-0.0067089032381772995,0.38885781168937683,0.6087709665298462,-0.011390352621674538,0.4209628701210022,0.574251115322113,-0.01384492963552475,0.44098782539367676,0.5823315978050232,-0.013309866189956665,0.4540521204471588,0.5935980677604675,-0.012389389798045158,0.39632150530815125,0.6352422833442688,-0.020191924646496773,0.4218229353427887,0.6037042140960693,-0.020614376291632652,0.4369964897632599,0.6025134325027466,-0.017966780811548233,0.44787371158599854,0.6066444516181946,-0.01559959352016449
0.34194767475128174,0.6889495849609375,8.64194902305826e-08,0.3539372384548187,0.6445385813713074,0.012581223621964455,0.36983945965766907,0.6125110983848572,0.014774992130696774,0.38521501421928406,0.6027984023094177,0.012835617177188396,0.3992771804332733,0.603936493396759,0.010262854397296906,0.3748275339603424,0.587812602519989,0.009023919701576233,0.4086635708808899,0.5732486248016357,0.004862056579440832,0.4272536039352417,0.5813677906990051,0.0021220045164227486,0.4386979341506958,0.5929341316223145,0.0008612649980932474,0.38175585865974426,0.5951703786849976,-0.0013438849709928036,0.41807740926742554,0.5692254900932312,-0.005086993798613548,0.4380239248275757,0.5782458782196045,-0.006740994285792112,0.44945594668388367,0.5914422273635864,-0.00699402904137969,0.3888726532459259,0.6121400594711304,-0.011244542896747589,0.4213564395904541,0.5771570205688477,-0.01408356986939907,0.441613107919693,0.5855729579925537,-0.013620403595268726,0.4543842673301697,0.5973193645477295,-0.012667423114180565,0.39651209115982056,0.6385725736618042,-0.02034071274101734,0.4216979742050171,0.6063007116317749,-0.020960984751582146,0.43659430742263794,0.6053804755210876,-0.018055155873298645,0.44680702686309814,0.610010027885437,-0.015473657287657261
0.34226685762405396,0.6925784349441528,8.129560313818729e-08,0.3541955351829529,0.6478075981140137,0.014431777410209179,0.37031620740890503,0.6169329881668091,0.017084408551454544,0.3866237699985504,0.6066001057624817,0.015432264655828476,0.4008188247680664,0.6078715920448303,0.013016671873629093,0.37475404143333435,0.5902607440948486,0.00926591269671917,0.4090898633003235,0.5773558020591736,0.0062387301586568356,0.4279336631298065,0.5861756801605225,0.004748390056192875,0.43955573439598083,0.5986154079437256,0.00421545933932066,0.38199082016944885,0.5981627702713013,-0.0018659699708223343,0.41900065541267395,0.5730158686637878,-0.005090436898171902,0.4387455880641937,0.5826265215873718,-0.005838064476847649,0.44958359003067017,0.5965377688407898,-0.005470960400998592,0.38905104994773865,0.6154780387878418,-0.012187088839709759,0.42239484190940857,0.5820453763008118,-0.014404132962226868,0.4424107074737549,0.5907083749771118,-0.012957547791302204,0.4544421434402466,0.6027469635009766,-0.011441481299698353,0.39655789732933044,0.6420592069625854,-0.021520620211958885,0.422443687915802,0.60919588804245,-0.02172941155731678,0.437602162361145,0.6080812811851501,-0.018344994634389877,0.44796350598335266,0.6126249432563782,-0.01543348841369152
0.3440089523792267,0.6964277625083923,1.0716752996131618e-07,0.35463985800743103,0.6511997580528259,0.010767846368253231,0.37107837200164795,0.6191433668136597,0.011987770907580853,0.3868574798107147,0.6065161824226379,0.009363182820379734,0.40109390020370483,0.6046329140663147,0.006218707654625177,0.375993549823761,0.5933930277824402,0.008010182529687881,0.40873947739601135,0.5772031545639038,0.0032124053686857224,0.4290192425251007,0.5825573801994324,-0.0001969287113752216,0.4424998164176941,0.5923909544944763,-0.0019023726927116513,0.3829723298549652,0.6001644134521484,-0.0017406046390533447,0.41760215163230896,0.5751430988311768,-0.0057013025507330894,0.4381454288959503,0.5820178985595703,-0.00800913106650114,0.45069387555122375,0.5942031741142273,-0.00892152264714241,0.39046722650527954,0.6160745024681091,-0.01118727307766676,0.4208657443523407,0.5834217071533203,-0.013913986273109913,0.44137147068977356,0.5886790156364441,-0.014002659358084202,0.45484524965286255,0.5987749099731445,-0.013653168454766273,0.398828387260437,0.6407224535942078,-0.020069168880581856,0.42234113812446594,0.6074209809303284,-0.020519835874438286,0.43706077337265015,0.6043955683708191,-0.017913850024342537,0.44782745838165283,0.6082737445831299,-0.01564744859933853
0.3458426594734192,0.6976325511932373,7.977458693630979e-08,0.3557012379169464,0.652560830116272,0.0125515665858984,0.37207096815109253,0.6215426921844482,0.014746854081749916,0.3873993158340454,0.6094199419021606,0.012752756476402283,0.40115439891815186,0.6061751842498779,0.010320931673049927,0.3760424852371216,0.5983756184577942,0.009423850104212761,0.4070279598236084,0.5757208466529846,0.005101758521050215,0.42589378356933594,0.5836950540542603,0.002496408298611641,0.4379425644874573,0.5966699719429016,0.0015088090440258384,0.3826931416988373,0.6037410497665405,-0.0008123524021357298,0.41603273153305054,0.5739615559577942,-0.0046311537735164165,0.4362204372882843,0.5831521153450012,-0.006261049769818783,0.44812020659446716,0.5980186462402344,-0.006543283350765705,0.38999295234680176,0.6184085011482239,-0.010623614303767681,0.4204004108905792,0.5835883021354675,-0.013289203867316246,0.4412916600704193,0.5914089679718018,-0.01298514474183321,0.45470935106277466,0.6042705774307251,-0.012260555289685726,0.3986934721469879,0.6421182155609131,-0.01968553103506565,0.42309561371803284,0.6091259717941284,-0.01986122317612171,0.43832722306251526,0.6085009574890137,-0.016942350193858147,0.44885262846946716,0.614934504032135,-0.01444512140005827
0.3468899428844452,0.6987259984016418,8.044990806865826e-08,0.35548096895217896,0.6527969837188721,0.011698036454617977,0.37222883105278015,0.6197011470794678,0.013920757919549942,0.38744091987609863,0.6067607998847961,0.012186783365905285,0.40145424008369446,0.6015203595161438,0.010219679214060307,0.3767813742160797,0.5977096557617188,0.008747623302042484,0.4069887399673462,0.5720004439353943,0.003939791116863489,0.4253527522087097,0.5818566083908081,0.0010931326542049646,0.4370248317718506,0.5966150760650635,0.00011855754564749077,0.38356253504753113,0.6034690737724304,-0.0010728839552029967,0.4165523648262024,0.5729493498802185,-0.005237873177975416,0.43678009510040283,0.5824810862541199,-0.007217132952064276,0.44882363080978394,0.5979428291320801,-0.007598745636641979,0.39077797532081604,0.6186532378196716,-0.010566032491624355,0.42101919651031494,0.583760142326355,-0.013405246660113335,0.4419739246368408,0.5907334089279175,-0.013452433049678802,0.45562124252319336,0.6030982732772827,-0.012805682606995106,0.39945608377456665,0.6429993510246277,-0.019395342096686363,0.4238154888153076,0.6090772747993469,-0.019467458128929138,0.43868619203567505,0.607403576374054,-0.016625739634037018,0.448952317237854,0.6131975650787354,-0.014100599102675915
0.3496509790420532,0.7007805705070496,7.378849886663374e-08,0.35748082399368286,0.6562338471412659,0.01138581894338131,0.3736485540866852,0.6225928068161011,0.013270484283566475,0.38854914903640747,0.6086800694465637,0.011215994134545326,0.40290454030036926,0.6018044352531433,0.008978663943707943,0.3777768909931183,0.5983188152313232,0.007736429572105408,0.4078267812728882,0.5689353346824646,0.0024705701507627964,0.4256491959095001,0.5793830156326294,-0.00038812230923213065,0.4366481304168701,0.5950624942779541,-0.0011696635046973825,0.384497731924057,0.6046834588050842,-0.002053673379123211,0.4173961281776428,0.5721456408500671,-0.0065076034516096115,0.4378267824649811,0.581304132938385,-0.008691973984241486,0.4498993456363678,0.597202479839325,-0.009205183014273643,0.3919249475002289,0.6200133562088013,-0.01153174601495266,0.42167654633522034,0.5837971568107605,-0.014360419474542141,0.4426685869693756,0.5899111032485962,-0.014782378450036049,0.45628082752227783,0.6021516919136047,-0.014467043802142143,0.4011356234550476,0.6432877779006958,-0.020348843187093735,0.4246675968170166,0.6081804037094116,-0.020484432578086853,0.43944668769836426,0.6057018637657166,-0.01801416277885437,0.4496341645717621,0.6113545894622803,-0.015787584707140923
0.3523412048816681,0.7037557363510132,5.1537206502416666e-08,0.3590969443321228,0.6587468385696411,0.01217589620500803,0.37455496191978455,0.6238550543785095,0.014111016876995564,0.3888799250125885,0.61004239320755,0.011890608817338943,0.40323394536972046,0.6042442917823792,0.009576239623129368,0.37941429018974304,0.5996714234352112,0.008222898468375206,0.4078465402126312,0.5672630071640015,0.0022400382440537214,0.4244678020477295,0.5792111158370972,-0.0009635325986891985,0.43344807624816895,0.5980713963508606,-0.001574288820847869,0.3861771523952484,0.6056458950042725,-0.0019365741172805429,0.417894572019577,0.5729135274887085,-0.006553784478455782,0.43751004338264465,0.5838333964347839,-0.008389380760490894,0.4485793113708496,0.6015011072158813,-0.008493592962622643,0.3936590552330017,0.6203051209449768,-0.01185408141463995,0.4228048026561737,0.5856343507766724,-0.014428981579840183,0.44315341114997864,0.5933001041412354,-0.014241615310311317,0.4560355544090271,0.6075564026832581,-0.01338677853345871,0.40307557582855225,0.6427459120750427,-0.02112572453916073,0.42667102813720703,0.6092099547386169,-0.020577168092131615,0.44161370396614075,0.6084444522857666,-0.017536591738462448,0.45159971714019775,0.6161788105964661,-0.014834131114184856
0.35528773069381714,0.709965169429779,4.341780979189025e-08,0.36088666319847107,0.6636091470718384,0.011935989372432232,0.37536582350730896,0.6272322535514832,0.013783052563667297,0.3895549774169922,0.6123313307762146,0.011535660363733768,0.40400269627571106,0.6053069233894348,0.009234256111085415,0.38059091567993164,0.6039035320281982,0.007410825230181217,0.40681537985801697,0.5676984786987305,0.0011326951207593083,0.4235537052154541,0.5780553221702576,-0.001990757416933775,0.43286052346229553,0.5973219871520996,-0.002359177218750119,0.3877660632133484,0.6103072762489319,-0.002520631765946746,0.41776877641677856,0.5761157274246216,-0.007436308544129133,0.43680107593536377,0.5860735774040222,-0.009027034975588322,0.4475657641887665,0.6034190058708191,-0.008719407953321934,0.395530104637146,0.6247285604476929,-0.012167799286544323,0.4233832061290741,0.5896702408790588,-0.01464676484465599,0.44287800788879395,0.5958026051521301,-0.013751767575740814,0.45531368255615234,0.6095457673072815,-0.012228128500282764,0.4049641191959381,0.6464864015579224,-0.021226461976766586,0.4274817705154419,0.6124190092086792,-0.020619476214051247,0.4423006772994995,0.6100777387619019,-0.01722327060997486,0.45261064171791077,0.6168967485427856,-0.01400664635002613
0.35722616314888,0.717139482498169,1.9619243118995655e-08,0.3636557161808014,0.6693493723869324,0.015584477223455906,0.3777411878108978,0.6319729685783386,0.01878920942544937,0.39133983850479126,0.6144755482673645,0.017114872112870216,0.40522482991218567,0.6046047210693359,0.015133989974856377,0.38026162981987,0.6096261143684387,0.010103816166520119,0.40564239025115967,0.5686461925506592,0.004736241884529591,0.42279866337776184,0.5800807476043701,0.002649355912581086,0.4327912926673889,0.5996291041374207,0.0029698528815060854,0.387052446603775,0.615419864654541,-0.0015728473663330078,0.4157060980796814,0.5766001343727112,-0.005539655685424805,0.4349367618560791,0.5876287817955017,-0.006166069768369198,0.4454571306705475,0.6056357622146606,-0.005228803493082523,0.39482611417770386,0.6295912265777588,-0.01265848521143198,0.4214043617248535,0.5899984836578369,-0.014284768141806126,0.44096213579177856,0.5966430306434631,-0.012195957824587822,0.45308512449264526,0.6113505959510803,-0.01002364419400692,0.4047349989414215,0.6505656838417053,-0.02289487048983574,0.42552411556243896,0.6128202676773071,-0.022535106167197227,0.4405986964702606,0.6100245714187622,-0.019061721861362457,0.4512905776500702,0.6172547936439514,-0.015731213614344597
0.3601883053779602,0.7228372097015381,1.9029757325483843e-08,0.3654479384422302,0.6752793192863464,0.01739436946809292,0.3780043423175812,0.6361475586891174,0.020364822819828987,0.39060497283935547,0.6161368489265442,0.018151000142097473,0.4041411876678467,0.603194534778595,0.015400625765323639,0.3802439868450165,0.6135058999061584,0.00807227287441492,0.40601328015327454,0.570168137550354,0.0032610008493065834,0.42369523644447327,0.5798405408859253,0.002719151321798563,0.43398165702819824,0.598429799079895,0.0043047391809523106,0.3858337104320526,0.6189419627189636,-0.0048659020103514194,0.4142627418041229,0.5742868185043335,-0.008810487575829029,0.4336317777633667,0.5837761163711548,-0.0072021884843707085,0.4425290822982788,0.6031079888343811,-0.004046983551234007,0.39309847354888916,0.6332998275756836,-0.016824405640363693,0.4189368486404419,0.586604118347168,-0.018426669761538506,0.43793025612831116,0.591787576675415,-0.013706584461033344,0.44822460412979126,0.6068342924118042,-0.009251086972653866,0.40269356966018677,0.6542859077453613,-0.02774210460484028,0.4214837849140167,0.6105494499206543,-0.027954384684562683,0.43599170446395874,0.6051761507987976,-0.023343050852417946,0.4455161690711975,0.6127281785011292,-0.018551180139183998
0.360102117061615,0.7293841242790222,-2.4623520999966786e-08,0.36555999517440796,0.6819547414779663,0.020990857854485512,0.3777143955230713,0.6431786417961121,0.02553429640829563,0.38898688554763794,0.6216384172439575,0.023786958307027817,0.40045982599258423,0.6035490036010742,0.02170366235077381,0.37854087352752686,0.621491014957428,0.01202059630304575,0.4039481282234192,0.57331383228302,0.007205009926110506,0.4205724895000458,0.5857923030853271,0.007301722187548876,0.42819055914878845,0.6081639528274536,0.009926611557602882,0.3838586211204529,0.6238195896148682,-0.0029287401121109724,0.4118136167526245,0.5674003958702087,-0.0071998885832726955,0.4312766194343567,0.57977294921875,-0.004277489148080349,0.437839537858963,0.6036835312843323,0.0005805330583825707,0.39157211780548096,0.6355635523796082,-0.016876330599188805,0.417338103055954,0.5804943442344666,-0.019186150282621384,0.4363321363925934,0.5929917097091675,-0.012407629750669003,0.44374972581863403,0.6143823266029358,-0.005652111954987049,0.40213465690612793,0.6549960970878601,-0.029584567993879318,0.420858770608902,0.6071851253509521,-0.02997991442680359,0.4347895085811615,0.6088157296180725,-0.023874705657362938,0.4413613975048065,0.6238993406295776,-0.017583727836608887
0.36093801259994507,0.7377732992172241,4.611538706456031e-09,0.3669109642505646,0.6886619925498962,0.015831967815756798,0.3795723617076874,0.6487975120544434,0.0186310987919569,0.39282989501953125,0.6298065185546875,0.016589323058724403,0.4053895175457001,0.6167796850204468,0.014105568639934063,0.3782669007778168,0.6256113648414612,0.007268628571182489,0.40393126010894775,0.5772306323051453,0.0026707034558057785,0.4214498698711395,0.5819894075393677,0.0016116356709972024,0.4312536418437958,0.5964704751968384,0.002732675988227129,0.3831358850002289,0.6279067397117615,-0.004647165536880493,0.41000184416770935,0.5681106448173523,-0.008680119179189205,0.4287635385990143,0.5758962631225586,-0.008239013142883778,0.43677324056625366,0.596443235874176,-0.005762816406786442,0.3914855420589447,0.6406630277633667,-0.015459747053682804,0.4147457182407379,0.5841586589813232,-0.017413586378097534,0.4322098195552826,0.5943310260772705,-0.014234275557100773,0.4397963285446167,0.6139500737190247,-0.010624237358570099,0.4024431109428406,0.6608417630195618,-0.025247875601053238,0.4181808531284332,0.6131443381309509,-0.0253756083548069,0.4302596151828766,0.612836480140686,-0.021228302270174026,0.4368382394313812,0.6254987716674805,-0.016976820304989815
0.3610527813434601,0.7433583736419678,2.3843287344504915e-09,0.36700159311294556,0.6939153671264648,0.014720111154019833,0.3793867230415344,0.6536152958869934,0.017389370128512383,0.3922370374202728,0.6342596411705017,0.015342410653829575,0.4044819474220276,0.6208495497703552,0.01283490750938654,0.3790028393268585,0.6300487518310547,0.007211067248135805,0.40397608280181885,0.5785582661628723,0.0025067415554076433,0.42114847898483276,0.5799108743667603,0.0011147473705932498,0.4308387339115143,0.5923622250556946,0.0020007083658128977,0.38410234451293945,0.6318768262863159,-0.004013436380773783,0.4099079668521881,0.5707818269729614,-0.007544782944023609,0.42812272906303406,0.576341986656189,-0.007565048057585955,0.43591246008872986,0.595623254776001,-0.0057275136932730675,0.3924511969089508,0.6436925530433655,-0.014287753961980343,0.4150238037109375,0.5869871377944946,-0.01621985249221325,0.4321005046367645,0.5981476902961731,-0.013828742317855358,0.4393356442451477,0.6191294193267822,-0.010886117815971375,0.40319469571113586,0.6628360748291016,-0.023631563410162926,0.4175799489021301,0.6152374744415283,-0.024161579087376595,0.42927858233451843,0.6159784197807312,-0.020715808495879173,0.4355470538139343,0.6303794980049133,-0.017002390697598457
0.3606278896331787,0.7484513521194458,-1.5846008949438328e-09,0.3670457899570465,0.7000325918197632,0.01311876904219389,0.37860798835754395,0.6584033370018005,0.015833912417292595,0.3906644880771637,0.6360213160514832,0.014445231296122074,0.4031613767147064,0.6207705140113831,0.012975756078958511,0.3773804008960724,0.6327559947967529,0.0067926859483122826,0.4037630259990692,0.5825110077857971,0.002283508190885186,0.4209810197353363,0.5863401293754578,0.0012954823905602098,0.4299730360507965,0.6012886166572571,0.0026438948698341846,0.3822585344314575,0.6340445876121521,-0.002921824110671878,0.4101729393005371,0.5752794146537781,-0.006481258198618889,0.42813435196876526,0.5844151973724365,-0.006291247438639402,0.43504849076271057,0.6063999533653259,-0.003947248682379723,0.39052891731262207,0.6455612182617188,-0.0118422731757164,0.41379961371421814,0.5888669490814209,-0.01384042575955391,0.43127915263175964,0.5995891094207764,-0.011545314453542233,0.4388822019100189,0.6209664344787598,-0.008390415459871292,0.4012940526008606,0.6643205285072327,-0.0198875330388546,0.41610077023506165,0.6169095635414124,-0.020832644775509834,0.428251177072525,0.6169078946113586,-0.017901159822940826,0.43489593267440796,0.6311419010162354,-0.014261537231504917
0.36087870597839355,0.7523324489593506,-3.338653442597206e-08,0.364755779504776,0.6984423995018005,0.01877325214445591,0.3751925230026245,0.6567572355270386,0.022918201982975006,0.3868371844291687,0.6367936134338379,0.021372659131884575,0.39958351850509644,0.6224408149719238,0.019257785752415657,0.3756966292858124,0.6321701407432556,0.011141851544380188,0.4020795226097107,0.5844123959541321,0.006544420495629311,0.418908953666687,0.592800498008728,0.005975050386041403,0.4270328879356384,0.6109419465065002,0.007816060446202755,0.38112112879753113,0.6350238919258118,-0.0023284805938601494,0.40976011753082275,0.5783492922782898,-0.006485766265541315,0.4285315275192261,0.5904273390769958,-0.005317390896379948,0.4348762333393097,0.6149685978889465,-0.0018030807841569185,0.38973164558410645,0.6473310589790344,-0.014767124317586422,0.4142995774745941,0.5889033079147339,-0.017605680972337723,0.43245795369148254,0.6011363863945007,-0.01337490975856781,0.43963873386383057,0.6232045888900757,-0.008228624239563942,0.40078818798065186,0.6668075323104858,-0.02589980885386467,0.4172484874725342,0.6161129474639893,-0.027308078482747078,0.429580956697464,0.6160159111022949,-0.02278302051126957,0.435644268989563,0.630150556564331,-0.017464613541960716
0.36189407110214233,0.7518455982208252,-3.215432897718529e-08,0.3653850853443146,0.6987592577934265,0.01909266784787178,0.37549805641174316,0.6560593247413635,0.023089773952960968,0.38737952709198,0.6359825730323792,0.021141845732927322,0.3997997045516968,0.6214184761047363,0.01868301071226597,0.3758124113082886,0.6299144625663757,0.011843129061162472,0.40195485949516296,0.5823577642440796,0.006921208463609219,0.419087290763855,0.5914596319198608,0.006132041569799185,0.4268921911716461,0.6117821335792542,0.007992913946509361,0.38088181614875793,0.6326988339424133,-0.0019488418474793434,0.4097009301185608,0.5782054662704468,-0.0057159303687512875,0.4286160469055176,0.5909457802772522,-0.004147911909967661,0.4347766637802124,0.6162256598472595,-0.0004348349175415933,0.3894032835960388,0.6447169780731201,-0.014836903661489487,0.4142557978630066,0.5881074666976929,-0.017270253971219063,0.43310391902923584,0.5999651551246643,-0.012521863915026188,0.44053858518600464,0.6225841641426086,-0.007117985747754574,0.4007175862789154,0.6633872389793396,-0.026499973610043526,0.4178858697414398,0.6145681738853455,-0.027590440586209297,0.4308165907859802,0.6148161292076111,-0.02278401143848896,0.4371607005596161,0.6296703219413757,-0.017294811084866524
0.36388206481933594,0.7499212026596069,-4.373256246026358e-08,0.36631590127944946,0.6978353261947632,0.018591836094856262,0.37582963705062866,0.6549084186553955,0.022817770019173622,0.3878985643386841,0.63539057970047,0.021386753767728806,0.39970409870147705,0.6215302348136902,0.019440259784460068,0.3763599097728729,0.6259261965751648,0.011871779337525368,0.40202054381370544,0.5808141827583313,0.008048579096794128,0.4179578423500061,0.5902596712112427,0.007965357042849064,0.42495307326316833,0.6100355386734009,0.010108496062457561,0.38211601972579956,0.6294378638267517,-0.0013008135138079524,0.4103153944015503,0.5775043368339539,-0.004124559462070465,0.4276455342769623,0.590927004814148,-0.002228918019682169,0.43254977464675903,0.6159831285476685,0.0015866069588810205,0.39093461632728577,0.6423249244689941,-0.01351133268326521,0.41488707065582275,0.5886170268058777,-0.01540172379463911,0.4326264560222626,0.6003270149230957,-0.010575396940112114,0.4391676187515259,0.6222257614135742,-0.00518054561689496,0.40183430910110474,0.6615079641342163,-0.024462545290589333,0.4183339476585388,0.6135991215705872,-0.02488812990486622,0.4308128356933594,0.6134576201438904,-0.019727472215890884,0.4368196725845337,0.6271389126777649,-0.014068660326302052
0.363529235124588,0.7457931041717529,-3.827268812983675e-08,0.3669849634170532,0.6939729452133179,0.01682218536734581,0.37795352935791016,0.6515554189682007,0.021188227459788322,0.3908235728740692,0.6325427889823914,0.02070760540664196,0.40299803018569946,0.6193512678146362,0.019900329411029816,0.3774985074996948,0.6223030686378479,0.012859256938099861,0.4029586613178253,0.5805860161781311,0.011516942642629147,0.4178605079650879,0.590388834476471,0.012141870334744453,0.42481550574302673,0.6061292886734009,0.013761976733803749,0.3831401765346527,0.6254905462265015,0.0013563104439526796,0.41118279099464417,0.5783272385597229,0.0011019406374543905,0.42656877636909485,0.5906480550765991,0.0026717090513557196,0.43167105317115784,0.6108591556549072,0.0050756498239934444,0.39199522137641907,0.6383281946182251,-0.009197955951094627,0.4152238368988037,0.5894396901130676,-0.008328164927661419,0.43051162362098694,0.5987420082092285,-0.004234132822602987,0.4368743300437927,0.6159368753433228,-0.0007145918789319694,0.4027838110923767,0.6575694680213928,-0.01870136894285679,0.4170726537704468,0.6140331029891968,-0.016715455800294876,0.4278241991996765,0.6133483648300171,-0.011541307903826237,0.4337801933288574,0.6239301562309265,-0.006911040749400854
0.3607330322265625,0.7401819825172424,-3.100279855061672e-08,0.36520591378211975,0.6894620656967163,0.01678343489766121,0.37721797823905945,0.6484518647193909,0.02069968543946743,0.3908771276473999,0.631119430065155,0.019335169345140457,0.4037289619445801,0.6201801896095276,0.017429227009415627,0.3778696358203888,0.6192290186882019,0.013361556455492973,0.40459543466567993,0.5799878239631653,0.009768156334757805,0.4212836027145386,0.5929091572761536,0.00785756204277277,0.4290721118450165,0.6120250821113586,0.007944991812109947,0.38383036851882935,0.6230188012123108,0.0010410440154373646,0.4131317138671875,0.5793092846870422,-0.0008690686081536114,0.4304797351360321,0.5944411158561707,-0.0014458440709859133,0.43622490763664246,0.617250919342041,-0.0005983434966765344,0.39252543449401855,0.6360613107681274,-0.010516298934817314,0.4166116714477539,0.5901161432266235,-0.01078197080641985,0.43397364020347595,0.601972222328186,-0.008202947676181793,0.4408785104751587,0.6216959357261658,-0.005668364465236664,0.4030154049396515,0.6556380391120911,-0.021130993962287903,0.4186519384384155,0.6135830283164978,-0.019931672140955925,0.4306327700614929,0.6142871379852295,-0.01559987012296915,0.4367679953575134,0.6266459226608276,-0.011646621860563755
0.3600711524486542,0.7354955673217773,-1.2723234021905228e-08,0.3650399148464203,0.6865305304527283,0.01691431552171707,0.3774135112762451,0.6439086198806763,0.021109580993652344,0.3904908001422882,0.626226544380188,0.02017824724316597,0.4027564525604248,0.6145673990249634,0.018826574087142944,0.37888798117637634,0.6137474775314331,0.013067550025880337,0.4057581424713135,0.5756805539131165,0.008337649516761303,0.4238584339618683,0.5893985033035278,0.00574497040361166,0.43267953395843506,0.6094847321510315,0.005691411904990673,0.3843619227409363,0.6188876628875732,0.0006275941268540919,0.41324758529663086,0.5764803886413574,-0.003502661595121026,0.43285566568374634,0.5905506014823914,-0.004889880307018757,0.43989256024360657,0.6140314340591431,-0.00401658471673727,0.39166975021362305,0.6324779987335205,-0.011104296892881393,0.4157809615135193,0.587438702583313,-0.013318246230483055,0.43444502353668213,0.5985441207885742,-0.011161057278513908,0.44189339876174927,0.617640495300293,-0.008243666961789131,0.40092453360557556,0.6521655917167664,-0.021766915917396545,0.41768747568130493,0.6095329523086548,-0.02136838622391224,0.4298439621925354,0.6088892221450806,-0.01700243540108204,0.43521034717559814,0.6200856566429138,-0.012715881690382957
0.35819557309150696,0.7315676212310791,-1.4754704125152784e-08,0.36394810676574707,0.6818861365318298,0.016652192920446396,0.37685221433639526,0.6403473019599915,0.020758075639605522,0.3901674747467041,0.6236639022827148,0.019801637157797813,0.40236055850982666,0.6133543252944946,0.01840716414153576,0.3784915804862976,0.6100635528564453,0.013260215520858765,0.40514901280403137,0.5726809501647949,0.00849179271608591,0.4231187701225281,0.5857541561126709,0.0057054487988352776,0.4319695830345154,0.6060648560523987,0.005511294584721327,0.384788453578949,0.6154858469963074,0.000946718966588378,0.41309064626693726,0.5740326642990112,-0.0026029800064861774,0.43224653601646423,0.5869666934013367,-0.003898486029356718,0.43885180354118347,0.6101535558700562,-0.0031162386294454336,0.39236903190612793,0.6299303770065308,-0.010737731121480465,0.41541677713394165,0.5852457880973816,-0.01268156711012125,0.4336038827896118,0.594810426235199,-0.010552364401519299,0.44076234102249146,0.6131553053855896,-0.007814711891114712,0.40162193775177,0.650665283203125,-0.021378574892878532,0.4174710810184479,0.6085248589515686,-0.02131366916000843,0.42921632528305054,0.6060726642608643,-0.01722072809934616,0.4343869984149933,0.6152423620223999,-0.013095928356051445
0.3576129972934723,0.7284204959869385,-1.977777053241425e-08,0.36483094096183777,0.6781857013702393,0.017293963581323624,0.3782949447631836,0.6361141800880432,0.021515199914574623,0.39128604531288147,0.6198086142539978,0.02041209489107132,0.40309590101242065,0.6086071133613586,0.018866609781980515,0.3803114593029022,0.6053826808929443,0.014049048535525799,0.40837690234184265,0.5691813826560974,0.008446692489087582,0.4261029064655304,0.5842503309249878,0.005138954147696495,0.4338158667087555,0.606231153011322,0.004949060268700123,0.38651204109191895,0.6118437647819519,0.0011270340764895082,0.41617947816848755,0.572445809841156,-0.0025319817941635847,0.435017853975296,0.5873371362686157,-0.003486847970634699,0.44016364216804504,0.6117491722106934,-0.0021681508515030146,0.39367973804473877,0.6275861859321594,-0.011289962567389011,0.4177137315273285,0.5842800736427307,-0.013574563898146152,0.43564561009407043,0.5957548022270203,-0.01072036661207676,0.4415079951286316,0.6155199408531189,-0.00709183095023036,0.4020489454269409,0.649939239025116,-0.022627348080277443,0.4183047413825989,0.608461320400238,-0.02315220981836319,0.4298478662967682,0.607429563999176,-0.018641674891114235,0.43390822410583496,0.6181302070617676,-0.013782872818410397
0.3566941022872925,0.7264367938041687,-6.112722772400048e-09,0.36591869592666626,0.6793526411056519,0.01640268601477146,0.38065871596336365,0.637665867805481,0.02139797806739807,0.39444291591644287,0.6205519437789917,0.02169349230825901,0.40605631470680237,0.6095778942108154,0.021754883229732513,0.38075706362724304,0.6039785742759705,0.015164416283369064,0.4097006618976593,0.5694312453269958,0.012124253436923027,0.4269999563694,0.5836480259895325,0.010246855206787586,0.4349117875099182,0.6045927405357361,0.010555950924754143,0.38585177063941956,0.6087998151779175,0.003981360234320164,0.4166593849658966,0.5711744427680969,0.0029410459101200104,0.4347919821739197,0.5848052501678467,0.0023827790282666683,0.44085434079170227,0.608004629611969,0.003254427807405591,0.39263272285461426,0.6235944628715515,-0.0066231307573616505,0.41796767711639404,0.5834194421768188,-0.0067165084183216095,0.4352456331253052,0.5937874913215637,-0.004760893061757088,0.441539466381073,0.6121039986610413,-0.0026435013860464096,0.4010279178619385,0.6454238295555115,-0.016162507236003876,0.4187384843826294,0.6076170206069946,-0.014720283448696136,0.4298449158668518,0.6074394583702087,-0.010466009378433228,0.43401795625686646,0.6177262663841248,-0.006549349520355463
0.35502299666404724,0.726570725440979,3.354957200940589e-08,0.37477922439575195,0.6969669461250305,0.0050008539110422134,0.39200058579444885,0.6553038954734802,0.00855664536356926,0.40274178981781006,0.6308727264404297,0.010445987805724144,0.4103146493434906,0.6145069003105164,0.01314365491271019,0.38609546422958374,0.6105995178222656,0.008695514872670174,0.415767103433609,0.5779763460159302,0.006081914994865656,0.4326389729976654,0.5917121767997742,0.004214159678667784,0.4393203556537628,0.6113072037696838,0.004524403251707554,0.3852682113647461,0.6082046031951904,0.005481848027557135,0.4178715944290161,0.5748291015625,0.00493491580709815,0.43477362394332886,0.5908792018890381,0.0040231505408883095,0.4403856098651886,0.6130598783493042,0.00455397879704833,0.3877943456172943,0.617466390132904,0.0020700956229120493,0.4150157570838928,0.5840047597885132,0.0020114663057029247,0.431331068277359,0.5962730646133423,0.001931822975166142,0.43688541650772095,0.6149244904518127,0.0026147286407649517,0.3929029405117035,0.6343130469322205,-0.00100854248739779,0.41261518001556396,0.6020547151565552,-0.00018256640760228038,0.42462214827537537,0.6071392297744751,0.0021271284203976393,0.4288678765296936,0.6218807697296143,0.004717812407761812
0.3533541262149811,0.728959321975708,2.1135495131829884e-08,0.3685464560985565,0.6892679929733276,0.012907866388559341,0.38482511043548584,0.6481139659881592,0.017829595133662224,0.397905558347702,0.6290059685707092,0.018862619996070862,0.40746986865997314,0.6184577941894531,0.019879959523677826,0.3835127651691437,0.6091649532318115,0.016521329060196877,0.4137328267097473,0.5809308886528015,0.015381654724478722,0.4304220974445343,0.5906251072883606,0.013959894888103008,0.43863359093666077,0.6063222289085388,0.013976930640637875,0.3857711851596832,0.6108333468437195,0.007635820657014847,0.4179379343986511,0.5786449313163757,0.007721947971731424,0.4354318380355835,0.5910570621490479,0.006535714026540518,0.44265496730804443,0.611139178276062,0.00678681954741478,0.3907300531864166,0.623886227607727,-0.0009901595767587423,0.4174428880214691,0.5866878032684326,-0.0008132695220410824,0.4346620738506317,0.5968033671379089,-0.00011927211016882211,0.44226157665252686,0.6138285398483276,0.0011116492096334696,0.39806655049324036,0.6453555822372437,-0.00882429163902998,0.41603511571884155,0.6065599918365479,-0.007237549871206284,0.42795121669769287,0.606017529964447,-0.0036353985778987408,0.43407440185546875,0.6154010891914368,-0.0003078171284869313
0.35419824719429016,0.7312012314796448,8.212230540038945e-08,0.37340667843818665,0.7041968107223511,0.0016403533518314362,0.39133039116859436,0.6610180735588074,0.003419739892706275,0.40303146839141846,0.633474588394165,0.004455043468624353,0.41197049617767334,0.6161131262779236,0.006528968457132578,0.38382798433303833,0.6158618927001953,0.004654931835830212,0.4148755371570587,0.5856894254684448,0.002806242322549224,0.4325009286403656,0.5947381854057312,0.0011898040538653731,0.44207271933555603,0.6085100173950195,0.0010268306359648705,0.38367459177970886,0.6144561171531677,0.00281980587169528,0.41761577129364014,0.5816485285758972,0.001960643334314227,0.4351338744163513,0.5934797525405884,0.0004549644945655018,0.4433807134628296,0.6117472648620605,0.0003057894064113498,0.3872920870780945,0.6247867941856384,0.0008297907770611346,0.41536903381347656,0.5891605615615845,0.0005769534618593752,0.4325063228607178,0.5984528064727783,-0.0001896255707833916,0.4408678710460663,0.6155393719673157,-0.00029776457813568413,0.39412441849708557,0.6421036720275879,-0.0011025313287973404,0.41282692551612854,0.6076571941375732,-0.00024454330559819937,0.4247117042541504,0.6074071526527405,0.0014388716081157327,0.43147316575050354,0.6166493892669678,0.0032491988968104124
0.35281798243522644,0.7328735589981079,6.815262310055914e-08,0.37018370628356934,0.7001582980155945,0.007299107499420643,0.3874102234840393,0.6595114469528198,0.009624134749174118,0.3995063304901123,0.6365951895713806,0.00957547314465046,0.40798330307006836,0.6228187084197998,0.010011274367570877,0.38157832622528076,0.6156327128410339,0.008129236288368702,0.4128129482269287,0.5890274047851562,0.006233206484466791,0.43043142557144165,0.5972484350204468,0.004424271639436483,0.4404635429382324,0.6089715361595154,0.0036400863900780678,0.38354694843292236,0.6173426508903503,0.0018507535569369793,0.41753968596458435,0.5830088257789612,0.0004624058201443404,0.43604397773742676,0.5930639505386353,-0.0010291121434420347,0.44515570998191833,0.6087347865104675,-0.0012766839936375618,0.388921320438385,0.6304018497467041,-0.004205822944641113,0.4162804186344147,0.5886402130126953,-0.005372001323848963,0.43413782119750977,0.5968687534332275,-0.005013605114072561,0.4432862401008606,0.612260639667511,-0.0042852978222072124,0.39737841486930847,0.6516551375389099,-0.009850207716226578,0.414826899766922,0.612697184085846,-0.009792028926312923,0.42666783928871155,0.6099045872688293,-0.007384064141660929,0.4340721368789673,0.6166390180587769,-0.005087294150143862
0.3514758348464966,0.730552613735199,3.116243618705994e-08,0.3627683222293854,0.6853897571563721,0.014697435311973095,0.3778700530529022,0.6460332870483398,0.018633047118782997,0.39165112376213074,0.6298139095306396,0.018213216215372086,0.4033738672733307,0.6204584240913391,0.017561152577400208,0.378517210483551,0.6154433488845825,0.012343415059149265,0.4103795886039734,0.5853567719459534,0.01049698144197464,0.42744946479797363,0.5958871841430664,0.009555010125041008,0.43710821866989136,0.609759509563446,0.00945763848721981,0.3836265206336975,0.6198596954345703,0.001528291031718254,0.4180695414543152,0.5801262855529785,-0.0003065016644541174,0.43659019470214844,0.5925467610359192,-0.0008715219446457922,0.4448472261428833,0.6100407838821411,-9.029578359331936e-05,0.39099812507629395,0.6348130106925964,-0.008534654043614864,0.4187209904193878,0.5858508348464966,-0.009764024056494236,0.437076210975647,0.5965068340301514,-0.007650927174836397,0.4462360739707947,0.6130717396736145,-0.005425427574664354,0.4002830386161804,0.6585277915000916,-0.017659500241279602,0.4179481863975525,0.6142241358757019,-0.017941026017069817,0.43032950162887573,0.6106849312782288,-0.014639289118349552,0.437973290681839,0.6167017817497253,-0.011435531079769135
0.35171225666999817,0.7281639575958252,2.4897531147871632e-08,0.3610667884349823,0.6806674003601074,0.01685207337141037,0.37552741169929504,0.6427931189537048,0.021083688363432884,0.38974234461784363,0.6286700367927551,0.020193135365843773,0.40258660912513733,0.6211801767349243,0.018760258331894875,0.37686219811439514,0.6140848398208618,0.0143275186419487,0.40886223316192627,0.5835683941841125,0.012350033037364483,0.42651644349098206,0.5942696928977966,0.011052187532186508,0.4363594353199005,0.609688937664032,0.01072823815047741,0.3831929862499237,0.6174827218055725,0.002277905121445656,0.4177417755126953,0.5783942937850952,0.0013112492160871625,0.4361445903778076,0.5913845300674438,0.000819538370706141,0.444479763507843,0.6092147827148438,0.0011790177086368203,0.39155787229537964,0.6313282251358032,-0.008936098776757717,0.4199908673763275,0.5837269425392151,-0.008874228224158287,0.43789321184158325,0.5956577658653259,-0.006496781948953867,0.4468041956424713,0.6134458780288696,-0.0046879565343260765,0.40176495909690857,0.6535149812698364,-0.01918230764567852,0.4208855628967285,0.6115087270736694,-0.01821228303015232,0.4336112141609192,0.6116181015968323,-0.014238828793168068,0.44135355949401855,0.6210233569145203,-0.010932503268122673
0.3495504856109619,0.7222423553466797,3.781130075708461e-08,0.3583574891090393,0.6734274625778198,0.016056373715400696,0.37362009286880493,0.6364632844924927,0.01935293897986412,0.3890298902988434,0.6241146922111511,0.017652316018939018,0.40366703271865845,0.6176506876945496,0.015324671752750874,0.37693437933921814,0.6098426580429077,0.012099144048988819,0.40991079807281494,0.5803372859954834,0.009177669882774353,0.4272608757019043,0.5904858708381653,0.007707527838647366,0.43657636642456055,0.606149435043335,0.007609131745994091,0.383387953042984,0.6145713925361633,0.00018050952348858118,0.4186023473739624,0.5753085017204285,-0.00215162499807775,0.4366232752799988,0.5884917974472046,-0.0028277840465307236,0.44442152976989746,0.6075182557106018,-0.0021026968024671078,0.3915875256061554,0.6297573447227478,-0.010867791250348091,0.421367347240448,0.5845579504966736,-0.011497830040752888,0.4394226372241974,0.5956706404685974,-0.009140649810433388,0.44820985198020935,0.6122980713844299,-0.007001669146120548,0.40140631794929504,0.6535429358482361,-0.020929280668497086,0.42250344157218933,0.612082302570343,-0.019532419741153717,0.4357723891735077,0.6117516756057739,-0.014948016963899136,0.4434863030910492,0.6205664277076721,-0.011104496195912361
0.3504258394241333,0.7176513075828552,4.6518596974465254e-08,0.35738131403923035,0.6670270562171936,0.014169689267873764,0.37200745940208435,0.6299166679382324,0.016457421705126762,0.38750752806663513,0.6168098449707031,0.014092182740569115,0.4023823142051697,0.6112288236618042,0.011185531504452229,0.3764570653438568,0.6047830581665039,0.008703709580004215,0.4099113941192627,0.5750265121459961,0.004286966752260923,0.4274042844772339,0.5860322713851929,0.0021938972640782595,0.43617093563079834,0.6026363372802734,0.0020192370284348726,0.38378769159317017,0.6097925305366516,-0.0023903432302176952,0.41943231225013733,0.5712736248970032,-0.005855198949575424,0.43736061453819275,0.5854539275169373,-0.006663025356829166,0.4445566236972809,0.605384349822998,-0.005831170827150345,0.3923798203468323,0.6254567503929138,-0.012688150629401207,0.42322251200675964,0.582640528678894,-0.013999972492456436,0.44099292159080505,0.5955840945243835,-0.011719769798219204,0.4491701126098633,0.6132400035858154,-0.009443073533475399,0.4020834267139435,0.6500988602638245,-0.022127652540802956,0.42525193095207214,0.6098093390464783,-0.02100638672709465,0.4386376440525055,0.6118252873420715,-0.01626615971326828,0.44591522216796875,0.6228676438331604,-0.01213043462485075
0.3473043739795685,0.711367130279541,5.203685304877581e-08,0.35495585203170776,0.659860372543335,0.014350838027894497,0.3699215054512024,0.62331223487854,0.01657036319375038,0.38561713695526123,0.6112815141677856,0.014092019759118557,0.4003101885318756,0.6070002317428589,0.010948440991342068,0.37661147117614746,0.5991306304931641,0.008090379647910595,0.41204553842544556,0.5725223422050476,0.0036910735070705414,0.42973026633262634,0.5851913690567017,0.0018830528715625405,0.4379956126213074,0.6025223135948181,0.002003574278205633,0.38393092155456543,0.6059063076972961,-0.003074286738410592,0.42196929454803467,0.5693852305412292,-0.006551132071763277,0.43966153264045715,0.5857054591178894,-0.00695220660418272,0.4453759789466858,0.6067224740982056,-0.005745368078351021,0.39231714606285095,0.6230409741401672,-0.01333535648882389,0.4258091151714325,0.5820772051811218,-0.014776933006942272,0.44321587681770325,0.5973202586174011,-0.011935914866626263,0.4493508040904999,0.6158809065818787,-0.009027938358485699,0.4010840058326721,0.6490017175674438,-0.022672466933727264,0.4266505837440491,0.6095080375671387,-0.021667463704943657,0.44068920612335205,0.6124885678291321,-0.016574377194046974,0.4473252594470978,0.6235669851303101,-0.011978685855865479
0.3475254774093628,0.7064074277877808,4.621484706035517e-08,0.3566053509712219,0.6538347005844116,0.015700487419962883,0.37225407361984253,0.6180144548416138,0.018643297255039215,0.38825827836990356,0.6073108911514282,0.016652578487992287,0.4028202295303345,0.6044307351112366,0.013915733434259892,0.37716996669769287,0.5942492485046387,0.009442254900932312,0.41328850388526917,0.5701917409896851,0.005657386500388384,0.4307182729244232,0.5838912725448608,0.004209765233099461,0.4389301538467407,0.6013368964195251,0.004493039101362228,0.3846967816352844,0.6011764407157898,-0.002093146787956357,0.42325347661972046,0.5674494504928589,-0.004863387905061245,0.44072815775871277,0.5848775506019592,-0.0050138141959905624,0.4463925361633301,0.6061902642250061,-0.0038033544551581144,0.39298877120018005,0.6186009645462036,-0.012606275267899036,0.4268814027309418,0.5802809596061707,-0.013400565832853317,0.44403648376464844,0.5969724655151367,-0.010570102371275425,0.4501512348651886,0.6161722540855408,-0.007881912402808666,0.4015378952026367,0.644629716873169,-0.02209826000034809,0.42746952176094055,0.6068971753120422,-0.020631251856684685,0.4413992166519165,0.6115167140960693,-0.015510950237512589,0.4480724334716797,0.6237804293632507,-0.011039395816624165
0.34454625844955444,0.6987789273262024,3.833907058492514e-08,0.3558593690395355,0.646780252456665,0.016048917546868324,0.3725490868091583,0.6119089722633362,0.019078129902482033,0.38940638303756714,0.6021880507469177,0.016974549740552902,0.4043866991996765,0.6007927060127258,0.013975544832646847,0.3781105577945709,0.5880799293518066,0.010608102194964886,0.4151011109352112,0.5686846375465393,0.006805224344134331,0.43210047483444214,0.5838357210159302,0.004759169649332762,0.4394591748714447,0.6019627451896667,0.004552596714347601,0.38557353615760803,0.5967339873313904,-0.0013888688990846276,0.42534109950065613,0.566425621509552,-0.00382060999982059,0.4419301748275757,0.5853406190872192,-0.004694803152233362,0.445946604013443,0.6075252890586853,-0.004213085398077965,0.3936515748500824,0.6154736876487732,-0.012354796752333641,0.428966760635376,0.5790539383888245,-0.012976543046534061,0.44520407915115356,0.5969881415367126,-0.010729833506047726,0.4496200382709503,0.6163282990455627,-0.008609318174421787,0.4016065299510956,0.6427919268608093,-0.022265076637268066,0.42896953225135803,0.6062711477279663,-0.02102953940629959,0.4429572522640228,0.6116564273834229,-0.01628492772579193,0.44895878434181213,0.6236023306846619,-0.012163043953478336
0.3448152542114258,0.6911471486091614,3.515184587854492e-08,0.3581473231315613,0.6396171450614929,0.01755385287106037,0.3757256269454956,0.606189489364624,0.021299676969647408,0.3919495940208435,0.5971649885177612,0.0197120513767004,0.40656131505966187,0.596714198589325,0.017245950177311897,0.38068023324012756,0.5808179378509521,0.01178617775440216,0.41773107647895813,0.5640985369682312,0.008692383766174316,0.43411481380462646,0.5807530879974365,0.007286333478987217,0.44096601009368896,0.5992515683174133,0.007456476334482431,0.38795578479766846,0.5902902483940125,-0.0007812303374521434,0.4277727007865906,0.5634118914604187,-0.002841993235051632,0.44396495819091797,0.5836778283119202,-0.003270074026659131,0.4474950134754181,0.6064271330833435,-0.0024826982989907265,0.3954613506793976,0.6100432872772217,-0.012197713367640972,0.4311104714870453,0.5771702527999878,-0.012272616848349571,0.4470348060131073,0.5966439843177795,-0.009794699028134346,0.45107167959213257,0.6165490746498108,-0.007635803893208504,0.40285414457321167,0.6382989287376404,-0.022432047873735428,0.4308066964149475,0.6046426296234131,-0.02053130231797695,0.4442843496799469,0.6118852496147156,-0.015518358908593655,0.44951722025871277,0.6252888441085815,-0.011325000785291195
0.34376177191734314,0.6827136874198914,4.071542392125593e-08,0.35763299465179443,0.6318506002426147,0.01633920893073082,0.3758124113082886,0.6003426313400269,0.019364258274435997,0.3926989734172821,0.5929166078567505,0.01727340556681156,0.40734541416168213,0.5939584374427795,0.014325780794024467,0.3817284107208252,0.5756911635398865,0.010819223709404469,0.4187820851802826,0.5627896189689636,0.007456162013113499,0.4350959360599518,0.5795246362686157,0.00592350959777832,0.441849946975708,0.5977286696434021,0.006047137547284365,0.3891291618347168,0.586111307144165,-0.0011483695125207305,0.4293462932109833,0.562147855758667,-0.003483773907646537,0.44494813680648804,0.5826351046562195,-0.0039064036682248116,0.4483906626701355,0.6045767664909363,-0.003029775572940707,0.3963656723499298,0.6065909266471863,-0.012028492987155914,0.4324725866317749,0.5756635665893555,-0.012489226646721363,0.44782784581184387,0.5955871343612671,-0.009845225140452385,0.45161497592926025,0.614986777305603,-0.007423995528370142,0.4028986692428589,0.635357141494751,-0.021792907267808914,0.43160000443458557,0.6033609509468079,-0.020016156136989594,0.44475290179252625,0.6111477613449097,-0.014653429388999939,0.4497791826725006,0.6239720582962036,-0.01010066643357277
0.3438984155654907,0.6753286123275757,4.019646482333883e-08,0.3571788966655731,0.6249517202377319,0.015896324068307877,0.3752986192703247,0.5938963890075684,0.018958445638418198,0.39211639761924744,0.5871371030807495,0.01711120456457138,0.4068181812763214,0.5893288850784302,0.01450271811336279,0.3820866048336029,0.5705124139785767,0.010685955174267292,0.41868120431900024,0.5594868659973145,0.007782276254147291,0.43445852398872375,0.5761752128601074,0.006875514984130859,0.4404212534427643,0.5941504240036011,0.007485642563551664,0.38989555835723877,0.5814891457557678,-0.0007199151441454887,0.42996683716773987,0.5598582625389099,-0.0027245746459811926,0.4447576701641083,0.5808705687522888,-0.002636029850691557,0.447579026222229,0.6023989319801331,-0.0013384545454755425,0.3971424400806427,0.6022990942001343,-0.011065171100199223,0.43345171213150024,0.5742343664169312,-0.011415773071348667,0.44818729162216187,0.5949957370758057,-0.008581417612731457,0.45142921805381775,0.6144912242889404,-0.005970560014247894,0.40328675508499146,0.6313611268997192,-0.02028277888894081,0.43259215354919434,0.6023185849189758,-0.018241696059703827,0.44546738266944885,0.6113215684890747,-0.012692333199083805,0.44996246695518494,0.6244089007377625,-0.007999991066753864
0.3460955023765564,0.673659086227417,3.4498619072564907e-08,0.35837021470069885,0.6236833333969116,0.0157263595610857,0.37528595328330994,0.592371940612793,0.01828695274889469,0.3918464779853821,0.5846774578094482,0.01609896682202816,0.4066564738750458,0.587402880191803,0.01316140778362751,0.38146814703941345,0.5680794715881348,0.008462090976536274,0.41813787817955017,0.5571433901786804,0.00563491927459836,0.4332672953605652,0.5740282535552979,0.005318085663020611,0.43891477584838867,0.5926364064216614,0.006348894909024239,0.38942277431488037,0.5794357657432556,-0.0027318994980305433,0.42902013659477234,0.5569266676902771,-0.0048867687582969666,0.4427565634250641,0.5782457590103149,-0.004036741331219673,0.44520631432533264,0.5999787449836731,-0.002088170265778899,0.39686545729637146,0.6006866693496704,-0.012684451416134834,0.4324651062488556,0.5729628801345825,-0.012874814681708813,0.44668033719062805,0.5937551259994507,-0.009317230433225632,0.4499374032020569,0.6130128502845764,-0.006209663115441799,0.40304750204086304,0.6294785141944885,-0.021471727639436722,0.43199384212493896,0.6004503965377808,-0.019127724692225456,0.4444959759712219,0.6095107793807983,-0.013151581399142742,0.44895803928375244,0.6225025057792664,-0.008127105422317982
0.34468358755111694,0.6719264388084412,2.8650465111468293e-08,0.3572004437446594,0.6228432059288025,0.015946710482239723,0.37462130188941956,0.5914283394813538,0.01876329630613327,0.39191552996635437,0.58489590883255,0.016789760440587997,0.4070111811161041,0.5875168442726135,0.01401098258793354,0.37931036949157715,0.5680516958236694,0.008098283782601357,0.4155617952346802,0.5550646781921387,0.005157490726560354,0.43046891689300537,0.5726045370101929,0.004817551467567682,0.436106413602829,0.5915282368659973,0.005889307241886854,0.3869546055793762,0.5791493058204651,-0.0031730046030133963,0.42649272084236145,0.5542136430740356,-0.005232457537204027,0.44041532278060913,0.5755327939987183,-0.004297166131436825,0.44254210591316223,0.5978074669837952,-0.0022275112569332123,0.3942939341068268,0.6006860136985779,-0.013143923133611679,0.43021705746650696,0.5707554221153259,-0.013556337915360928,0.4445284605026245,0.5916107892990112,-0.01004832237958908,0.44724971055984497,0.6113342046737671,-0.006787232588976622,0.40073785185813904,0.6298155784606934,-0.021891165524721146,0.43009138107299805,0.600147008895874,-0.020054632797837257,0.4423748552799225,0.6093635559082031,-0.014372051693499088,0.4463053345680237,0.6225654482841492,-0.009417669847607613
0.34354376792907715,0.6771124005317688,1.131262461484539e-08,0.35463714599609375,0.62748783826828,0.015806078910827637,0.371223121881485,0.5956322550773621,0.01851305365562439,0.38827815651893616,0.5882678031921387,0.01675228215754032,0.40340137481689453,0.5906293392181396,0.014254641719162464,0.37611696124076843,0.5732901692390442,0.0068614427000284195,0.41114819049835205,0.5579232573509216,0.004624351393431425,0.42508020997047424,0.5730458498001099,0.00513570848852396,0.43040478229522705,0.5900030732154846,0.006623565219342709,0.38469186425209045,0.5849618315696716,-0.004137047100812197,0.4230560064315796,0.5557293891906738,-0.005656321067363024,0.4371946156024933,0.5743384957313538,-0.00381908705458045,0.43974602222442627,0.5949439406394958,-0.0012385779991745949,0.3924395740032196,0.6063336730003357,-0.013748329132795334,0.4274291694164276,0.5714448094367981,-0.014162073843181133,0.4423616826534271,0.5904819965362549,-0.010190376080572605,0.44566309452056885,0.6100595593452454,-0.006705237086862326,0.39897772669792175,0.6346836686134338,-0.022068336606025696,0.42732542753219604,0.6040557026863098,-0.020903311669826508,0.4400024116039276,0.6119823455810547,-0.015557835809886456,0.4440840184688568,0.6243541836738586,-0.010810434818267822
0.34186527132987976,0.6913522481918335,2.009024946403315e-08,0.3522922098636627,0.6414832472801208,0.015569562092423439,0.36786210536956787,0.6069592237472534,0.018685320392251015,0.3842831254005432,0.5975730419158936,0.017503555864095688,0.39839062094688416,0.6003041863441467,0.015529826283454895,0.3744495213031769,0.5831048488616943,0.0065723299048841,0.41021057963371277,0.5671606659889221,0.0038183860015124083,0.4253695607185364,0.581944465637207,0.003948292229324579,0.4320269823074341,0.5995120406150818,0.005241595674306154,0.38347360491752625,0.5950619578361511,-0.004342553671449423,0.42187976837158203,0.5635697841644287,-0.0066501726396381855,0.4373745918273926,0.5809966325759888,-0.005079264286905527,0.44122958183288574,0.6016281843185425,-0.0023287043441087008,0.3912753462791443,0.6163108944892883,-0.013893078081309795,0.4256903827190399,0.577235996723175,-0.015064197592437267,0.44148266315460205,0.5947721004486084,-0.011263367719948292,0.44619476795196533,0.6136961579322815,-0.0074905334040522575,0.39714688062667847,0.644866943359375,-0.02216993272304535,0.4242972135543823,0.6107171773910522,-0.02213696762919426,0.4373704493045807,0.6162338852882385,-0.017276620492339134,0.44258975982666016,0.6272681951522827,-0.012424105778336525
0.3435264229774475,0.710396409034729,3.1180100279470935e-08,0.3510144054889679,0.6581792235374451,0.012955615296959877,0.3642651438713074,0.6223853826522827,0.014472536742687225,0.38004666566848755,0.6093525886535645,0.012117438018321991,0.3946145176887512,0.6114901304244995,0.0090507036074996,0.3728087842464447,0.5969138145446777,0.005130639765411615,0.4059184789657593,0.5813952684402466,0.0022030132822692394,0.42232418060302734,0.5913569331169128,0.0016485764645040035,0.4307999610900879,0.6053438782691956,0.0020060273818671703,0.3822748064994812,0.6071456670761108,-0.0052263070829212666,0.41840410232543945,0.5769615769386292,-0.008285016752779484,0.43488743901252747,0.5890434980392456,-0.007968378253281116,0.4413549304008484,0.6064797639846802,-0.006417291238903999,0.3910771906375885,0.6277440786361694,-0.014504936523735523,0.4227585196495056,0.5897635817527771,-0.016276594251394272,0.4387799799442291,0.6020341515541077,-0.013950609602034092,0.4463247060775757,0.6172938942909241,-0.01158683281391859,0.3984329402446747,0.6565701961517334,-0.02277241460978985,0.42326709628105164,0.6213268041610718,-0.02319609746336937,0.4359360337257385,0.6221879720687866,-0.019319545477628708,0.4431186616420746,0.6294065117835999,-0.015504562295973301
0.3455488383769989,0.7228898406028748,4.304369127794416e-08,0.3522012233734131,0.670098066329956,0.014065655879676342,0.36547261476516724,0.634183943271637,0.01578311249613762,0.3802349865436554,0.6199337244033813,0.013329942710697651,0.3946745693683624,0.6167575120925903,0.010031999088823795,0.37218332290649414,0.6103761792182922,0.005410692188888788,0.40418899059295654,0.583931565284729,0.0010204185964539647,0.4213916063308716,0.5912737846374512,-0.0007065568352118134,0.4311616122722626,0.6042699813842773,-0.0007962039671838284,0.3806411921977997,0.6198898553848267,-0.005697034765034914,0.41439369320869446,0.5811673998832703,-0.009662598371505737,0.43225011229515076,0.590991199016571,-0.01015237532556057,0.4404750168323517,0.6079229712486267,-0.009020430967211723,0.3891126215457916,0.6391498446464539,-0.01568613573908806,0.4181370139122009,0.5961376428604126,-0.017734402790665627,0.4353508949279785,0.6039807200431824,-0.015483332797884941,0.4445149600505829,0.6173747777938843,-0.013156705535948277,0.3971855342388153,0.6664947867393494,-0.024651825428009033,0.4195777475833893,0.6282153725624084,-0.025492096319794655,0.43355387449264526,0.6238646507263184,-0.022142469882965088,0.44284793734550476,0.6275724172592163,-0.018680844455957413
0.3458574712276459,0.7247989177703857,6.976674882253064e-08,0.3510112166404724,0.6728410124778748,0.012607071548700333,0.3636612594127655,0.6352308988571167,0.013573531992733479,0.3781055808067322,0.6206228733062744,0.010723804123699665,0.39297279715538025,0.6170805096626282,0.007143033668398857,0.3720093071460724,0.6132501363754272,0.002633357420563698,0.405036985874176,0.5827930569648743,-0.0025524315424263477,0.4225297272205353,0.589668869972229,-0.004515248350799084,0.4322816729545593,0.6020638942718506,-0.00465971976518631,0.3798680007457733,0.6227697730064392,-0.007722123991698027,0.41437774896621704,0.5825211405754089,-0.012297105975449085,0.4332142770290375,0.591244637966156,-0.012873862870037556,0.44238895177841187,0.6071658134460449,-0.01187440287321806,0.38832390308380127,0.6423743367195129,-0.01698950119316578,0.41807347536087036,0.5975329875946045,-0.01967129483819008,0.43646907806396484,0.604934811592102,-0.01766541786491871,0.4465820789337158,0.6183374524116516,-0.015435831621289253,0.3969663977622986,0.6704645156860352,-0.025275269523262978,0.42005684971809387,0.6311953067779541,-0.02602015994489193,0.4341196119785309,0.6270735859870911,-0.022344138473272324,0.44314926862716675,0.6311054825782776,-0.018717655912041664
0.3461218476295471,0.7244795560836792,7.132462087611202e-08,0.3518102467060089,0.6719051599502563,0.012925401329994202,0.3653164505958557,0.6347669959068298,0.01410596538335085,0.3808393180370331,0.6210253238677979,0.011365165933966637,0.39623090624809265,0.617234468460083,0.007901228033006191,0.37237444519996643,0.6131578683853149,0.003361442591995001,0.4057524502277374,0.5825201869010925,-0.001675556879490614,0.4232845902442932,0.5889199376106262,-0.0034191671293228865,0.43271583318710327,0.601996660232544,-0.003274482674896717,0.3804362416267395,0.623096227645874,-0.0070107667706906796,0.41504377126693726,0.5819016098976135,-0.011353452689945698,0.4334622323513031,0.5902281999588013,-0.011661726050078869,0.4421099126338959,0.6063440442085266,-0.01039027888327837,0.3890693783760071,0.6428159475326538,-0.016301654279232025,0.4192444086074829,0.5974956750869751,-0.018636994063854218,0.43731313943862915,0.6043041348457336,-0.016231972724199295,0.4469454288482666,0.6176013350486755,-0.013700060546398163,0.3977748155593872,0.6706591248512268,-0.024612365290522575,0.42124080657958984,0.6305667757987976,-0.02503379061818123,0.4354851543903351,0.626179575920105,-0.021050065755844116,0.44460251927375793,0.6300802230834961,-0.017156247049570084
0.3464205265045166,0.7264752984046936,7.558530512596917e-08,0.3520115315914154,0.6741325855255127,0.012374275363981724,0.3638002276420593,0.6359773278236389,0.013190314173698425,0.3782198429107666,0.6213552951812744,0.010168294422328472,0.39265474677085876,0.6183875799179077,0.006383997388184071,0.3712794780731201,0.6143977046012878,0.002170915249735117,0.40520012378692627,0.5843563079833984,-0.003366310615092516,0.42293399572372437,0.5905341506004333,-0.00534525141119957,0.4326019883155823,0.6029909253120422,-0.005415664054453373,0.3795091509819031,0.6245176792144775,-0.008232874795794487,0.41434162855148315,0.5822138786315918,-0.013436635956168175,0.43289339542388916,0.59032142162323,-0.013992253690958023,0.4416595995426178,0.6063446402549744,-0.012727895751595497,0.38841569423675537,0.6442912220954895,-0.017607761546969414,0.4182314872741699,0.5980722904205322,-0.020593173801898956,0.4367534816265106,0.6038718819618225,-0.01856682077050209,0.4471229314804077,0.6159238815307617,-0.016163429245352745,0.3975130617618561,0.671957790851593,-0.026042236015200615,0.4206581711769104,0.6315131187438965,-0.0272460225969553,0.43518197536468506,0.6256690621376038,-0.023959990590810776,0.4450693726539612,0.6279863119125366,-0.02046891674399376
0.3467246890068054,0.7289796471595764,6.531314511448727e-08,0.35184216499328613,0.6769567728042603,0.013241524808108807,0.3635994493961334,0.6383677124977112,0.014644445851445198,0.37754756212234497,0.6222786903381348,0.012089250609278679,0.3911820352077484,0.6179394125938416,0.008778676390647888,0.371718168258667,0.6163288950920105,0.0026696145068854094,0.40527766942977905,0.5842939019203186,-0.0027320971712470055,0.42297908663749695,0.5911584496498108,-0.004400552250444889,0.43246880173683167,0.6044829487800598,-0.004111550282686949,0.379931777715683,0.6260853409767151,-0.007968056946992874,0.41458725929260254,0.5830956101417542,-0.013074252754449844,0.43349528312683105,0.5915995240211487,-0.013248295523226261,0.4422963857650757,0.6079578995704651,-0.011623061262071133,0.38879382610321045,0.6455997228622437,-0.01748649589717388,0.4184093773365021,0.5983409881591797,-0.020478669553995132,0.4370797276496887,0.6055067181587219,-0.017972545698285103,0.4471129775047302,0.6189146637916565,-0.015078980475664139,0.39773792028427124,0.6730716228485107,-0.025986168533563614,0.42077112197875977,0.631293535232544,-0.026922138407826424,0.43535879254341125,0.6259766817092896,-0.023141363635659218,0.44481566548347473,0.6293832659721375,-0.019229864701628685
0.3468416631221771,0.7317875027656555,6.615766068307494e-08,0.35186344385147095,0.6786313652992249,0.013294448144733906,0.3632781505584717,0.6397062540054321,0.014699546620249748,0.37722113728523254,0.6238563060760498,0.012144582346081734,0.3914354741573334,0.6202467679977417,0.008799627423286438,0.37114623188972473,0.61692214012146,0.0033330705482512712,0.404323935508728,0.5858202576637268,-0.001679919776506722,0.4220229983329773,0.5912671685218811,-0.003280442673712969,0.431665301322937,0.6036856174468994,-0.0030370948370546103,0.3796856999397278,0.6268331408500671,-0.007256411947309971,0.4135839343070984,0.5836353898048401,-0.01178876031190157,0.4320736527442932,0.5907684564590454,-0.011876095086336136,0.44076454639434814,0.6063313484191895,-0.010313439182937145,0.38879647850990295,0.646470308303833,-0.016750572249293327,0.41756537556648254,0.5981505513191223,-0.019420895725488663,0.43587857484817505,0.6034344434738159,-0.016991714015603065,0.44600215554237366,0.6157735586166382,-0.01424441859126091,0.3980608880519867,0.6740779876708984,-0.025210091844201088,0.42052921652793884,0.6316442489624023,-0.026214729994535446,0.43495622277259827,0.6255428194999695,-0.022594701498746872,0.44454383850097656,0.6282217502593994,-0.018777946010231972
0.3486195206642151,0.7320080995559692,6.309557676331679e-08,0.352422833442688,0.6787608861923218,0.01370962243527174,0.3639370799064636,0.6400656700134277,0.015327335335314274,0.3781571686267853,0.6244775056838989,0.012989805079996586,0.39332419633865356,0.6204068660736084,0.009878857061266899,0.37207335233688354,0.6165018677711487,0.003988048527389765,0.40492790937423706,0.5845614075660706,-0.0003652129089459777,0.42267489433288574,0.5906838178634644,-0.0015590746188536286,0.43237897753715515,0.6036231517791748,-0.0011638246942311525,0.3810811936855316,0.6265149712562561,-0.006524140480905771,0.41478297114372253,0.5840314626693726,-0.010160669684410095,0.43329206109046936,0.591884434223175,-0.009945936501026154,0.44235679507255554,0.6075947880744934,-0.008484834805130959,0.3904685080051422,0.6460180282592773,-0.015870073810219765,0.4192006587982178,0.5991787314414978,-0.01765015535056591,0.43718406558036804,0.6052905321121216,-0.014914918690919876,0.44697967171669006,0.6182509660720825,-0.01233388390392065,0.39970988035202026,0.6731162071228027,-0.02415870502591133,0.42155858874320984,0.6313967108726501,-0.024273281916975975,0.4352913200855255,0.6261164546012878,-0.02016163244843483,0.4441568851470947,0.629397988319397,-0.0162640567868948
0.3481645882129669,0.7286266684532166,6.609791114442487e-08,0.35153162479400635,0.6755221486091614,0.014362442307174206,0.36259180307388306,0.6372736096382141,0.016403434798121452,0.3761599659919739,0.620324969291687,0.01438612025231123,0.39023125171661377,0.6141985654830933,0.0114781204611063,0.3720182478427887,0.613110363483429,0.004996183328330517,0.4055742621421814,0.583059549331665,0.0015232482692226768,0.42307332158088684,0.5884707570075989,0.0008790884749032557,0.432473361492157,0.6007699966430664,0.0015321522951126099,0.38156789541244507,0.6231507658958435,-0.005720572546124458,0.41588813066482544,0.5826916694641113,-0.008512902073562145,0.43394479155540466,0.5899848937988281,-0.008002598769962788,0.4425564110279083,0.6057125329971313,-0.006428839173167944,0.3912370800971985,0.6430680751800537,-0.015179854817688465,0.4206121265888214,0.5975677371025085,-0.016313061118125916,0.437852680683136,0.6036581993103027,-0.013264271430671215,0.4468901753425598,0.6163488626480103,-0.010552681051194668,0.40037086606025696,0.6705840826034546,-0.023529745638370514,0.4227157235145569,0.6291763186454773,-0.023159950971603394,0.43635091185569763,0.6244072914123535,-0.01868833787739277,0.4450576901435852,0.6279773116111755,-0.014543375000357628
0.34875839948654175,0.7230126261711121,5.9562559329151554e-08,0.352605938911438,0.6699939370155334,0.014962952584028244,0.3644433617591858,0.6325621008872986,0.017205847427248955,0.3790420889854431,0.615890622138977,0.01536247506737709,0.39388078451156616,0.6107372641563416,0.012672940269112587,0.37347617745399475,0.6064883470535278,0.005804052576422691,0.40784239768981934,0.5823737382888794,0.003495314624160528,0.42424276471138,0.5902273058891296,0.003684167517349124,0.4326481819152832,0.6042211651802063,0.004757503047585487,0.38337668776512146,0.6162435412406921,-0.005074200686067343,0.4190397560596466,0.5783301591873169,-0.007030133623629808,0.4359847605228424,0.5874809622764587,-0.006075411103665829,0.442903608083725,0.6052706837654114,-0.00421999953687191,0.3929254710674286,0.6364864706993103,-0.014548550359904766,0.4238716661930084,0.5927342176437378,-0.01494947075843811,0.4400741457939148,0.6014197468757629,-0.01155743096023798,0.44720038771629333,0.6162443161010742,-0.008653956465423107,0.4014447331428528,0.6645134687423706,-0.022815294563770294,0.42493951320648193,0.6239286065101624,-0.021638400852680206,0.4382970333099365,0.621651291847229,-0.01666957326233387,0.4459424614906311,0.6276742815971375,-0.012229089625179768
0.34801220893859863,0.7127867937088013,5.049819051805571e-08,0.3537178337574005,0.659328043460846,0.01659061573445797,0.3658246099948883,0.6240512132644653,0.019678566604852676,0.3805898427963257,0.6098759174346924,0.0184028223156929,0.39486974477767944,0.6070271134376526,0.016214678063988686,0.3748486638069153,0.5977694988250732,0.008442792110145092,0.4096587300300598,0.5781581997871399,0.007373365107923746,0.42542630434036255,0.5875903367996216,0.008390919305384159,0.43322306871414185,0.6028424501419067,0.009925947524607182,0.3855440318584442,0.6081857085227966,-0.0027729892171919346,0.421347051858902,0.5726137161254883,-0.0035956422798335552,0.43703925609588623,0.58323734998703,-0.001836271258071065,0.4428759515285492,0.601396918296814,0.0005153690581209958,0.39525049924850464,0.6289054751396179,-0.012456725351512432,0.42702803015708923,0.5871922373771667,-0.011981812305748463,0.44208794832229614,0.5977579355239868,-0.007626923266798258,0.44791001081466675,0.6130339503288269,-0.004090189002454281,0.4034874737262726,0.65788334608078,-0.020783940330147743,0.4283982217311859,0.619364321231842,-0.01876208558678627,0.4413655996322632,0.6193782091140747,-0.012748981826007366,0.44811975955963135,0.6260585784912109,-0.007502949330955744
0.3491029739379883,0.7036025524139404,2.9588537842073492e-08,0.35672473907470703,0.6483001708984375,0.01795845478773117,0.37072718143463135,0.6141788959503174,0.02181103080511093,0.38672566413879395,0.6039109230041504,0.021000955253839493,0.40192610025405884,0.6051080822944641,0.019328180700540543,0.3786013424396515,0.589302659034729,0.010077905841171741,0.41380515694618225,0.5728957056999207,0.009823928587138653,0.42858725786209106,0.585617184638977,0.011683724820613861,0.4344387948513031,0.6025038361549377,0.013885656371712685,0.3891732394695282,0.60068678855896,-0.0016578491777181625,0.4258129298686981,0.5685226917266846,-0.0016160859959200025,0.44029688835144043,0.5821558833122253,0.0008728787070140243,0.44358038902282715,0.6011800765991211,0.0037280768156051636,0.39851468801498413,0.6219118237495422,-0.01176322903484106,0.4312950074672699,0.5825619101524353,-0.010610929690301418,0.44503486156463623,0.5960584878921509,-0.005646286066621542,0.4481288194656372,0.6126618385314941,-0.001673856284469366,0.4061887264251709,0.6508719325065613,-0.02041233330965042,0.4323823153972626,0.612839937210083,-0.018077589571475983,0.4444468915462494,0.6160375475883484,-0.011534564197063446,0.44895946979522705,0.6256560683250427,-0.0058265854604542255
0.35068243741989136,0.6957733631134033,-1.403742277972242e-08,0.35780632495880127,0.6412167549133301,0.01678447797894478,0.37219178676605225,0.6063527464866638,0.020564120262861252,0.387979120016098,0.5951533913612366,0.019847029820084572,0.4021427631378174,0.5966286659240723,0.018529625609517097,0.3821035921573639,0.5790745615959167,0.010204062797129154,0.41668686270713806,0.5675545930862427,0.010538901202380657,0.42930006980895996,0.5845522284507751,0.012678052298724651,0.43178701400756836,0.6027066111564636,0.015007773414254189,0.39357003569602966,0.5915973782539368,-0.0009736638166941702,0.42996203899383545,0.5654885768890381,-2.18332188524073e-05,0.4422387480735779,0.5834433436393738,0.002241849433630705,0.44168317317962646,0.6040016412734985,0.004581797402352095,0.4032128155231476,0.613922655582428,-0.010634013451635838,0.4359109401702881,0.5789920687675476,-0.00911563728004694,0.4474468231201172,0.5969586968421936,-0.004782222677022219,0.4468621611595154,0.6153621673583984,-0.0014932075282558799,0.410300612449646,0.6436145901679993,-0.018903503194451332,0.4370770752429962,0.6092405319213867,-0.016734061762690544,0.4479420781135559,0.6163987517356873,-0.010653636418282986,0.4496321678161621,0.628753125667572,-0.005438403692096472
0.35143303871154785,0.6865116357803345,-3.314730179226899e-08,0.35900574922561646,0.6334250569343567,0.015598763711750507,0.37398672103881836,0.6001670360565186,0.01905030943453312,0.38984793424606323,0.5894622802734375,0.01843716949224472,0.40432077646255493,0.5918326377868652,0.01739780232310295,0.3854362964630127,0.5724149346351624,0.008950963616371155,0.4181253910064697,0.5644924640655518,0.010609199292957783,0.4293880760669708,0.5819698572158813,0.014261236414313316,0.4304286241531372,0.5992567539215088,0.01738114468753338,0.3972027897834778,0.58619225025177,-0.00144078372977674,0.4331330358982086,0.5644237995147705,3.517608274705708e-05,0.4439406096935272,0.583486795425415,0.002586099086329341,0.4421257972717285,0.6035426259040833,0.004995180293917656,0.40667134523391724,0.6092751622200012,-0.010188876651227474,0.4393719434738159,0.5776657462120056,-0.008327191695570946,0.4497548043727875,0.5964004397392273,-0.003942939918488264,0.4482247233390808,0.6142024397850037,-0.0008277922752313316,0.4129278063774109,0.6393164992332458,-0.017571842297911644,0.4399540424346924,0.608709454536438,-0.015255436301231384,0.4499775171279907,0.6166511178016663,-0.009210576303303242,0.4506397843360901,0.6279259324073792,-0.004175630398094654
0.3520662486553192,0.6765782237052917,-2.8140050289948704e-08,0.36193665862083435,0.6248512268066406,0.013637589290738106,0.37822505831718445,0.5927810668945312,0.016010234132409096,0.395412415266037,0.585729718208313,0.014686601236462593,0.4093303084373474,0.5925177931785583,0.013054323382675648,0.38967907428741455,0.5655710101127625,0.00671416474506259,0.42242997884750366,0.5626084804534912,0.007837814278900623,0.43259358406066895,0.5811902284622192,0.010861263610422611,0.4324021339416504,0.5982404947280884,0.01354252826422453,0.4008752405643463,0.5810776948928833,-0.0029141318518668413,0.4367869794368744,0.5654181241989136,-0.0013251580530777574,0.4460906982421875,0.5850650668144226,0.0009221323416568339,0.4428045451641083,0.6038646697998047,0.002946204040199518,0.4095700681209564,0.6059935092926025,-0.01099490188062191,0.4428243935108185,0.5791335701942444,-0.008959745988249779,0.45191752910614014,0.5977989435195923,-0.004883207846432924,0.4491855502128601,0.6147163510322571,-0.002064676955342293,0.4147712290287018,0.6373350620269775,-0.017879478633403778,0.44227099418640137,0.6094273328781128,-0.015459167771041393,0.4515010118484497,0.6174061298370361,-0.009510407224297523,0.45144587755203247,0.627916693687439,-0.004579376894980669
0.3528051972389221,0.6694434881210327,1.3574347867972847e-08,0.36464574933052063,0.6179911494255066,0.013366353698074818,0.38182514905929565,0.5872396230697632,0.015652362257242203,0.3990766406059265,0.5827677845954895,0.01440042071044445,0.4127466380596161,0.5904786586761475,0.012821541167795658,0.39362627267837524,0.561627984046936,0.005591453053057194,0.4280281066894531,0.5603308081626892,0.005355916917324066,0.4394076466560364,0.5796703696250916,0.007478106766939163,0.4406973123550415,0.5984135866165161,0.009887153282761574,0.40322333574295044,0.5787645578384399,-0.0037709425669163465,0.4402308464050293,0.5650271773338318,-0.003481833729892969,0.45071762800216675,0.5847840905189514,-0.0015040141297504306,0.44913384318351746,0.604263424873352,0.0008151995716616511,0.41034436225891113,0.6047077178955078,-0.011599251069128513,0.4449459910392761,0.5801147818565369,-0.010673679411411285,0.45507240295410156,0.5983892679214478,-0.00655575143173337,0.4537992775440216,0.6154234409332275,-0.003068962600082159,0.41406023502349854,0.6370952129364014,-0.018220799043774605,0.4431525766849518,0.6101630926132202,-0.016401855275034904,0.45288899540901184,0.6174525022506714,-0.010292050428688526,0.4537578821182251,0.6277344226837158,-0.004748909268528223
0.35261210799217224,0.6625545024871826,1.8208590191193252e-08,0.36702200770378113,0.6114431023597717,0.014761979691684246,0.3861335217952728,0.5829017162322998,0.01822356879711151,0.40390029549598694,0.5818682312965393,0.0179285928606987,0.41723334789276123,0.5907213687896729,0.01711857132613659,0.39673587679862976,0.5592458248138428,0.007829368114471436,0.431056946516037,0.5587396025657654,0.008104194886982441,0.4432845115661621,0.5770066976547241,0.010618354193866253,0.44549864530563354,0.596107542514801,0.013327187858521938,0.40593165159225464,0.57781982421875,-0.001930462894961238,0.44307130575180054,0.5645887851715088,-0.0010826748330146074,0.45416930317878723,0.5834192037582397,0.0013306632172316313,0.4537976086139679,0.6024758219718933,0.004046963527798653,0.4124458134174347,0.6047719717025757,-0.010174534283578396,0.447563499212265,0.5808014869689941,-0.0090339919552207,0.45899468660354614,0.5979845523834229,-0.0048234970308840275,0.4594571888446808,0.6146510243415833,-0.0012331100879237056,0.415420264005661,0.6375707387924194,-0.01712087169289589,0.4447794556617737,0.6120471954345703,-0.015481427311897278,0.4552731513977051,0.6190488934516907,-0.009574656374752522,0.4572959840297699,0.6290873289108276,-0.0041185966692864895
0.3543500304222107,0.6613497734069824,2.1958003415534222e-08,0.3690511882305145,0.6099027991294861,0.013896803371608257,0.38904470205307007,0.5832722187042236,0.016720585525035858,0.406878799200058,0.5826812982559204,0.0158504880964756,0.42064476013183594,0.5905663371086121,0.014569315128028393,0.39963001012802124,0.5608379244804382,0.007366615813225508,0.4345546364784241,0.5595971345901489,0.006727973464876413,0.44697263836860657,0.577206015586853,0.008370055817067623,0.44954439997673035,0.5954240560531616,0.010580368340015411,0.4079136252403259,0.5798484086990356,-0.002185989171266556,0.4456825256347656,0.5670373439788818,-0.002375909360125661,0.4566630721092224,0.5857471823692322,-0.0008098189136944711,0.4564199447631836,0.6043444275856018,0.0014041428221389651,0.4136866629123688,0.6065688133239746,-0.010361992754042149,0.44962605834007263,0.5835891962051392,-0.00986173003911972,0.46091365814208984,0.6003799438476562,-0.006111921276897192,0.4616723358631134,0.6165767908096313,-0.002809531521052122,0.4161941707134247,0.6391364336013794,-0.017337938770651817,0.4462835192680359,0.6146355867385864,-0.015653468668460846,0.4566611051559448,0.6213542222976685,-0.00979708693921566,0.4588213860988617,0.6308198571205139,-0.004500756971538067
0.35361242294311523,0.658754825592041,2.4487544436624376e-08,0.3697820007801056,0.6087411642074585,0.014089204370975494,0.3901565670967102,0.5833202004432678,0.01667952910065651,0.40829798579216003,0.5836629867553711,0.015429165214300156,0.42235028743743896,0.5920722484588623,0.013776587322354317,0.40058404207229614,0.5606465339660645,0.00746929133310914,0.43603795766830444,0.5612647533416748,0.006249154452234507,0.4487420320510864,0.5791601538658142,0.00759736867621541,0.45095816254615784,0.5976449847221375,0.009803990833461285,0.40837961435317993,0.5798851251602173,-0.0023366862442344427,0.4467606544494629,0.5681970715522766,-0.0028870468959212303,0.45765817165374756,0.5875807404518127,-0.0011705749202519655,0.456666499376297,0.6062630414962769,0.0013612378388643265,0.41383785009384155,0.6067834496498108,-0.010815550573170185,0.4506170451641083,0.5850135087966919,-0.010692134499549866,0.4619021415710449,0.6023256182670593,-0.00648688105866313,0.4620673954486847,0.6182752847671509,-0.0026119838003069162,0.41599583625793457,0.6394848227500916,-0.018089260905981064,0.4467732012271881,0.616030216217041,-0.016683541238307953,0.4580155611038208,0.6230074167251587,-0.010613403283059597,0.46066397428512573,0.6321170926094055,-0.004951449576765299
0.35491815209388733,0.6583556532859802,2.6825789589679516e-08,0.370785117149353,0.6077075004577637,0.01418699324131012,0.3900676369667053,0.5814547538757324,0.016620241105556488,0.4080335795879364,0.5816178321838379,0.015152168460190296,0.42226913571357727,0.5908870100975037,0.013258704915642738,0.40024906396865845,0.5595882534980774,0.007291743531823158,0.43534010648727417,0.5602353811264038,0.0063735018484294415,0.4478403627872467,0.577868640422821,0.00830903835594654,0.4498082995414734,0.5957112908363342,0.010812516324222088,0.40837544202804565,0.5790873765945435,-0.002611093921586871,0.4466112554073334,0.5665504932403564,-0.003103365655988455,0.45729339122772217,0.5866144299507141,-0.0009018153068609536,0.4564633071422577,0.6052206754684448,0.001900052186101675,0.4140109121799469,0.6060145497322083,-0.011174158193171024,0.4507391154766083,0.583846926689148,-0.01107847224920988,0.4614717364311218,0.6026793122291565,-0.006342810578644276,0.46130070090293884,0.6190910339355469,-0.002208057092502713,0.41608887910842896,0.6384528875350952,-0.018534723669290543,0.44667449593544006,0.6155674457550049,-0.01740683987736702,0.4578305184841156,0.6232763528823853,-0.011311366222798824,0.46075886487960815,0.6324806213378906,-0.005660227499902248
0.35416558384895325,0.6579706072807312,2.0808572642749823e-08,0.3697420358657837,0.6083136796951294,0.01509022805839777,0.3891696333885193,0.5820742845535278,0.018031436949968338,0.4069148004055023,0.581624448299408,0.017003191635012627,0.421106219291687,0.590420663356781,0.015559486113488674,0.3998114764690399,0.5597339272499084,0.00791358482092619,0.43483901023864746,0.5609877705574036,0.00779083464294672,0.4472595751285553,0.5786605477333069,0.010453162714838982,0.44930127263069153,0.5966876745223999,0.013475709594786167,0.4079398810863495,0.5787318348884583,-0.0022087967954576015,0.44642317295074463,0.5671359300613403,-0.002102087251842022,0.4571754038333893,0.5867893695831299,0.000701514829415828,0.45641037821769714,0.6053034067153931,0.004018147010356188,0.413638174533844,0.6055330634117126,-0.010864220559597015,0.4505962133407593,0.5840533971786499,-0.010321230627596378,0.4617250859737396,0.602088451385498,-0.005271769594401121,0.4618649482727051,0.6181173324584961,-0.0008474410278722644,0.41581979393959045,0.6379836201667786,-0.01821126788854599,0.4468953311443329,0.6148205399513245,-0.016499068588018417,0.4580429792404175,0.6223981976509094,-0.009925860911607742,0.4606359004974365,0.631755530834198,-0.0039053848013281822
0.3537050783634186,0.6585106253623962,2.2204989846841272e-08,0.3694732189178467,0.6092561483383179,0.014783046208322048,0.38910776376724243,0.5834687352180481,0.017431454733014107,0.4067922830581665,0.5834043622016907,0.01608235575258732,0.4208664000034332,0.5917239785194397,0.014306348748505116,0.3998611867427826,0.5609109401702881,0.007829968817532063,0.4354102611541748,0.5628122687339783,0.007064261008054018,0.44763869047164917,0.5807228684425354,0.008923683315515518,0.4494973123073578,0.5984108448028564,0.011389762163162231,0.40778884291648865,0.5796872973442078,-0.0024766840506345034,0.4466826319694519,0.5682923793792725,-0.002862558700144291,0.45735132694244385,0.5879999399185181,-0.0006106887594796717,0.4562144875526428,0.606194794178009,0.002303955378010869,0.41324469447135925,0.6062652468681335,-0.011424397118389606,0.4505165219306946,0.5846524834632874,-0.011210701428353786,0.46175211668014526,0.6027600765228271,-0.0064939577132463455,0.46204638481140137,0.6184042096138,-0.002312011318281293,0.41519293189048767,0.638606071472168,-0.019121501594781876,0.4463963508605957,0.6158086061477661,-0.017699280753731728,0.45763304829597473,0.6234922409057617,-0.011407355777919292,0.4603169560432434,0.63243567943573,-0.005620935931801796
0.3530799448490143,0.6604377031326294,2.4261941788950026e-08,0.36907273530960083,0.6105954051017761,0.014846055768430233,0.38826945424079895,0.5845342874526978,0.017269989475607872,0.406107097864151,0.5841169357299805,0.01577429100871086,0.4204604923725128,0.5929780602455139,0.013869956135749817,0.39904752373695374,0.5623894929885864,0.006801652256399393,0.4347244203090668,0.5645413398742676,0.0062994821928441525,0.4470420777797699,0.5819339156150818,0.008918696083128452,0.44878166913986206,0.5992757678031921,0.011911946348845959,0.40708109736442566,0.5809961557388306,-0.003501764964312315,0.4462519884109497,0.5684773325920105,-0.004208798985928297,0.45663338899612427,0.5881294012069702,-0.0015664261300116777,0.45524778962135315,0.6064278483390808,0.0017960644327104092,0.41264984011650085,0.6075626611709595,-0.012296963483095169,0.4502001404762268,0.5846368670463562,-0.012307098135352135,0.4609694182872772,0.6026138067245483,-0.007117379456758499,0.46094831824302673,0.6179880499839783,-0.002465637633576989,0.4145931601524353,0.6401280760765076,-0.01978495717048645,0.4459855258464813,0.6163065433502197,-0.018505750223994255,0.4573240578174591,0.6231485605239868,-0.01201853808015585,0.46039217710494995,0.6311313509941101,-0.005969155114144087
0.35220009088516235,0.6605392694473267,3.024334560564057e-08,0.36962127685546875,0.6114911437034607,0.015928100794553757,0.3889426589012146,0.5858153700828552,0.01874057948589325,0.4065631628036499,0.5857032537460327,0.017378272488713264,0.420642614364624,0.5953589677810669,0.015396660193800926,0.3987853527069092,0.5633625984191895,0.007783826440572739,0.43469321727752686,0.5664598345756531,0.0075280554592609406,0.4475225508213043,0.5838813781738281,0.010181918740272522,0.4498094618320465,0.6012430787086487,0.013101659715175629,0.40666839480400085,0.5816167593002319,-0.00311341998167336,0.4463246762752533,0.5693685412406921,-0.003637316869571805,0.4574139416217804,0.5888711810112,-0.0011433257022872567,0.4565814137458801,0.6072890758514404,0.0020450528245419264,0.4120127558708191,0.6079259514808655,-0.012407460249960423,0.44969621300697327,0.5847848653793335,-0.012097902595996857,0.4607858657836914,0.6026682257652283,-0.006948282942175865,0.4612216651439667,0.6179893016815186,-0.002474825130775571,0.41377681493759155,0.6405670642852783,-0.020323801785707474,0.4448240101337433,0.6168592572212219,-0.018900630995631218,0.4565370976924896,0.6232573986053467,-0.01252033468335867,0.46034035086631775,0.6307066082954407,-0.006641356740146875
0.3518785536289215,0.6600997447967529,3.048426577834107e-08,0.36964917182922363,0.6114962100982666,0.01576659269630909,0.38931602239608765,0.5857831239700317,0.018415646627545357,0.40729406476020813,0.5851181149482727,0.01690182462334633,0.4214429557323456,0.5943909883499146,0.014783022925257683,0.3989364206790924,0.5628126263618469,0.006811991799622774,0.43582698702812195,0.5651717185974121,0.005858863238245249,0.44885891675949097,0.5831582546234131,0.008046191185712814,0.4509781301021576,0.6006918549537659,0.010760737583041191,0.40641823410987854,0.5813087821006775,-0.00408353703096509,0.44654837250709534,0.5693294405937195,-0.004936541430652142,0.45778241753578186,0.5894284844398499,-0.002676664851605892,0.45677199959754944,0.6077483892440796,0.0002687356318347156,0.41143783926963806,0.6078240871429443,-0.013357717543840408,0.44941672682762146,0.5850974321365356,-0.013225647620856762,0.46073511242866516,0.6033034920692444,-0.008239734917879105,0.4611735939979553,0.6187029480934143,-0.00396451773121953,0.4129963517189026,0.6405794620513916,-0.021265512332320213,0.44430801272392273,0.6171870827674866,-0.019903961569070816,0.45636752247810364,0.6239689588546753,-0.013602923601865768,0.4604334235191345,0.6318076252937317,-0.007856706157326698
0.3517160415649414,0.6584290862083435,3.592242592276307e-08,0.369806170463562,0.6094351410865784,0.015962695702910423,0.3895806074142456,0.5841401815414429,0.018637116998434067,0.40724611282348633,0.5846273899078369,0.017028730362653732,0.42152106761932373,0.5938662886619568,0.014814143069088459,0.39972755312919617,0.5620588064193726,0.007373030297458172,0.4370726943016052,0.5633274912834167,0.006052512675523758,0.44993382692337036,0.5814667344093323,0.007895086891949177,0.4519932270050049,0.5992223620414734,0.010479356162250042,0.406736820936203,0.5803606510162354,-0.003662114031612873,0.44676673412323,0.5686134696006775,-0.004477332811802626,0.4578535556793213,0.5892898440361023,-0.0021370931062847376,0.45671752095222473,0.6081297993659973,0.0008937831735238433,0.4112717807292938,0.6066300868988037,-0.013169638812541962,0.4492749571800232,0.5842857956886292,-0.013149638660252094,0.4607508182525635,0.6031855940818787,-0.007940979674458504,0.46125635504722595,0.6194090843200684,-0.0034085859078913927,0.412424772977829,0.6391744017601013,-0.0213263351470232,0.44373956322669983,0.6166439056396484,-0.020149478688836098,0.455940842628479,0.6235966682434082,-0.013778970576822758,0.4600205421447754,0.6316295862197876,-0.007872570306062698
0.3498496115207672,0.6528556942939758,4.747195703203033e-08,0.3690646290779114,0.6059987545013428,0.015443749725818634,0.3901039958000183,0.5826833844184875,0.018296221271157265,0.40789660811424255,0.5842573642730713,0.01684325374662876,0.4222724139690399,0.5938149094581604,0.014733702875673771,0.4004635512828827,0.5609603524208069,0.008402036502957344,0.4378361999988556,0.5628131628036499,0.006539612542837858,0.45095792412757874,0.5816856026649475,0.007278012577444315,0.45376306772232056,0.6003049612045288,0.009065953083336353,0.406911164522171,0.5789267420768738,-0.002521780552342534,0.4471776485443115,0.5686203837394714,-0.0037055709399282932,0.4593416154384613,0.5891163945198059,-0.0023656475823372602,0.45946499705314636,0.6086267828941345,-1.9537432308425196e-05,0.41092491149902344,0.6052301526069641,-0.012128368951380253,0.44873183965682983,0.58448326587677,-0.012279514223337173,0.46139779686927795,0.6026961207389832,-0.008120307698845863,0.4635111391544342,0.6190553903579712,-0.00435335747897625,0.41172537207603455,0.6380640864372253,-0.020498087629675865,0.4424133598804474,0.6170685291290283,-0.019271746277809143,0.4550379514694214,0.6237471103668213,-0.013468218967318535,0.4599575698375702,0.6323440670967102,-0.008098320104181767
0.35019898414611816,0.649554967880249,5.984446715956437e-08,0.3701671361923218,0.6038000583648682,0.014960003085434437,0.3912828266620636,0.581147313117981,0.017396854236721992,0.40897801518440247,0.5828611850738525,0.01554159726947546,0.4231174886226654,0.5926846265792847,0.013049616478383541,0.40137889981269836,0.5591314435005188,0.008066989481449127,0.43846040964126587,0.562551736831665,0.005633414722979069,0.451863557100296,0.5819457769393921,0.005543293431401253,0.4553728699684143,0.6006280183792114,0.0066124205477535725,0.4071824848651886,0.5769502520561218,-0.0029043431859463453,0.4474559426307678,0.5682557225227356,-0.004709922708570957,0.46031755208969116,0.5888701677322388,-0.004178694915026426,0.4614534378051758,0.6086007952690125,-0.002599545056000352,0.4105968475341797,0.603162944316864,-0.012671248987317085,0.4485360383987427,0.5846229195594788,-0.01318707037717104,0.46219632029533386,0.6031421422958374,-0.010029112920165062,0.46590012311935425,0.6197980046272278,-0.007185989059507847,0.41110286116600037,0.6360200643539429,-0.021264100447297096,0.4419642686843872,0.6170469522476196,-0.02022269368171692,0.4550846815109253,0.6242197751998901,-0.015081954188644886,0.4610636234283447,0.6334307193756104,-0.010443713515996933
0.35097894072532654,0.6463606357574463,6.363883642279689e-08,0.3721398115158081,0.6026822924613953,0.015862178057432175,0.3930475115776062,0.5803427696228027,0.01854032278060913,0.4106840193271637,0.5826338529586792,0.016653884202241898,0.42520666122436523,0.5924413204193115,0.014018312096595764,0.40201520919799805,0.5585930347442627,0.008530687540769577,0.43946021795272827,0.5634605884552002,0.005896319635212421,0.4523780047893524,0.5838354229927063,0.0056856367737054825,0.4559357762336731,0.6032789349555969,0.006676888093352318,0.40696021914482117,0.575627863407135,-0.003106063697487116,0.4484921991825104,0.5684480667114258,-0.005448932759463787,0.4613313674926758,0.5903417468070984,-0.004935682751238346,0.46241316199302673,0.6112493276596069,-0.0031254219356924295,0.41003653407096863,0.6015245914459229,-0.013501768931746483,0.44919225573539734,0.5839658379554749,-0.01451038010418415,0.46279850602149963,0.6037653088569641,-0.011247565038502216,0.4663597345352173,0.6211428642272949,-0.008083326742053032,0.41063839197158813,0.6341553330421448,-0.0226479209959507,0.4421749413013458,0.6155411005020142,-0.022119395434856415,0.45543041825294495,0.6230160593986511,-0.017133435234427452,0.46154463291168213,0.6326495409011841,-0.012443303130567074
0.3510318696498871,0.6451765894889832,5.9351229708681785e-08,0.37136751413345337,0.6015903353691101,0.015270734205842018,0.3922426104545593,0.5796100497245789,0.017644373700022697,0.4100908041000366,0.5815978646278381,0.015676358714699745,0.4247104525566101,0.5916954874992371,0.01297405268996954,0.4019109308719635,0.558647632598877,0.007012606132775545,0.43966415524482727,0.5643649101257324,0.004089486785233021,0.45253151655197144,0.583890438079834,0.003821232123300433,0.4560832381248474,0.6026200652122498,0.004825803451240063,0.40675318241119385,0.5760446190834045,-0.0042796446941792965,0.4484706223011017,0.5689523220062256,-0.006796746514737606,0.4612776041030884,0.5899893641471863,-0.006148050539195538,0.4622220993041992,0.610339343547821,-0.00424202112480998,0.4096640646457672,0.6021673083305359,-0.014311120845377445,0.44883424043655396,0.58449786901474,-0.015561501495540142,0.46246278285980225,0.6032974123954773,-0.012378285638988018,0.4659501314163208,0.6201856136322021,-0.009233741089701653,0.41016674041748047,0.6346033811569214,-0.02311607636511326,0.44145283102989197,0.6154800057411194,-0.02293725125491619,0.4548938572406769,0.6224135160446167,-0.018314534798264503,0.46128514409065247,0.6317346096038818,-0.013854902237653732
0.3518083989620209,0.6459243297576904,6.136563968084374e-08,0.37207457423210144,0.6023271083831787,0.014332007616758347,0.3927021026611328,0.58035808801651,0.016358178108930588,0.4103807508945465,0.5822648406028748,0.014240909367799759,0.4247283935546875,0.5922436714172363,0.011465942487120628,0.4016895890235901,0.5591016411781311,0.006359670776873827,0.4392632842063904,0.56512451171875,0.002850194461643696,0.45225897431373596,0.584628164768219,0.001831768429838121,0.45627328753471375,0.6034390330314636,0.0022070701234042645,0.4066217243671417,0.5766941905021667,-0.004596423357725143,0.4478299617767334,0.5691531300544739,-0.007896157912909985,0.4608744978904724,0.5897102952003479,-0.00807745661586523,0.4623667299747467,0.6099763512611389,-0.0067545524798333645,0.40967419743537903,0.6027494668960571,-0.014396554790437222,0.4480336308479309,0.5845634341239929,-0.016228215768933296,0.4621531665325165,0.6025242805480957,-0.013764561153948307,0.4667555093765259,0.6192359328269958,-0.011138767935335636,0.4104812741279602,0.6353738903999329,-0.02305389568209648,0.44066983461380005,0.6164222955703735,-0.023438671603798866,0.4542005956172943,0.6224233508110046,-0.019474782049655914,0.4614576995372772,0.6311512589454651,-0.015530876815319061
0.352607786655426,0.6524332761764526,6.765711901834948e-08,0.37142959237098694,0.6075755953788757,0.012279234826564789,0.3928212523460388,0.5840539336204529,0.013614450581371784,0.4108952581882477,0.5850685834884644,0.011168650351464748,0.4255818724632263,0.5938423871994019,0.008218107745051384,0.4018085300922394,0.5634426474571228,0.005191595293581486,0.43905189633369446,0.5667247176170349,0.0008426072308793664,0.45232316851615906,0.5860784649848938,-0.0012870844220742583,0.4568256437778473,0.6045268774032593,-0.0016315371030941606,0.4068571627140045,0.5806668996810913,-0.004883333574980497,0.4476315975189209,0.5720205307006836,-0.008273076266050339,0.4610600173473358,0.592212975025177,-0.009277968667447567,0.4630033075809479,0.6119662523269653,-0.008729137480258942,0.4101136028766632,0.6060940027236938,-0.014028194360435009,0.44804859161376953,0.5862990021705627,-0.015914378687739372,0.4620528519153595,0.6040405631065369,-0.014280572533607483,0.46641188859939575,0.6210854053497314,-0.01238669641315937,0.411383718252182,0.6377798914909363,-0.022244345396757126,0.4407542943954468,0.6170515418052673,-0.02270399034023285,0.453732430934906,0.622992753982544,-0.019237343221902847,0.4604361653327942,0.632254421710968,-0.015784630551934242
0.35118889808654785,0.6598026156425476,7.17454966547848e-08,0.3699587881565094,0.6155351996421814,0.012222371995449066,0.3909918963909149,0.5925638675689697,0.013991652987897396,0.40896153450012207,0.5920323729515076,0.011926637031137943,0.42313164472579956,0.599725067615509,0.009361550211906433,0.40001508593559265,0.5722859501838684,0.006582551635801792,0.43665704131126404,0.5718526840209961,0.0023883695248514414,0.4515368342399597,0.5883492231369019,0.00012906947813462466,0.4579845368862152,0.6055356860160828,-0.0003969301178585738,0.4053940773010254,0.5879292488098145,-0.0034320454578846693,0.4450051486492157,0.5759856104850769,-0.006757168099284172,0.4599228799343109,0.5932933688163757,-0.007930387742817402,0.46423280239105225,0.6121262907981873,-0.007522187195718288,0.4091991186141968,0.611761748790741,-0.012658532708883286,0.4455398619174957,0.590117335319519,-0.01441861316561699,0.46043500304222107,0.6053428649902344,-0.012932718731462955,0.467059463262558,0.6214560866355896,-0.011229023337364197,0.41125723719596863,0.6426401734352112,-0.021086471155285835,0.4392237961292267,0.6209920048713684,-0.02150508016347885,0.4528030455112457,0.6248854398727417,-0.018299026414752007,0.4611939787864685,0.6327036023139954,-0.01509073469787836
0.3496323227882385,0.6690846085548401,7.69301351510876e-08,0.36893075704574585,0.6259362697601318,0.012894799001514912,0.38964664936065674,0.6017133593559265,0.014866918325424194,0.40762269496917725,0.6000844240188599,0.012962858192622662,0.4221830368041992,0.6062472462654114,0.01055055484175682,0.39787518978118896,0.5792264342308044,0.0069797164760529995,0.43468013405799866,0.5766953229904175,0.0036297461483627558,0.4501269459724426,0.5920662879943848,0.00207148096524179,0.4583210051059723,0.6081503033638,0.001615176792256534,0.4031699001789093,0.5940526723861694,-0.003584329504519701,0.44274646043777466,0.5789833068847656,-0.006553488317877054,0.4584558606147766,0.5952637195587158,-0.007421853020787239,0.46474575996398926,0.6135684251785278,-0.006944898981601,0.40713798999786377,0.6180435419082642,-0.013273948803544044,0.44326281547546387,0.5932573080062866,-0.014874395914375782,0.45980414748191833,0.606653094291687,-0.013167290948331356,0.4691874384880066,0.6213096380233765,-0.011529450304806232,0.4095008075237274,0.6498323678970337,-0.022118212655186653,0.4363209009170532,0.6248847842216492,-0.022725528106093407,0.4506053328514099,0.6256800293922424,-0.019690394401550293,0.4608080983161926,0.6310751438140869,-0.016764674335718155
0.34862756729125977,0.6760989427566528,6.910384797720326e-08,0.3673696517944336,0.633059561252594,0.012617514468729496,0.3877471089363098,0.6073534488677979,0.01470506563782692,0.40568381547927856,0.6033999919891357,0.01292639970779419,0.4198440611362457,0.6074808835983276,0.010689418762922287,0.39545053243637085,0.5849416255950928,0.007005637977272272,0.4325267970561981,0.5775638818740845,0.002842018846422434,0.4490974545478821,0.5913951396942139,0.0007353540859185159,0.45785051584243774,0.6066208481788635,9.941950702341273e-05,0.400712251663208,0.5996097326278687,-0.003348069731146097,0.43988198041915894,0.5795542597770691,-0.007272585295140743,0.4557117223739624,0.5945059061050415,-0.008563893847167492,0.46201714873313904,0.6115723848342896,-0.008181114681065083,0.4049655795097351,0.623009979724884,-0.012938779778778553,0.44009819626808167,0.5948894023895264,-0.015297185629606247,0.4575025737285614,0.6063099503517151,-0.013814805075526237,0.46758806705474854,0.6197523474693298,-0.012092918157577515,0.4078952968120575,0.6545437574386597,-0.021717745810747147,0.43402621150016785,0.626792311668396,-0.022652246057987213,0.44875970482826233,0.6260343194007874,-0.019781919196248055,0.45951664447784424,0.6302412748336792,-0.016914568841457367
0.3484623432159424,0.6801299452781677,7.290280024108142e-08,0.36660653352737427,0.6363102793693542,0.012554707936942577,0.38639870285987854,0.6094473600387573,0.014213132672011852,0.4045311510562897,0.6041158437728882,0.012043378315865993,0.41926130652427673,0.6078256964683533,0.00936945527791977,0.39289188385009766,0.5862213969230652,0.0053871627897024155,0.4304584860801697,0.576650083065033,0.0007921429933048785,0.44737139344215393,0.5896701216697693,-0.0012815664522349834,0.4564482271671295,0.6045207381248474,-0.0017862520180642605,0.39807841181755066,0.6018946766853333,-0.00497080385684967,0.4372978210449219,0.57960444688797,-0.009545114822685719,0.45331743359565735,0.5931650400161743,-0.010861987248063087,0.4597727954387665,0.6101822853088379,-0.010396061465144157,0.4028065502643585,0.6258512139320374,-0.014458929188549519,0.4374997019767761,0.596789538860321,-0.01689743623137474,0.4552830159664154,0.6059721112251282,-0.015432428568601608,0.4658780097961426,0.6181458830833435,-0.013720315881073475,0.4069446623325348,0.6576123237609863,-0.023101914674043655,0.4332483410835266,0.6286996006965637,-0.02361919730901718,0.44829660654067993,0.6260766386985779,-0.020596817135810852,0.45957016944885254,0.6289176940917969,-0.01770525425672531
0.34987375140190125,0.6828235983848572,8.410434304551018e-08,0.36607974767684937,0.6370236277580261,0.012353479862213135,0.3852745592594147,0.6086119413375854,0.013896306976675987,0.40323537588119507,0.6031692028045654,0.011685156263411045,0.4185600280761719,0.6065948009490967,0.008961517363786697,0.390987753868103,0.586750864982605,0.004596360959112644,0.4286886751651764,0.5739621520042419,-4.65691919089295e-05,0.44575437903404236,0.5873627662658691,-0.0019707183819264174,0.45494139194488525,0.6028475761413574,-0.0022632977925240993,0.3969740569591522,0.6018380522727966,-0.0054532913491129875,0.4362737238407135,0.5778672099113464,-0.009738230146467686,0.4531325399875641,0.591992974281311,-0.010783888399600983,0.46013280749320984,0.6095231175422668,-0.0102576008066535,0.40222203731536865,0.6256926655769348,-0.014592228457331657,0.43722283840179443,0.59517902135849,-0.01679050363600254,0.45511889457702637,0.6063245534896851,-0.01516255084425211,0.4653569757938385,0.6204451322555542,-0.013436480425298214,0.40678614377975464,0.6570711135864258,-0.022873997688293457,0.43365368247032166,0.6271487474441528,-0.02319180592894554,0.4483491778373718,0.625889778137207,-0.019988903775811195,0.45887598395347595,0.6301655173301697,-0.016993306577205658
0.3493002653121948,0.6860864162445068,7.4405001271316e-08,0.36475345492362976,0.638559877872467,0.01177628431469202,0.38451361656188965,0.6097962856292725,0.013243275694549084,0.40296757221221924,0.6040142178535461,0.011191117577254772,0.41821911931037903,0.6068757176399231,0.008659081533551216,0.39024826884269714,0.5898186564445496,0.003336504101753235,0.4281079173088074,0.5745261907577515,-0.001153480145148933,0.44448527693748474,0.5878217816352844,-0.0026936158537864685,0.45342785120010376,0.6033151149749756,-0.002743595978245139,0.3964765965938568,0.6053837537765503,-0.006321299821138382,0.4353112280368805,0.5794976353645325,-0.010233286768198013,0.4517507255077362,0.5929460525512695,-0.010841465555131435,0.45902490615844727,0.60991370677948,-0.010097543708980083,0.40210217237472534,0.6293513178825378,-0.015038937330245972,0.4367905259132385,0.5976295471191406,-0.0169328935444355,0.4549025595188141,0.6076577305793762,-0.015194742009043694,0.46542951464653015,0.6209319233894348,-0.013527420349419117,0.4069836437702179,0.6598368883132935,-0.022946225479245186,0.43280214071273804,0.6290653944015503,-0.023181844502687454,0.44760581851005554,0.6263682842254639,-0.02009660191833973,0.45834073424339294,0.6292724013328552,-0.017269326373934746
0.34969836473464966,0.6903412938117981,7.240915067541209e-08,0.36470142006874084,0.6419974565505981,0.011812703683972359,0.38385623693466187,0.6120586395263672,0.013381888158619404,0.402579128742218,0.6054983735084534,0.011536864563822746,0.4178871512413025,0.6084408760070801,0.009203952737152576,0.3898736834526062,0.5927560925483704,0.00366722559556365,0.4277241826057434,0.579119861125946,-0.00028131227008998394,0.44404736161231995,0.5909476280212402,-0.0015849111368879676,0.45306119322776794,0.6045795679092407,-0.0016257117968052626,0.3964933454990387,0.6082689762115479,-0.005799450445920229,0.4349834620952606,0.5827995538711548,-0.00905579887330532,0.4511371850967407,0.5952658653259277,-0.009358086623251438,0.45842161774635315,0.6110798716545105,-0.008554631844162941,0.4023192822933197,0.6319706439971924,-0.0142957279458642,0.4365192949771881,0.600399374961853,-0.015699325129389763,0.454164981842041,0.6094813942909241,-0.013764078728854656,0.46474897861480713,0.6215559840202332,-0.012131322175264359,0.40718668699264526,0.6623628735542297,-0.02196372300386429,0.43245619535446167,0.6317844986915588,-0.02192801609635353,0.44686436653137207,0.6280235648155212,-0.018752768635749817,0.457514226436615,0.6294729113578796,-0.01596749573945999
0.35029637813568115,0.6938817501068115,7.586564976236332e-08,0.3641096353530884,0.6457874774932861,0.011473260819911957,0.38242107629776,0.6147629618644714,0.013105100952088833,0.4012301564216614,0.6077646017074585,0.011466325260698795,0.4161472022533417,0.6107916235923767,0.009367018006742,0.3881133198738098,0.5943012237548828,0.003435717197135091,0.4253629744052887,0.5809810161590576,-0.0006261504022404552,0.44197094440460205,0.592158317565918,-0.0021208457183092833,0.4516340494155884,0.605413019657135,-0.002333839191123843,0.3957318365573883,0.6094438433647156,-0.0057304329238832,0.43383342027664185,0.5825024843215942,-0.00936856772750616,0.4507785141468048,0.5941047072410583,-0.009846517816185951,0.45885246992111206,0.609697163105011,-0.00906972587108612,0.4023318290710449,0.6331204175949097,-0.01393502950668335,0.4356878399848938,0.600313663482666,-0.015956474468111992,0.4536823332309723,0.6091270446777344,-0.01438689511269331,0.46459248661994934,0.6211186051368713,-0.012780731543898582,0.4077516198158264,0.6636220812797546,-0.021270887926220894,0.4326971471309662,0.6316260695457458,-0.021578224375844002,0.4465220868587494,0.6281759142875671,-0.018460527062416077,0.45672735571861267,0.6301522850990295,-0.01558775082230568
0.35010257363319397,0.6971644759178162,7.41200736342762e-08,0.36389684677124023,0.6487230658531189,0.012680670246481895,0.3820977807044983,0.6177172660827637,0.014805988408625126,0.40010252594947815,0.6103737950325012,0.013320248574018478,0.4147317707538605,0.6126185059547424,0.011252602562308311,0.38801419734954834,0.5970867872238159,0.005024724639952183,0.42427676916122437,0.5824520587921143,0.0014836556510999799,0.44099944829940796,0.5937362909317017,0.0002818636712618172,0.4508596360683441,0.6077154874801636,0.00015891405928414315,0.395741730928421,0.6103492379188538,-0.004878554958850145,0.43330320715904236,0.5819465517997742,-0.0082570631057024,0.45083707571029663,0.5936499834060669,-0.00862641166895628,0.45946717262268066,0.6098188757896423,-0.007768540643155575,0.4025537967681885,0.6330123543739319,-0.013775709085166454,0.4356478154659271,0.5986515879631042,-0.015650833025574684,0.4537046551704407,0.6081795692443848,-0.014050902798771858,0.464580774307251,0.6209279298782349,-0.012440606020390987,0.4082680940628052,0.6631163954734802,-0.021730372682213783,0.4330933094024658,0.6301315426826477,-0.02211768366396427,0.447065144777298,0.6273205280303955,-0.019070656970143318,0.4572361707687378,0.6303073763847351,-0.01621885411441326
0.3505861759185791,0.6995669007301331,7.540867841271393e-08,0.36378708481788635,0.6512781977653503,0.01274722907692194,0.38070055842399597,0.6198478937149048,0.01458730362355709,0.39823293685913086,0.6123392581939697,0.01274917647242546,0.41262030601501465,0.6159424781799316,0.010249162092804909,0.387724369764328,0.5989874601364136,0.004084483254700899,0.42450645565986633,0.5839764475822449,1.989555858017411e-05,0.44128257036209106,0.5955173373222351,-0.0014917486114427447,0.45091718435287476,0.610210657119751,-0.0017478952649980783,0.3954768478870392,0.6113357543945312,-0.005977825727313757,0.433066189289093,0.5820528268814087,-0.009786401875317097,0.4509885907173157,0.5928602814674377,-0.010196107439696789,0.45975205302238464,0.6087374687194824,-0.009355458430945873,0.40225446224212646,0.6336839199066162,-0.015035302378237247,0.4355461895465851,0.5984123349189758,-0.017215125262737274,0.4541822075843811,0.6069366335868835,-0.01585986092686653,0.4655861258506775,0.6189153790473938,-0.014357643201947212,0.4080048203468323,0.6639158725738525,-0.023125091567635536,0.433479368686676,0.6306770443916321,-0.02373080886900425,0.44777217507362366,0.6273844242095947,-0.020889539271593094,0.4582659602165222,0.6298308968544006,-0.01813933253288269
0.34913375973701477,0.6997880935668945,6.63683721313646e-08,0.363417387008667,0.6531344056129456,0.01378343254327774,0.3809392750263214,0.6232439875602722,0.016323154792189598,0.3984324336051941,0.6177884936332703,0.015045289881527424,0.41238510608673096,0.6227049231529236,0.01299130916595459,0.3876306712627411,0.6006600260734558,0.005566899199038744,0.4247620105743408,0.5866656303405762,0.0024033135268837214,0.44067269563674927,0.5983917117118835,0.0014947543386369944,0.449922651052475,0.6131888628005981,0.0014951048651710153,0.3954775929450989,0.613767147064209,-0.004842441063374281,0.433219313621521,0.5839698314666748,-0.008092529140412807,0.4504435956478119,0.5946701765060425,-0.008208800107240677,0.45908474922180176,0.6102412343025208,-0.007182275876402855,0.4020689129829407,0.6362326741218567,-0.014163535088300705,0.43565934896469116,0.5999071598052979,-0.01607784442603588,0.45405519008636475,0.6078720688819885,-0.014600392431020737,0.4655751883983612,0.6187499761581421,-0.013034267351031303,0.4074391722679138,0.6660879254341125,-0.022405525669455528,0.4327961206436157,0.6327714323997498,-0.022907599806785583,0.4470764398574829,0.6289324164390564,-0.020029328763484955,0.4576403498649597,0.6302069425582886,-0.017281847074627876
0.34785139560699463,0.6988245248794556,7.176537053510401e-08,0.36172014474868774,0.6521337032318115,0.013175399973988533,0.3781018853187561,0.6231837868690491,0.015340879559516907,0.39417096972465515,0.6155539751052856,0.013464730232954025,0.4069066345691681,0.6188430190086365,0.010860031470656395,0.3863302767276764,0.6012184023857117,0.007145843002945185,0.4219433665275574,0.5877776145935059,0.0026586579624563456,0.43978458642959595,0.5983452200889587,0.00032117110094986856,0.45060181617736816,0.611933708190918,-0.0005718502216041088,0.39419618248939514,0.6123506426811218,-0.003437102772295475,0.43094339966773987,0.5830009579658508,-0.007812689058482647,0.4489455223083496,0.5932019352912903,-0.008851166814565659,0.4581572115421295,0.6083353161811829,-0.00834222137928009,0.4009723365306854,0.6328223347663879,-0.013313988223671913,0.4339500069618225,0.5972379446029663,-0.01635782979428768,0.4526585042476654,0.6057661771774292,-0.015195327810943127,0.4647500216960907,0.6170421242713928,-0.013540826737880707,0.4068989157676697,0.6616690754890442,-0.02230638824403286,0.43258699774742126,0.630043625831604,-0.023974508047103882,0.44756585359573364,0.6260610818862915,-0.02171887271106243,0.45928239822387695,0.6267343759536743,-0.019190693274140358
0.3475569486618042,0.6990628838539124,7.330493190238485e-08,0.3626234531402588,0.6525639295578003,0.013329125940799713,0.3794527053833008,0.6245238184928894,0.01570548303425312,0.39636319875717163,0.6171712875366211,0.013931981287896633,0.4098109304904938,0.6201996803283691,0.011444592848420143,0.3848828673362732,0.6015758514404297,0.007892350666224957,0.4203645884990692,0.5868809223175049,0.0034198167268186808,0.43855857849121094,0.5972930788993835,0.001016456400975585,0.44989195466041565,0.6111096143722534,4.705016181105748e-05,0.39263486862182617,0.6118991374969482,-0.002838081680238247,0.42916738986968994,0.5818339586257935,-0.0073423502035439014,0.44764840602874756,0.5914660692214966,-0.008762824349105358,0.4575505554676056,0.6066535711288452,-0.008531910367310047,0.3995879292488098,0.6319009065628052,-0.012885878793895245,0.4322068989276886,0.595052182674408,-0.016149844974279404,0.4512358605861664,0.6029027104377747,-0.015411695465445518,0.4637535512447357,0.6145102977752686,-0.013988316059112549,0.4062086343765259,0.6608723998069763,-0.022042185068130493,0.43156853318214417,0.6264517903327942,-0.024013057351112366,0.4465031623840332,0.6224349737167358,-0.021995428949594498,0.45837387442588806,0.624203622341156,-0.01957186870276928
0.34751638770103455,0.6983693838119507,6.804820174011184e-08,0.361588716506958,0.6529189944267273,0.01358360517770052,0.37788477540016174,0.6244531273841858,0.016110608354210854,0.3936235010623932,0.6167278289794922,0.014538236893713474,0.406528115272522,0.6190469861030579,0.012289715930819511,0.3849129378795624,0.601638913154602,0.00743781216442585,0.42030301690101624,0.5853798389434814,0.0029889352153986692,0.4379342496395111,0.5957438349723816,0.001007820712402463,0.4487111270427704,0.6095293760299683,0.00042469301843084395,0.3922545909881592,0.6109223365783691,-0.0033424682915210724,0.42913007736206055,0.5812669992446899,-0.00794406607747078,0.4476010203361511,0.5920122265815735,-0.008789250627160072,0.45740368962287903,0.6078176498413086,-0.008044438436627388,0.39881956577301025,0.6304144859313965,-0.013415472581982613,0.43210867047309875,0.5943218469619751,-0.016820184886455536,0.4513648450374603,0.603102445602417,-0.0155749237164855,0.46396610140800476,0.6148423552513123,-0.01373038999736309,0.40514498949050903,0.6595253348350525,-0.022528592497110367,0.4312679171562195,0.6257809400558472,-0.02409128099679947,0.44586125016212463,0.6226208806037903,-0.021352136507630348,0.4568382203578949,0.6246731281280518,-0.018455903977155685
0.3468872308731079,0.6974228024482727,6.242721894977876e-08,0.36113280057907104,0.6529927253723145,0.012617005035281181,0.37804532051086426,0.6247511506080627,0.014952224679291248,0.39420366287231445,0.6168787479400635,0.013308770954608917,0.4075142443180084,0.6181620359420776,0.011091485619544983,0.3850100338459015,0.6025324463844299,0.007738129701465368,0.4197215735912323,0.5852420330047607,0.003087867982685566,0.4374193549156189,0.5948342680931091,0.0006687918794341385,0.4485182464122772,0.607674777507782,-0.00034516016603447497,0.3919994831085205,0.6109692454338074,-0.0026430252473801374,0.42802783846855164,0.580902636051178,-0.007443867623806,0.44617387652397156,0.5914190411567688,-0.008855851367115974,0.4561731517314911,0.6066364645957947,-0.008612465113401413,0.39837324619293213,0.6295910477638245,-0.012505046091973782,0.430849552154541,0.5932270288467407,-0.01631365343928337,0.450554758310318,0.6013168096542358,-0.015742521733045578,0.4639042913913727,0.6124676465988159,-0.01443824078887701,0.4047471284866333,0.6579865217208862,-0.021519524976611137,0.42991602420806885,0.6245965361595154,-0.023630352690815926,0.44452089071273804,0.6207578182220459,-0.02160259522497654,0.4558734893798828,0.6220096349716187,-0.019330866634845734
0.34703299403190613,0.6993085145950317,7.307077254381511e-08,0.36222103238105774,0.6565255522727966,0.012413881719112396,0.37986189126968384,0.6261270046234131,0.014522490091621876,0.3965699076652527,0.6186160445213318,0.012631586752831936,0.4100914001464844,0.6207686066627502,0.010262626223266125,0.38497471809387207,0.6019120812416077,0.007097846362739801,0.4209766685962677,0.5864986181259155,0.002669932786375284,0.43843474984169006,0.5971433520317078,0.0002672151895239949,0.4492010772228241,0.6099057197570801,-0.000861327862367034,0.39180436730384827,0.610863208770752,-0.0033546085469424725,0.42855772376060486,0.5828412771224976,-0.007467604707926512,0.44714272022247314,0.5942625999450684,-0.008765141479671001,0.45730656385421753,0.6093249917030334,-0.008734048344194889,0.3981527090072632,0.6304745078086853,-0.013241428881883621,0.43108490109443665,0.5951393842697144,-0.016237210482358932,0.45091021060943604,0.6037907004356384,-0.015551580116152763,0.4641650915145874,0.6146860122680664,-0.014559718780219555,0.40453803539276123,0.659554123878479,-0.022344497963786125,0.4292386770248413,0.6272682547569275,-0.02357596345245838,0.44352295994758606,0.6239063739776611,-0.021226724609732628,0.4546380043029785,0.6253363490104675,-0.019036181271076202
0.3474887013435364,0.704613983631134,8.173260823696182e-08,0.3616718053817749,0.6611782312393188,0.011210094206035137,0.3795156180858612,0.6300114393234253,0.01281022559851408,0.3965795934200287,0.6210017204284668,0.010537797585129738,0.41062307357788086,0.6221699118614197,0.007940536364912987,0.3846619725227356,0.6042475700378418,0.007200093939900398,0.41998258233070374,0.5881792902946472,0.0022638924419879913,0.43875277042388916,0.5976726412773132,-0.0008528500329703093,0.45041388273239136,0.6096318960189819,-0.0023536488879472017,0.39155396819114685,0.6133446097373962,-0.0027897281106561422,0.4273749887943268,0.5858393311500549,-0.0069768428802490234,0.4466905891895294,0.5961571335792542,-0.008808729238808155,0.4577307105064392,0.609607458114624,-0.009282317012548447,0.39831432700157166,0.6323899626731873,-0.012433619238436222,0.43047672510147095,0.5984330177307129,-0.015453163534402847,0.4506397247314453,0.6061991453170776,-0.01508303638547659,0.4640299677848816,0.616593062877655,-0.014334242790937424,0.405515193939209,0.6604253649711609,-0.02148275077342987,0.43050020933151245,0.628460705280304,-0.02245859056711197,0.445621520280838,0.6248435974121094,-0.020159680396318436,0.457244873046875,0.6259806156158447,-0.01807585172355175
0.34872686862945557,0.7069106101989746,1.0219947910172777e-07,0.3614332675933838,0.6657525300979614,0.00903011579066515,0.3789977431297302,0.6341805458068848,0.009632628411054611,0.3958132266998291,0.6219801902770996,0.006755731534212828,0.4100092649459839,0.6198347210884094,0.003720696549862623,0.3848790228366852,0.6067238450050354,0.005708601791411638,0.41943174600601196,0.5895934700965881,0.00010129388829227537,0.439462810754776,0.5972272157669067,-0.0033972731325775385,0.4521803855895996,0.6077548265457153,-0.00508438516408205,0.3910869061946869,0.6137858629226685,-0.003275900613516569,0.4271312654018402,0.58689945936203,-0.007881030440330505,0.4472775459289551,0.5968733429908752,-0.009734651073813438,0.45924022793769836,0.610011637210846,-0.010199996642768383,0.3976060748100281,0.6309192180633545,-0.012129224836826324,0.4301008880138397,0.5972875356674194,-0.01575556769967079,0.45125579833984375,0.6040172576904297,-0.01549689844250679,0.4653163254261017,0.6145269870758057,-0.014721148647367954,0.40501371026039124,0.6576218605041504,-0.020587999373674393,0.42990928888320923,0.6256709694862366,-0.022186163812875748,0.44555309414863586,0.6221308708190918,-0.02017105370759964,0.45759111642837524,0.6243636608123779,-0.018187226727604866
0.3490533232688904,0.7107577919960022,1.1412909373120783e-07,0.3625699281692505,0.6674764156341553,0.009757108055055141,0.3807581663131714,0.6349619030952454,0.01079502608627081,0.3976620137691498,0.6221774220466614,0.008162437938153744,0.4122755229473114,0.6197496056556702,0.0053181094117462635,0.3850626051425934,0.6107875108718872,0.007782803848385811,0.4182838499546051,0.594507098197937,0.0025333156809210777,0.43919837474823,0.5995643138885498,-0.0012529537780210376,0.4532843828201294,0.6078959107398987,-0.0032483169343322515,0.39061540365219116,0.616794764995575,-0.0015598551835864782,0.4262250065803528,0.5923075675964355,-0.006178173236548901,0.44750091433525085,0.6002408862113953,-0.008667259477078915,0.46077001094818115,0.6118502616882324,-0.009615255519747734,0.39677903056144714,0.6325955986976624,-0.010774501599371433,0.42923635244369507,0.6022761464118958,-0.014118082821369171,0.45061394572257996,0.6079281568527222,-0.014135723933577538,0.46516358852386475,0.617173433303833,-0.013606426306068897,0.40414538979530334,0.6583021879196167,-0.01958656869828701,0.4294510781764984,0.6279648542404175,-0.020394138991832733,0.4454129636287689,0.624214768409729,-0.0181292612105608,0.45763400197029114,0.6260966658592224,-0.01612219028174877
0.34932029247283936,0.710625171661377,1.2884521538580884e-07,0.3610260784626007,0.6673248410224915,0.009038612246513367,0.3794436454772949,0.6348968744277954,0.009916172362864017,0.3967336118221283,0.6228838562965393,0.007348787039518356,0.41185444593429565,0.619978129863739,0.004551509395241737,0.38381388783454895,0.6111411452293396,0.006340604741126299,0.4174310863018036,0.5934546589851379,0.0008506241138093174,0.43835949897766113,0.5998037457466125,-0.0028629617299884558,0.45233407616615295,0.6092310547828674,-0.004668214824050665,0.3896680474281311,0.6175752282142639,-0.0024333565961569548,0.425312340259552,0.5919228196144104,-0.007057038135826588,0.4468165934085846,0.6005873084068298,-0.00946526974439621,0.4600345492362976,0.6136133670806885,-0.01033360417932272,0.3959881365299225,0.6338590383529663,-0.011064030230045319,0.42871326208114624,0.6027740240097046,-0.014524678699672222,0.4505746066570282,0.6089985966682434,-0.01498876791447401,0.4650750756263733,0.6191889047622681,-0.014714689925312996,0.4034612774848938,0.6594696640968323,-0.01927410438656807,0.4295335114002228,0.6294881105422974,-0.020435672253370285,0.44577935338020325,0.6267314553260803,-0.018647028133273125,0.4577285647392273,0.6297688484191895,-0.01690209098160267
0.3495136499404907,0.7107197046279907,1.159015425855614e-07,0.3615512549877167,0.6670064330101013,0.01037329901009798,0.37978556752204895,0.6352112889289856,0.012215258553624153,0.3964814245700836,0.6240264773368835,0.010268165729939938,0.4110719859600067,0.6211537718772888,0.008108031004667282,0.3830188512802124,0.613154411315918,0.00861433893442154,0.4157811105251312,0.5927740335464478,0.0035333652049303055,0.4361197352409363,0.6004056334495544,5.289582986733876e-05,0.4497038722038269,0.6113124489784241,-0.0016141332453116775,0.3888395428657532,0.6187315583229065,-0.0007004780927672982,0.4238070547580719,0.5916131138801575,-0.004978082608431578,0.4451112151145935,0.6007887125015259,-0.007285232190042734,0.4583938717842102,0.6141806244850159,-0.008121363818645477,0.39532139897346497,0.6342974305152893,-0.009911119006574154,0.42761391401290894,0.6024888157844543,-0.013180148787796497,0.4495577812194824,0.6092565655708313,-0.01368941180408001,0.46433761715888977,0.6194692850112915,-0.013483491726219654,0.4034369885921478,0.6594531536102295,-0.018631860613822937,0.42976614832878113,0.6297497749328613,-0.019459832459688187,0.44572439789772034,0.6279760599136353,-0.017500342801213264,0.45725739002227783,0.6313820481300354,-0.015753362327814102
0.3499065041542053,0.7089288234710693,1.1839514968414733e-07,0.361719012260437,0.6647909283638,0.010332535952329636,0.3795177936553955,0.6326938271522522,0.012046264484524727,0.396135538816452,0.621501624584198,0.010026882402598858,0.4109170734882355,0.6186760067939758,0.007754088379442692,0.38263043761253357,0.6127116680145264,0.007779305335134268,0.4153905510902405,0.5906224846839905,0.002641526749357581,0.4353764057159424,0.5998255014419556,-0.000745374069083482,0.44878920912742615,0.6120672225952148,-0.0023498504888266325,0.38864731788635254,0.6185588836669922,-0.0014223975595086813,0.4234936833381653,0.5899432897567749,-0.005776273086667061,0.4447268843650818,0.5996904373168945,-0.008125650696456432,0.457845538854599,0.613875150680542,-0.009030001237988472,0.3951505124568939,0.6341525316238403,-0.010431361384689808,0.4273390471935272,0.6016775965690613,-0.013562311418354511,0.4494473338127136,0.6085245013237,-0.014194638468325138,0.46427151560783386,0.6191006302833557,-0.014172493480145931,0.40314894914627075,0.6591500639915466,-0.0189218670129776,0.4293830990791321,0.6291109919548035,-0.019697103649377823,0.4453129470348358,0.627277135848999,-0.017876313999295235,0.45684611797332764,0.6309185028076172,-0.01627943478524685
0.350788414478302,0.7075732350349426,1.2993335474220657e-07,0.36214739084243774,0.6645422577857971,0.009171128273010254,0.38009127974510193,0.6321995258331299,0.010344280861318111,0.3968828022480011,0.6207557320594788,0.00798765942454338,0.41193607449531555,0.6177526116371155,0.005488861817866564,0.3831154406070709,0.6108389496803284,0.006480075418949127,0.4158563017845154,0.5893131494522095,0.0008079019607976079,0.43622061610221863,0.5986163020133972,-0.0029825542587786913,0.45003578066825867,0.6115022897720337,-0.004769916646182537,0.3888687193393707,0.6168609261512756,-0.0022487363312393427,0.42368999123573303,0.5893334746360779,-0.006991022732108831,0.4452325999736786,0.5992927551269531,-0.009627911262214184,0.4587741792201996,0.614055335521698,-0.010693566873669624,0.39540666341781616,0.6324256062507629,-0.010859386995434761,0.4275461435317993,0.6010306477546692,-0.014211433939635754,0.4494940936565399,0.60867840051651,-0.015097695402801037,0.4641849398612976,0.6201180219650269,-0.015197932720184326,0.40359294414520264,0.6567916870117188,-0.01906442642211914,0.4298291504383087,0.6279527544975281,-0.019785186275839806,0.4454968273639679,0.6272710561752319,-0.017994636669754982,0.4566132426261902,0.6321105360984802,-0.01640290953218937
0.3507300019264221,0.7059223651885986,1.2430430729182262e-07,0.3622545003890991,0.6612516641616821,0.010622079484164715,0.38010409474372864,0.6291220188140869,0.012528428807854652,0.3969830572605133,0.6181218028068542,0.010675251483917236,0.4116547405719757,0.615681529045105,0.00848875381052494,0.3835197389125824,0.6085363030433655,0.008334889076650143,0.4160996079444885,0.5884642004966736,0.003580008400604129,0.4362872540950775,0.5963103771209717,0.0002456821675878018,0.44997909665107727,0.6076864004135132,-0.0014107776805758476,0.389663964509964,0.6151041984558105,-0.0010152040049433708,0.4241858124732971,0.5879959464073181,-0.005043832119554281,0.44529902935028076,0.5969184041023254,-0.0074856821447610855,0.45839038491249084,0.6107533574104309,-0.008481880649924278,0.3962932527065277,0.6312017440795898,-0.010120425373315811,0.4281312823295593,0.5994604825973511,-0.012977760285139084,0.44982630014419556,0.6058123111724854,-0.013716563582420349,0.4642461836338043,0.6158497929573059,-0.01378487329930067,0.4043101370334625,0.6561627984046936,-0.01868326961994171,0.430269718170166,0.6256688833236694,-0.01938622258603573,0.44586455821990967,0.623694658279419,-0.01762458123266697,0.4570271372795105,0.6272764801979065,-0.016042303293943405
0.3509373664855957,0.7040093541145325,1.2644906632885977e-07,0.36276865005493164,0.658761203289032,0.009995460510253906,0.38022297620773315,0.6270729899406433,0.011308656074106693,0.3968929946422577,0.616133451461792,0.008950726129114628,0.4112672209739685,0.6139029264450073,0.006308034062385559,0.3831601142883301,0.6064019799232483,0.007568993605673313,0.41590601205825806,0.5873766541481018,0.0026324426289647818,0.4361738860607147,0.5948255062103271,-0.0007697647670283914,0.4497792720794678,0.6060752868652344,-0.002420097589492798,0.3897479772567749,0.6126123666763306,-0.0015443991869688034,0.4241763651371002,0.5857952833175659,-0.005670076236128807,0.4450039565563202,0.5951192378997803,-0.008043951354920864,0.4577263593673706,0.6090176105499268,-0.008945494890213013,0.39676791429519653,0.6285095810890198,-0.010435578413307667,0.42852213978767395,0.596705436706543,-0.013325142674148083,0.45005664229393005,0.6036728620529175,-0.013887805864214897,0.4642195403575897,0.6141437888145447,-0.013791290111839771,0.4049317538738251,0.6535918712615967,-0.018825391307473183,0.43077975511550903,0.6225442886352539,-0.019436785951256752,0.4463444650173187,0.6205383539199829,-0.017452357336878777,0.4574902057647705,0.6240810751914978,-0.015658985823392868
0.3508646488189697,0.7024902701377869,1.219727892021183e-07,0.36293089389801025,0.6582878828048706,0.010476820170879364,0.38037997484207153,0.6268289685249329,0.011995040811598301,0.397064208984375,0.6169068217277527,0.009713983163237572,0.4116116166114807,0.615692675113678,0.007132950238883495,0.3832671046257019,0.6047229766845703,0.007988641038537025,0.4162953495979309,0.5862761735916138,0.002950767520815134,0.4364730417728424,0.5947731733322144,-0.000623241881839931,0.44986122846603394,0.6071326732635498,-0.002400029683485627,0.3896755874156952,0.6104207038879395,-0.0013524799142032862,0.4244399964809418,0.5844831466674805,-0.005476713180541992,0.4453371465206146,0.5948115587234497,-0.00792775396257639,0.4579358398914337,0.609778106212616,-0.008904378861188889,0.39659494161605835,0.626226544380188,-0.010447472333908081,0.42865923047065735,0.5951538681983948,-0.013269900344312191,0.4500025510787964,0.6033705472946167,-0.013813219964504242,0.4639500379562378,0.6146935224533081,-0.013731509447097778,0.4048108160495758,0.6517660617828369,-0.01901276409626007,0.43118786811828613,0.6219672560691833,-0.019414756447076797,0.4464758634567261,0.6212334632873535,-0.01718483865261078,0.4571443200111389,0.6256058216094971,-0.015247674658894539
0.3513045907020569,0.6992051005363464,1.0628306057469672e-07,0.3636559247970581,0.6532266736030579,0.012994701974093914,0.38083699345588684,0.6229104995727539,0.015630226582288742,0.39686381816864014,0.6143546104431152,0.014024276286363602,0.41095253825187683,0.6148121356964111,0.01197888795286417,0.3841407597064972,0.6016473174095154,0.010997803881764412,0.41678696870803833,0.5850151181221008,0.007249915972352028,0.4361131191253662,0.5945155620574951,0.004421390127390623,0.44854190945625305,0.6074774265289307,0.00305246957577765,0.3911323547363281,0.6074507832527161,0.0007708307239226997,0.4261091947555542,0.5827820897102356,-0.002073501003906131,0.4460533857345581,0.5943194627761841,-0.0038378932513296604,0.457298219203949,0.6101841926574707,-0.004438328556716442,0.3980381190776825,0.6232218146324158,-0.00900008250027895,0.4305853843688965,0.5937849283218384,-0.010549429804086685,0.45067524909973145,0.6040769815444946,-0.0101756751537323,0.46298354864120483,0.6170392632484436,-0.009649045765399933,0.40590476989746094,0.6489164233207703,-0.018054978922009468,0.43265867233276367,0.6207153797149658,-0.017315059900283813,0.44738200306892395,0.6222146153450012,-0.014103411696851254,0.4569167494773865,0.6284157037734985,-0.011558840982615948
0.35048478841781616,0.6944136619567871,1.0205545919461656e-07,0.3636334538459778,0.6498508453369141,0.01421224046498537,0.38189515471458435,0.6198044419288635,0.017902320250868797,0.39798104763031006,0.6122814416885376,0.017065320163965225,0.41139477491378784,0.6127273440361023,0.01568649150431156,0.38501274585723877,0.5971189141273499,0.013326904736459255,0.4186995327472687,0.583590567111969,0.010538873262703419,0.43798962235450745,0.594401478767395,0.008216112852096558,0.45003604888916016,0.6079664826393127,0.007105099502950907,0.39214059710502625,0.6030262112617493,0.0026933869812637568,0.42859041690826416,0.5816118121147156,0.0006426040781661868,0.4483347535133362,0.5957671403884888,-0.0008358932100236416,0.4586525857448578,0.6129301190376282,-0.0012800830882042646,0.3990611135959625,0.6189702749252319,-0.007450734730809927,0.43274152278900146,0.5905921459197998,-0.008578040637075901,0.4521999955177307,0.6046745777130127,-0.007946047000586987,0.46289268136024475,0.6202601790428162,-0.007238344755023718,0.4067433774471283,0.6444745659828186,-0.01679827831685543,0.4341168999671936,0.6169731020927429,-0.015946434810757637,0.44854605197906494,0.6216747760772705,-0.01258648931980133,0.4570235013961792,0.6306459307670593,-0.009941041469573975
0.3490007519721985,0.6885098218917847,1.0691612573054954e-07,0.36387768387794495,0.6446261405944824,0.013965548947453499,0.3824722468852997,0.6161000728607178,0.01723676733672619,0.3984435200691223,0.6095123887062073,0.01591702550649643,0.411832332611084,0.6110141277313232,0.014001250267028809,0.3862157166004181,0.5913532376289368,0.013463886454701424,0.42029744386672974,0.5817102789878845,0.010535330511629581,0.43978244066238403,0.5930868983268738,0.007920777425169945,0.45195338129997253,0.6070564389228821,0.006532990839332342,0.39309391379356384,0.5974212884902954,0.0026430650614202023,0.42991846799850464,0.580032467842102,0.0007151566096581519,0.44950106739997864,0.5948594808578491,-0.0009611704153940082,0.4597495198249817,0.6123130321502686,-0.0017041329992935061,0.3997868299484253,0.6137160658836365,-0.007765816990286112,0.4339487850666046,0.588044285774231,-0.00888667069375515,0.4529874324798584,0.6032718420028687,-0.0084467688575387,0.4632316827774048,0.619572639465332,-0.007962345145642757,0.4073026776313782,0.6398391127586365,-0.017435815185308456,0.43492937088012695,0.6140415668487549,-0.01679067872464657,0.44916972517967224,0.6199864745140076,-0.013599724508821964,0.4574289917945862,0.629930317401886,-0.011084441095590591
0.34926629066467285,0.6843482255935669,9.248201138234435e-08,0.3641226291656494,0.6404362320899963,0.014216876588761806,0.383171945810318,0.612421989440918,0.01757916621863842,0.39940741658210754,0.6058037877082825,0.016400335356593132,0.41255348920822144,0.6073439717292786,0.014693441800773144,0.38795006275177,0.5872747898101807,0.014341464266180992,0.4209924340248108,0.5803665518760681,0.012223784811794758,0.4396565854549408,0.592278003692627,0.010167429223656654,0.4508397579193115,0.6066799163818359,0.009144076146185398,0.39476487040519714,0.5938707590103149,0.0036964493338018656,0.430801123380661,0.5790234804153442,0.002663540421053767,0.44916170835494995,0.5942363142967224,0.001601574826054275,0.45838892459869385,0.6114553213119507,0.0011977964313700795,0.40098926424980164,0.610296905040741,-0.0065319775603711605,0.4346601366996765,0.5873764157295227,-0.0069110519252717495,0.45254549384117126,0.6028803586959839,-0.006008093245327473,0.46186190843582153,0.6193728446960449,-0.005316842347383499,0.40786468982696533,0.6365197896957397,-0.015999555587768555,0.43527594208717346,0.6126793026924133,-0.014633513987064362,0.4493182301521301,0.6188226342201233,-0.011119293048977852,0.45741647481918335,0.6289390325546265,-0.008458517491817474
0.3495732545852661,0.6814508438110352,8.935421647038311e-08,0.3650137782096863,0.6388403177261353,0.015139427967369556,0.3832258880138397,0.6111220121383667,0.01864871196448803,0.39943331480026245,0.6040489673614502,0.017312131822109222,0.41253113746643066,0.6069421172142029,0.015294279903173447,0.38794800639152527,0.5850703716278076,0.014707180671393871,0.42163681983947754,0.5795193910598755,0.012620358727872372,0.4404590427875519,0.5930546522140503,0.010663562454283237,0.4515332281589508,0.6089482307434082,0.009691049344837666,0.39458349347114563,0.5908389687538147,0.0035762200132012367,0.43088603019714355,0.5777786374092102,0.0028251041658222675,0.4490472674369812,0.5954117178916931,0.0021051375661045313,0.45822083950042725,0.6143789887428284,0.0018420976120978594,0.40083110332489014,0.6068952679634094,-0.0070710317231714725,0.43474364280700684,0.5857868194580078,-0.0071360575966537,0.4528396725654602,0.6031306385993958,-0.005961551330983639,0.46230456233024597,0.6213135719299316,-0.005226346664130688,0.407707542181015,0.6324657797813416,-0.016924168914556503,0.4350697696208954,0.6088556051254272,-0.015604172833263874,0.44957566261291504,0.6153087019920349,-0.012245419435203075,0.45846569538116455,0.6259399652481079,-0.009738859720528126
0.3502742052078247,0.6816074252128601,9.024487468423104e-08,0.3652416467666626,0.6390509605407715,0.014188975095748901,0.3829403817653656,0.6098065376281738,0.016926605254411697,0.39920172095298767,0.6007928848266602,0.014878232032060623,0.41267311573028564,0.6016095876693726,0.012188376858830452,0.3879944682121277,0.5851036310195923,0.01309939380735159,0.42162755131721497,0.5777244567871094,0.010179765522480011,0.4402267336845398,0.5921427011489868,0.007743929047137499,0.4512862265110016,0.6084311604499817,0.006502801086753607,0.3935181796550751,0.5911653637886047,0.0020674022380262613,0.4297855794429779,0.5773841738700867,-8.879121742211282e-05,0.4479140341281891,0.5956994295120239,-0.0016641687834635377,0.4573403596878052,0.615410566329956,-0.0022774820681661367,0.399338036775589,0.6069545149803162,-0.008505375124514103,0.43296948075294495,0.5856359004974365,-0.00937940739095211,0.45144906640052795,0.6029607057571411,-0.008689090609550476,0.46165695786476135,0.621367335319519,-0.008115642704069614,0.40622031688690186,0.6315538883209229,-0.018384363502264023,0.4334389865398407,0.6069558262825012,-0.01744082011282444,0.44874510169029236,0.6117285490036011,-0.014579663053154945,0.45892342925071716,0.6211504340171814,-0.012407558970153332
0.35070738196372986,0.6895024180412292,6.317756628959614e-08,0.3641626536846161,0.6446410417556763,0.015730731189250946,0.3817487359046936,0.613006591796875,0.019831890240311623,0.39791104197502136,0.6019722819328308,0.018817568197846413,0.41257911920547485,0.6010178923606873,0.0171178188174963,0.3860962986946106,0.5904914736747742,0.015269864350557327,0.4182872176170349,0.5761116743087769,0.012735539115965366,0.4365938603878021,0.588817834854126,0.01075430866330862,0.4482104778289795,0.6047981381416321,0.009921223856508732,0.39196327328681946,0.5967445969581604,0.003613380715250969,0.4259912967681885,0.5779715776443481,0.0017890502931550145,0.4436424970626831,0.5944934487342834,0.0004796583962161094,0.4534509479999542,0.6131385564804077,0.00015429218183271587,0.3983967900276184,0.6126046180725098,-0.007550358306616545,0.43023186922073364,0.5886772871017456,-0.00814137514680624,0.4483671486377716,0.6034438610076904,-0.007165243849158287,0.4588458836078644,0.6209679841995239,-0.006327001377940178,0.4060550034046173,0.6377414464950562,-0.01791655644774437,0.4322456121444702,0.6107584238052368,-0.016528746113181114,0.447376012802124,0.6142290234565735,-0.013042700476944447,0.45726364850997925,0.6237420439720154,-0.010326720774173737
0.3493315875530243,0.6958711743354797,7.128488732632832e-08,0.3635348081588745,0.6513963937759399,0.01420745812356472,0.380766898393631,0.6200708150863647,0.017897482961416245,0.39645469188690186,0.6081437468528748,0.01671072095632553,0.4103812575340271,0.6059491038322449,0.014996270649135113,0.38517168164253235,0.5985523462295532,0.016018444672226906,0.4157763719558716,0.583505392074585,0.013278448022902012,0.4345376789569855,0.593596339225769,0.010601097717881203,0.44710394740104675,0.6064853072166443,0.00910133682191372,0.39080291986465454,0.6033300161361694,0.004877467639744282,0.42297616600990295,0.5826963186264038,0.0024359826929867268,0.44125717878341675,0.5969832539558411,0.00033873633947223425,0.4521128833293915,0.6126416921615601,-0.00039198968443088233,0.3972906172275543,0.6178699135780334,-0.0060352059081196785,0.4269876182079315,0.5914446115493774,-0.007619218435138464,0.4454028606414795,0.6033990979194641,-0.006993009243160486,0.45684346556663513,0.6178306341171265,-0.006050286814570427,0.4052729904651642,0.6427625417709351,-0.016315335407853127,0.4296368658542633,0.6135883927345276,-0.015691833570599556,0.4447207748889923,0.6135210990905762,-0.012458535842597485,0.45539841055870056,0.6192994713783264,-0.009740618988871574
0.35028302669525146,0.700139582157135,6.570834187868968e-08,0.3634451925754547,0.6587486267089844,0.0153877604752779,0.3804892599582672,0.6273289322853088,0.01860908791422844,0.3969334065914154,0.6160973310470581,0.016790147870779037,0.4113287925720215,0.6143615245819092,0.01412044744938612,0.386150598526001,0.6049466729164124,0.013411416672170162,0.4183078408241272,0.5885019302368164,0.010788163170218468,0.4368150234222412,0.5995335578918457,0.008986587636172771,0.4474742114543915,0.614348828792572,0.008417349308729172,0.3903086483478546,0.6090081334114075,0.0014512739144265652,0.4260362982749939,0.5842562913894653,-0.0017555055674165487,0.44399115443229675,0.6023568511009216,-0.003282833145931363,0.45148807764053345,0.6239367723464966,-0.0029000230133533478,0.3957263231277466,0.6239462494850159,-0.009844508022069931,0.4286159873008728,0.5934703946113586,-0.011421396397054195,0.4475083351135254,0.6107452511787415,-0.00988081470131874,0.45655420422554016,0.6304470896720886,-0.008093137294054031,0.40273821353912354,0.6491506695747375,-0.020337553694844246,0.429191529750824,0.6183363199234009,-0.020140990614891052,0.4447045922279358,0.6180790066719055,-0.01715693064033985,0.45434245467185974,0.6239657998085022,-0.014519331976771355
0.3495829701423645,0.7054231762886047,7.27900371089163e-08,0.3645924925804138,0.6652902960777283,0.013662850484251976,0.380963534116745,0.6342983245849609,0.01621408760547638,0.3966597318649292,0.6233298182487488,0.013942123390734196,0.41042929887771606,0.6209176182746887,0.011118952184915543,0.3845866620540619,0.6081722974777222,0.012636877596378326,0.4163862466812134,0.588653028011322,0.008720767684280872,0.43494725227355957,0.5992640256881714,0.005696467123925686,0.44644027948379517,0.6133180856704712,0.004058987367898226,0.3892943263053894,0.6119670867919922,0.0011602957965806127,0.42363089323043823,0.5829535722732544,-0.0026955027133226395,0.44244539737701416,0.5981802940368652,-0.005100716836750507,0.4527992606163025,0.6168217658996582,-0.005759903695434332,0.3954335153102875,0.6271680593490601,-0.009985260665416718,0.4267975091934204,0.593294620513916,-0.012592555023729801,0.44613397121429443,0.6076810359954834,-0.012001757510006428,0.45760366320610046,0.624355673789978,-0.011021259240806103,0.4032537043094635,0.6527217626571655,-0.02051173895597458,0.4274003803730011,0.6217301487922668,-0.02139141783118248,0.442288875579834,0.619605302810669,-0.01927901990711689,0.45327287912368774,0.6228207945823669,-0.017340347170829773
0.3492632806301117,0.7079579830169678,8.083466696007235e-08,0.363995224237442,0.6672811508178711,0.014121945947408676,0.379827618598938,0.636016845703125,0.016643475741147995,0.39513251185417175,0.6247144937515259,0.014321822673082352,0.4096001982688904,0.62258380651474,0.011416969820857048,0.3830384910106659,0.6093463897705078,0.011523432098329067,0.41550371050834656,0.5902792811393738,0.0073697855696082115,0.4342186450958252,0.601509690284729,0.004567272495478392,0.44582587480545044,0.6165745854377747,0.0032359410542994738,0.3878362774848938,0.611778199672699,-5.956617314950563e-05,0.4232795834541321,0.581523060798645,-0.00389825995080173,0.44303181767463684,0.5960039496421814,-0.005652894265949726,0.45414215326309204,0.6149157285690308,-0.00578405661508441,0.39436522126197815,0.6271250247955322,-0.011204094626009464,0.427002876996994,0.5934340953826904,-0.013654358685016632,0.4468737542629242,0.6080722808837891,-0.012878336943686008,0.4585854411125183,0.6245979070663452,-0.011752016842365265,0.40257227420806885,0.6526408791542053,-0.021621298044919968,0.4277806580066681,0.6225542426109314,-0.02208983711898327,0.4425555467605591,0.6224133372306824,-0.01949080266058445,0.45315244793891907,0.6277056932449341,-0.017180614173412323
0.34759193658828735,0.7094401121139526,7.023694337249253e-08,0.3625829815864563,0.6675859093666077,0.015659013763070107,0.37923765182495117,0.6352887153625488,0.019342008978128433,0.395250529050827,0.6242853403091431,0.01785125769674778,0.40949273109436035,0.6220241189002991,0.015703193843364716,0.3817431628704071,0.6085017919540405,0.014869457110762596,0.4149307906627655,0.590736448764801,0.011941250413656235,0.4336605966091156,0.6027392148971558,0.009608081541955471,0.4451139569282532,0.6179836988449097,0.00851434376090765,0.3871649205684662,0.6114019155502319,0.0028911062981933355,0.42332494258880615,0.5830208659172058,0.0005688669625669718,0.44266432523727417,0.5988072752952576,-0.0008277717279270291,0.4534275531768799,0.617961585521698,-0.0008781303185969591,0.39409297704696655,0.6269241571426392,-0.008625730872154236,0.4272708296775818,0.5944448709487915,-0.009789113886654377,0.4467185437679291,0.6097597479820251,-0.008696171455085278,0.457852840423584,0.6265270709991455,-0.007575786206871271,0.4027477502822876,0.6523777842521667,-0.019345248118042946,0.42815184593200684,0.6225903630256653,-0.01871468313038349,0.44280362129211426,0.6228357553482056,-0.01562342420220375,0.45302510261535645,0.6280041933059692,-0.013131163083016872
0.3483416438102722,0.708713173866272,6.295311294479689e-08,0.3632252514362335,0.6658927202224731,0.018417086452245712,0.3791436553001404,0.6334480047225952,0.0233108252286911,0.39480599761009216,0.6226259469985962,0.02246882952749729,0.4094008505344391,0.6204612851142883,0.020723458379507065,0.38118574023246765,0.6064847111701965,0.0179661363363266,0.41337406635284424,0.5880939364433289,0.016728119924664497,0.4316900074481964,0.5974768400192261,0.015691343694925308,0.4428171217441559,0.610904335975647,0.015264789573848248,0.38710424304008484,0.6085374355316162,0.004786380100995302,0.4225461781024933,0.5795800089836121,0.004260245244950056,0.44140276312828064,0.5934391021728516,0.0040093655698001385,0.45198681950569153,0.6109917163848877,0.004396675154566765,0.39452990889549255,0.6238958239555359,-0.0077974991872906685,0.42728036642074585,0.5918644070625305,-0.007614427711814642,0.44665443897247314,0.6052952408790588,-0.005939248483628035,0.45798200368881226,0.6202183365821838,-0.004919708706438541,0.40356138348579407,0.6492320895195007,-0.01938333921134472,0.42882654070854187,0.6198890805244446,-0.01823960430920124,0.44351211190223694,0.6193699836730957,-0.015028772875666618,0.45415645837783813,0.6235626339912415,-0.012723756022751331
0.34851938486099243,0.7092713117599487,7.080635811007596e-08,0.36267635226249695,0.6644191145896912,0.01605396158993244,0.3781031668186188,0.6314762830734253,0.019968727603554726,0.39378324151039124,0.6202042102813721,0.018602591007947922,0.40867239236831665,0.6185765862464905,0.016424771398305893,0.37997570633888245,0.6061502695083618,0.015357699245214462,0.4128362536430359,0.5882301926612854,0.012538467533886433,0.4315606653690338,0.5979219675064087,0.010325480252504349,0.4430999755859375,0.6118211150169373,0.009307743981480598,0.38633912801742554,0.6088384985923767,0.0032194391824305058,0.4225539565086365,0.5805333256721497,0.0010129783768206835,0.4416865110397339,0.5950021743774414,-0.0005013818736188114,0.45240312814712524,0.6134965419769287,-0.0007139663212001324,0.39420488476753235,0.6243095397949219,-0.008458426222205162,0.42752760648727417,0.5925725102424622,-0.009723038412630558,0.4465267062187195,0.6071337461471558,-0.009051109664142132,0.45752039551734924,0.6233395338058472,-0.008252469822764397,0.4034815728664398,0.6493195295333862,-0.01925986260175705,0.42877766489982605,0.6197375059127808,-0.01896105520427227,0.4432476758956909,0.6189658045768738,-0.016308648511767387,0.45370379090309143,0.6229676008224487,-0.014149727299809456
0.3501482903957367,0.7074147462844849,4.98919199287684e-08,0.3634880483150482,0.6617348194122314,0.01941743679344654,0.3788816034793854,0.6295153498649597,0.02484789676964283,0.3944898247718811,0.6187294125556946,0.024397114291787148,0.4091380536556244,0.6180827021598816,0.022852402180433273,0.3814961612224579,0.60440993309021,0.018975218757987022,0.41350048780441284,0.5867622494697571,0.018045462667942047,0.4316718578338623,0.59705650806427,0.016759907826781273,0.44296255707740784,0.6109639406204224,0.016139402985572815,0.3879030644893646,0.6071274876594543,0.005503809079527855,0.42352747917175293,0.5800848007202148,0.005122739356011152,0.44198301434516907,0.5960725545883179,0.004302128683775663,0.4517339766025543,0.6156975030899048,0.004256144165992737,0.3955291211605072,0.6225472092628479,-0.007191281300038099,0.4288131892681122,0.5924695730209351,-0.006765617989003658,0.4472721219062805,0.6084911823272705,-0.005298352334648371,0.45717254281044006,0.6256512999534607,-0.004397059790790081,0.4045930802822113,0.6474146842956543,-0.018766161054372787,0.4304278790950775,0.6181966662406921,-0.01711023412644863,0.4447563886642456,0.6181138157844543,-0.013656172901391983,0.45437300205230713,0.6224016547203064,-0.011246909387409687
0.3482955992221832,0.7025601267814636,4.264997954805949e-08,0.3621889650821686,0.6558833718299866,0.020624911412596703,0.37918156385421753,0.6247549653053284,0.026933088898658752,0.39523905515670776,0.6156330108642578,0.027245253324508667,0.4095659852027893,0.61641526222229,0.02647380717098713,0.3827030658721924,0.5998392105102539,0.02085261233150959,0.41483035683631897,0.5819381475448608,0.02087637223303318,0.43295663595199585,0.5936771631240845,0.020105812698602676,0.4441719055175781,0.6080531477928162,0.019812647253274918,0.38931509852409363,0.6040745973587036,0.007167610339820385,0.42497390508651733,0.5796709060668945,0.008019903674721718,0.4429284930229187,0.5967404246330261,0.00765463849529624,0.45211562514305115,0.6161298155784607,0.0077644288539886475,0.3966556489467621,0.6205393075942993,-0.005645200610160828,0.42987263202667236,0.5920991897583008,-0.004373840056359768,0.44802531599998474,0.6075612902641296,-0.002670440124347806,0.457624614238739,0.6243058443069458,-0.0017313958378508687,0.4054034352302551,0.6467342972755432,-0.017229963093996048,0.4311867356300354,0.6178990602493286,-0.01504766009747982,0.445563405752182,0.6185504198074341,-0.011241095140576363,0.45493319630622864,0.6235551238059998,-0.008576685562729836
0.35035279393196106,0.7007506489753723,5.507479983180019e-08,0.36397331953048706,0.6539247035980225,0.01866943947970867,0.38066649436950684,0.6225438714027405,0.0244876928627491,0.39665287733078003,0.6126888394355774,0.024687623605132103,0.41075652837753296,0.6127682328224182,0.0241734366863966,0.3825967609882355,0.5975766181945801,0.019567040726542473,0.4142858684062958,0.5775336623191833,0.019146176055073738,0.4323683977127075,0.5889810919761658,0.018142862245440483,0.4437029957771301,0.6030687093734741,0.017723863944411278,0.3893931210041046,0.6014491319656372,0.0070655676536262035,0.4244796931743622,0.5779682397842407,0.007551173213869333,0.4422495663166046,0.5947307348251343,0.006904385518282652,0.4519610106945038,0.6137131452560425,0.006828333251178265,0.3970898389816284,0.6172608733177185,-0.004771703388541937,0.42949673533439636,0.5893809199333191,-0.003470326540991664,0.4480539560317993,0.6037685871124268,-0.0022204131819307804,0.4590638279914856,0.6207648515701294,-0.0016547655686736107,0.40639036893844604,0.6427888870239258,-0.01560990046709776,0.4316751956939697,0.6155091524124146,-0.013299091719090939,0.4461112320423126,0.6161922812461853,-0.009974861517548561,0.45660489797592163,0.6218036413192749,-0.007707708980888128
0.3492182791233063,0.6950796246528625,5.0749299873587006e-08,0.36254382133483887,0.6486489176750183,0.017993368208408356,0.38017526268959045,0.6171878576278687,0.023690305650234222,0.39642468094825745,0.6080300807952881,0.02397775463759899,0.41094648838043213,0.6082386374473572,0.023594742640852928,0.38429269194602966,0.5921385288238525,0.019095560535788536,0.41559523344039917,0.5709000825881958,0.01867721974849701,0.43313080072402954,0.5835677981376648,0.01759626343846321,0.4437390863895416,0.5985840559005737,0.017084304243326187,0.39102864265441895,0.5975548624992371,0.006856891326606274,0.4255063235759735,0.5753541588783264,0.006793306674808264,0.44297751784324646,0.5938171744346619,0.005355627276003361,0.4518965780735016,0.6139679551124573,0.0048495009541511536,0.398185670375824,0.6137151718139648,-0.004661331418901682,0.4301614761352539,0.5874583125114441,-0.0038041695952415466,0.4483734667301178,0.6034737229347229,-0.002990027191117406,0.4587486982345581,0.6217377781867981,-0.0025864350609481335,0.4067270755767822,0.6391802430152893,-0.015207971446216106,0.4316469132900238,0.6125010848045349,-0.013227342627942562,0.4461075961589813,0.6134886145591736,-0.01018238253891468,0.4563242197036743,0.6192926168441772,-0.008020462468266487
0.3498009145259857,0.689365804195404,4.209813297961773e-08,0.3633388578891754,0.6424903273582458,0.01906353421509266,0.38118240237236023,0.6104589700698853,0.024732770398259163,0.3977774381637573,0.60069739818573,0.02487533912062645,0.41258102655410767,0.6016054749488831,0.024198543280363083,0.38533514738082886,0.5863677263259888,0.017331499606370926,0.41807499527931213,0.5644443035125732,0.016901832073926926,0.4351574182510376,0.578640878200531,0.016617512330412865,0.4445604383945465,0.5949746370315552,0.016955876722931862,0.39175593852996826,0.5931291580200195,0.004705558065325022,0.42860859632492065,0.5742071866989136,0.004518090281635523,0.4447895884513855,0.5956910848617554,0.00398135045543313,0.4511001706123352,0.6175722479820251,0.004448946565389633,0.3982986509799957,0.6102768778800964,-0.006875988095998764,0.43199852108955383,0.5870115160942078,-0.005245937034487724,0.44924670457839966,0.6042441129684448,-0.003115718951448798,0.45794516801834106,0.6236064434051514,-0.0017618058482185006,0.40584269165992737,0.6358161568641663,-0.01739656552672386,0.4320378005504608,0.6101776957511902,-0.014675584621727467,0.44761109352111816,0.6099390387535095,-0.01103635411709547,0.4585391581058502,0.6151660084724426,-0.008344147354364395
0.3507494330406189,0.6858235597610474,5.620497844915917e-08,0.36396685242652893,0.6380611658096313,0.017827292904257774,0.38126662373542786,0.6065818667411804,0.022570615634322166,0.3977801501750946,0.5969660878181458,0.02199465222656727,0.4126627743244171,0.5972365736961365,0.02061091922223568,0.3850223422050476,0.584028959274292,0.0149276964366436,0.41782841086387634,0.5607616901397705,0.01365420501679182,0.4352969825267792,0.573715329170227,0.013118229806423187,0.4452451169490814,0.5898373126983643,0.013441882096230984,0.39145737886428833,0.5908592939376831,0.002771102823317051,0.42838728427886963,0.5698856115341187,0.0022751325741410255,0.4448922276496887,0.5893991589546204,0.0019461950287222862,0.4520399868488312,0.6102042198181152,0.0024502368178218603,0.3981020450592041,0.6081562042236328,-0.008391886949539185,0.43221256136894226,0.5836126804351807,-0.007301377598196268,0.4488808810710907,0.6004365086555481,-0.005111215636134148,0.4572018086910248,0.619644820690155,-0.0036315354518592358,0.4057038128376007,0.6335787177085876,-0.018540987744927406,0.43245020508766174,0.6074050068855286,-0.01624130643904209,0.44740617275238037,0.6086443066596985,-0.012414525263011456,0.45741885900497437,0.6151583790779114,-0.009459948167204857
0.34917905926704407,0.682917594909668,5.423699533935178e-08,0.36271411180496216,0.6362817287445068,0.017042391002178192,0.3813164532184601,0.6046356558799744,0.021594738587737083,0.3982032239437103,0.5948513150215149,0.021012743934988976,0.4131656885147095,0.5946197509765625,0.019597386941313744,0.3855108320713043,0.5825580358505249,0.014062782749533653,0.417799711227417,0.5587561130523682,0.012336124666035175,0.4356105327606201,0.5712912678718567,0.011510246433317661,0.4461326599121094,0.5872711539268494,0.011643403209745884,0.3917762339115143,0.590354859828949,0.0021589305251836777,0.4282187223434448,0.5696840286254883,0.0009720499510876834,0.44546017050743103,0.5884171724319458,0.0002107918990077451,0.45363250374794006,0.6086746454238892,0.00048764501116238534,0.39806264638900757,0.6078964471817017,-0.008813271299004555,0.43237319588661194,0.5853428840637207,-0.008494017645716667,0.4493594765663147,0.6016985774040222,-0.006751791574060917,0.4581094980239868,0.6200926303863525,-0.005389523226767778,0.4051642417907715,0.6329746246337891,-0.01880309171974659,0.4321109354496002,0.6077485680580139,-0.016798866912722588,0.4475688636302948,0.608213484287262,-0.013179808855056763,0.4579887390136719,0.6136372089385986,-0.010347377508878708
0.350142240524292,0.6835281252861023,6.96806168321018e-08,0.3634819984436035,0.6382082104682922,0.014363810420036316,0.38193151354789734,0.6065037846565247,0.01768423430621624,0.3988766670227051,0.5965330600738525,0.01648811623454094,0.41372668743133545,0.5955875515937805,0.014926698990166187,0.3856293559074402,0.5851784348487854,0.010248688980937004,0.41941335797309875,0.5615236759185791,0.006495966110378504,0.4372716546058655,0.5769600868225098,0.004563638940453529,0.447608083486557,0.5954874753952026,0.004190031439065933,0.39162981510162354,0.5930858254432678,-0.0004176588845439255,0.42804113030433655,0.5707008838653564,-0.003245648927986622,0.4462050497531891,0.5886176228523254,-0.00434228777885437,0.45565736293792725,0.6080629825592041,-0.004351680167019367,0.3978598415851593,0.6100072264671326,-0.010426530614495277,0.43185901641845703,0.5858195424079895,-0.011022357270121574,0.45003369450569153,0.6008176207542419,-0.009479465894401073,0.46026137471199036,0.6182488203048706,-0.008286912925541401,0.4052056670188904,0.6348551511764526,-0.019740361720323563,0.43208473920822144,0.6097508072853088,-0.01803913153707981,0.44747743010520935,0.6105169653892517,-0.014654635451734066,0.45795971155166626,0.6166396737098694,-0.012085909023880959
0.3487369418144226,0.6876286268234253,7.122898892930607e-08,0.3628619909286499,0.6427559852600098,0.016032880172133446,0.3814983665943146,0.6129487156867981,0.019057635217905045,0.3992157578468323,0.6049211025238037,0.017111709341406822,0.41378054022789,0.6068220734596252,0.014455901458859444,0.384298712015152,0.5893734693527222,0.010807009413838387,0.42080366611480713,0.574878990650177,0.007685310672968626,0.4392731487751007,0.5887121558189392,0.006302691996097565,0.4496312737464905,0.6049681901931763,0.006273194681853056,0.39101430773735046,0.596956193447113,-0.000993419555015862,0.4295060634613037,0.5739500522613525,-0.0028150996658951044,0.44719403982162476,0.5919144153594971,-0.00253358855843544,0.45530325174331665,0.6111836433410645,-0.0014393710298463702,0.3981119394302368,0.6147321462631226,-0.011878530494868755,0.4331565499305725,0.5879697203636169,-0.01180476974695921,0.45076143741607666,0.6043068170547485,-0.008625514805316925,0.4590388536453247,0.6218515038490295,-0.006256035529077053,0.40586668252944946,0.6408204436302185,-0.02191743440926075,0.43345075845718384,0.6129239797592163,-0.020093431696295738,0.448958158493042,0.6156141757965088,-0.01552033144980669,0.458626925945282,0.6229795813560486,-0.011918635107576847
0.35021838545799255,0.6979864239692688,4.006291831615272e-08,0.3634136915206909,0.6516334414482117,0.019053898751735687,0.38106635212898254,0.6209543347358704,0.023343781009316444,0.39749088883399963,0.6106971502304077,0.022182993590831757,0.4113873243331909,0.6115882396697998,0.020078690722584724,0.38442087173461914,0.5963934063911438,0.012968163937330246,0.4204636514186859,0.5798664093017578,0.011218070052564144,0.4384065866470337,0.5921585559844971,0.010788029991090298,0.44854921102523804,0.6067203283309937,0.011207320727407932,0.39144954085350037,0.603635847568512,-0.00010845891665667295,0.42947280406951904,0.5796053409576416,-0.0005339561030268669,0.44657543301582336,0.5957225561141968,0.0005364230019040406,0.4543854296207428,0.6132591962814331,0.0017644556937739253,0.39874738454818726,0.6209200024604797,-0.011992571875452995,0.4335428774356842,0.5938420295715332,-0.010436780750751495,0.45058923959732056,0.608489453792572,-0.0066908677108585835,0.4590111970901489,0.6242684125900269,-0.004519941285252571,0.4066988527774811,0.6463358402252197,-0.02280193194746971,0.43410131335258484,0.6179034113883972,-0.020013879984617233,0.44958752393722534,0.620234489440918,-0.015075230039656162,0.45951128005981445,0.6269907355308533,-0.011533197946846485
0.3506268262863159,0.706479012966156,5.7294567312737854e-08,0.3633444607257843,0.6604401469230652,0.01487169973552227,0.3810313045978546,0.6298625469207764,0.01713952049612999,0.3978847563266754,0.6199005246162415,0.014671608805656433,0.4121467173099518,0.6180698871612549,0.011628621257841587,0.38529735803604126,0.607102632522583,0.008068280294537544,0.4200180172920227,0.5829213857650757,0.0036650998517870903,0.4384125769138336,0.5934268236160278,0.0020764125511050224,0.4483492076396942,0.6096024513244629,0.0022957546170800924,0.39189237356185913,0.6143313050270081,-0.00332070654258132,0.4280191659927368,0.5810840129852295,-0.006507443729788065,0.445743590593338,0.5947229266166687,-0.00623649638146162,0.45393994450569153,0.6121786236763,-0.004875978454947472,0.3991764485836029,0.6312395930290222,-0.013851983472704887,0.4321364164352417,0.5969945788383484,-0.014870194718241692,0.45027491450309753,0.6096357703208923,-0.011865627951920033,0.45930325984954834,0.6257290244102478,-0.00936261285096407,0.4071657955646515,0.6562742590904236,-0.023589352145791054,0.43362462520599365,0.6248782873153687,-0.022671153768897057,0.44950684905052185,0.6257453560829163,-0.018481872975826263,0.459707647562027,0.6326549649238586,-0.014909468591213226
0.3501628041267395,0.7084999680519104,5.14628268888373e-08,0.3628256320953369,0.6612192392349243,0.01308746449649334,0.38076332211494446,0.6302714347839355,0.015224551782011986,0.3972107768058777,0.619914174079895,0.012959609739482403,0.4117162227630615,0.6160019040107727,0.010428262874484062,0.38469740748405457,0.6125232577323914,0.007836048491299152,0.418048620223999,0.5829132795333862,0.002361495513468981,0.43636488914489746,0.5923299789428711,2.680033867363818e-05,0.44623956084251404,0.6077762842178345,-0.00023909691662993282,0.3909761607646942,0.6180981993675232,-0.002785185817629099,0.42603689432144165,0.5792063474655151,-0.007833901792764664,0.4441063702106476,0.5912387371063232,-0.008883628062903881,0.45207491517066956,0.6090362071990967,-0.008123194798827171,0.39799171686172485,0.6334271430969238,-0.012892186641693115,0.42967697978019714,0.5921307802200317,-0.0159336868673563,0.448567271232605,0.602131187915802,-0.014445733278989792,0.4592387080192566,0.6177883148193359,-0.012533302418887615,0.4064144492149353,0.6582167148590088,-0.022278547286987305,0.43185460567474365,0.6238173246383667,-0.02334544248878956,0.44729816913604736,0.6218715906143188,-0.020839815959334373,0.45785683393478394,0.6271200776100159,-0.018259765580296516
0.349884033203125,0.7032747864723206,7.589857631273844e-08,0.3636276423931122,0.6566059589385986,0.015798762440681458,0.37971243262290955,0.6282201409339905,0.017982089892029762,0.39537298679351807,0.6182224750518799,0.01492763590067625,0.4097151756286621,0.613469123840332,0.011189170181751251,0.3838612139225006,0.6110711097717285,0.00961390882730484,0.41683271527290344,0.579227089881897,0.0048823244869709015,0.43591296672821045,0.5881760716438293,0.003297023940831423,0.4468347430229187,0.6038862466812134,0.003389706602320075,0.38983726501464844,0.616153359413147,-0.0026773579884320498,0.42396804690361023,0.5713432431221008,-0.007514201104640961,0.44331422448158264,0.5823928713798523,-0.0076503329910337925,0.4529658854007721,0.6015195250511169,-0.006133114919066429,0.39681145548820496,0.6302677392959595,-0.014231117442250252,0.4274737536907196,0.5808721780776978,-0.01700424775481224,0.44684311747550964,0.5917795300483704,-0.014039822854101658,0.458110511302948,0.6091323494911194,-0.011084495112299919,0.40543246269226074,0.6532660126686096,-0.024951346218585968,0.4293760359287262,0.6154932379722595,-0.026696255430579185,0.44467759132385254,0.6128527522087097,-0.023974895477294922,0.4556575119495392,0.6180194020271301,-0.020995207130908966
0.3494413197040558,0.6977630853652954,7.992758810360101e-08,0.3612552881240845,0.6519766449928284,0.012838576920330524,0.37655648589134216,0.6226378679275513,0.0141642726957798,0.39197099208831787,0.6116411089897156,0.011090350337326527,0.4058554470539093,0.6090278625488281,0.007355687208473682,0.3831990659236908,0.6047043204307556,0.005624525249004364,0.41680100560188293,0.5736506581306458,-0.00041993323247879744,0.43603089451789856,0.5825743675231934,-0.0028062963392585516,0.44675377011299133,0.5981179475784302,-0.003116894979029894,0.38941821455955505,0.6099991798400879,-0.004986537620425224,0.42421746253967285,0.5660900473594666,-0.011182298883795738,0.44373103976249695,0.5769820213317871,-0.0120400907471776,0.4533335864543915,0.5956900119781494,-0.010832815431058407,0.3963315188884735,0.6248995065689087,-0.01496209017932415,0.42743247747421265,0.5760084390640259,-0.019140833988785744,0.44743967056274414,0.5867556929588318,-0.017201801761984825,0.4593396782875061,0.6039254069328308,-0.014535181224346161,0.40440356731414795,0.6489227414131165,-0.0241781584918499,0.42891186475753784,0.6097692251205444,-0.026957903057336807,0.44451969861984253,0.6068798303604126,-0.024913886561989784,0.455890953540802,0.6121172904968262,-0.02216404117643833
0.34900549054145813,0.6969248056411743,7.324860007429379e-08,0.3637705147266388,0.6494708061218262,0.015149366110563278,0.3797788918018341,0.6203020215034485,0.017349885776638985,0.3957778811454773,0.6105242967605591,0.014594481326639652,0.40969812870025635,0.6072161793708801,0.011097930371761322,0.38298875093460083,0.6012188196182251,0.008921564556658268,0.4171731173992157,0.5716716647148132,0.0038189622573554516,0.43641769886016846,0.5796186327934265,0.0017908040899783373,0.4477834701538086,0.593866765499115,0.0014797437470406294,0.3889927864074707,0.6067610383033752,-0.0029325438663363457,0.424028217792511,0.563153862953186,-0.008175760507583618,0.44328635931015015,0.5729278326034546,-0.008780878968536854,0.45364904403686523,0.5900326371192932,-0.007535128854215145,0.3960432708263397,0.622257649898529,-0.014081692323088646,0.42742919921875,0.5717802047729492,-0.01749173179268837,0.4473748803138733,0.5808892846107483,-0.015090097673237324,0.46004194021224976,0.5959385633468628,-0.012335414998233318,0.40475931763648987,0.6478732228279114,-0.02434135600924492,0.4290619492530823,0.6078149676322937,-0.026573942974209785,0.44477543234825134,0.6029685735702515,-0.024115633219480515,0.4569491446018219,0.6054239273071289,-0.02122821845114231
0.34982359409332275,0.6984348297119141,4.763454697354064e-08,0.3629911541938782,0.6499411463737488,0.017918560653924942,0.3791559338569641,0.6192467212677002,0.02090715430676937,0.3950134813785553,0.6082226634025574,0.018386492505669594,0.40933892130851746,0.6030640006065369,0.015053411945700645,0.3826523721218109,0.6001608371734619,0.00990718137472868,0.41750091314315796,0.5669813752174377,0.005324741825461388,0.43603116273880005,0.5778980851173401,0.0038918503560125828,0.44576263427734375,0.5957514047622681,0.004263836424797773,0.38850903511047363,0.6056327223777771,-0.003284245729446411,0.4245879054069519,0.5606019496917725,-0.007724849507212639,0.44352152943611145,0.572697103023529,-0.007443534210324287,0.45185068249702454,0.5926817655563354,-0.005518503021448851,0.3956744074821472,0.6213334798812866,-0.015433479100465775,0.42764872312545776,0.570492684841156,-0.01713617891073227,0.44612938165664673,0.5809510946273804,-0.013372547924518585,0.45637616515159607,0.5983004570007324,-0.009994215331971645,0.40454182028770447,0.646861732006073,-0.026536723598837852,0.4286476969718933,0.6052672266960144,-0.026766512542963028,0.4435451328754425,0.6030874848365784,-0.022689389064908028,0.45374971628189087,0.6100569367408752,-0.0187737625092268
0.34983015060424805,0.701869010925293,2.3676809846051583e-08,0.3635123074054718,0.654660701751709,0.020771542564034462,0.3794867992401123,0.6221151351928711,0.02448204718530178,0.3956785202026367,0.6122245788574219,0.021873295307159424,0.4103880822658539,0.6080628037452698,0.018269633874297142,0.3816758692264557,0.5993838906288147,0.00986491609364748,0.4187469780445099,0.5667778849601746,0.005081238690763712,0.4368516802787781,0.5826510787010193,0.00459682010114193,0.44477686285972595,0.604157030582428,0.006075350567698479,0.3869778513908386,0.6044827699661255,-0.005008183419704437,0.42634764313697815,0.5601273775100708,-0.009388809092342854,0.44465985894203186,0.5802736878395081,-0.007456020452082157,0.4498036205768585,0.6046004295349121,-0.003958214074373245,0.39433521032333374,0.6203269362449646,-0.018557380884885788,0.4297574460506439,0.574830949306488,-0.02037726528942585,0.4472980201244354,0.5950023531913757,-0.014670305885374546,0.45314985513687134,0.6171687841415405,-0.009405167773365974,0.4032195508480072,0.6448099613189697,-0.030811429023742676,0.4297681450843811,0.6043202877044678,-0.030586695298552513,0.44487351179122925,0.6097923517227173,-0.024843698367476463,0.45206862688064575,0.6238695979118347,-0.01941491849720478
0.35023975372314453,0.7086116671562195,-8.25779178370567e-09,0.3636646866798401,0.6633438467979431,0.01865287311375141,0.37901586294174194,0.6281735897064209,0.02163616195321083,0.3939051330089569,0.6145982146263123,0.01854071207344532,0.4072628319263458,0.6090137362480164,0.014550612308084965,0.38152819871902466,0.6011312007904053,0.00981033407151699,0.4190179407596588,0.568787157535553,0.004820977337658405,0.43576741218566895,0.5872192978858948,0.003087317571043968,0.44231173396110535,0.6087638735771179,0.003447790164500475,0.3858674466609955,0.6049744486808777,-0.004327268805354834,0.4270164370536804,0.5621349215507507,-0.00846896506845951,0.44400346279144287,0.5870263576507568,-0.008272044360637665,0.4475669860839844,0.6125151515007019,-0.006389721296727657,0.3928948640823364,0.6196955442428589,-0.017345089465379715,0.4285220205783844,0.5713756680488586,-0.019046707078814507,0.44540512561798096,0.5949727296829224,-0.015086382627487183,0.4500448703765869,0.6194859743118286,-0.01141930092126131,0.40214216709136963,0.6433332562446594,-0.02925700694322586,0.42730075120925903,0.5998822450637817,-0.02915322594344616,0.44143611192703247,0.6060621738433838,-0.02447519637644291,0.4475129246711731,0.6202858686447144,-0.02028890699148178
0.35017523169517517,0.712354838848114,-2.3839644924805725e-08,0.36318129301071167,0.6660693287849426,0.018473515287041664,0.37866106629371643,0.6286098957061768,0.022386599332094193,0.39353784918785095,0.614804208278656,0.020072413608431816,0.40706565976142883,0.6089581251144409,0.016946807503700256,0.38074028491973877,0.5999405384063721,0.01308265421539545,0.417488694190979,0.5704256296157837,0.008504352532327175,0.43429359793663025,0.5877702236175537,0.006538792047649622,0.4404096305370331,0.6098740696907043,0.0068014212884008884,0.38540971279144287,0.6025266647338867,-0.0006862502777948976,0.4258342981338501,0.5643737316131592,-0.003996654879301786,0.4425082206726074,0.5888546705245972,-0.0041834888979792595,0.44534894824028015,0.614628255367279,-0.0026506190188229084,0.39269933104515076,0.6162059903144836,-0.013620459474623203,0.42816025018692017,0.571132242679596,-0.015344795770943165,0.44500401616096497,0.5957323312759399,-0.012234401889145374,0.4487649202346802,0.6216273903846741,-0.008964397944509983,0.4021831750869751,0.6385442614555359,-0.025500455871224403,0.42755821347236633,0.5970824956893921,-0.026005025953054428,0.4410593509674072,0.6049742698669434,-0.02202483080327511,0.4458642899990082,0.6215663552284241,-0.018121913075447083
0.3487869203090668,0.7109565734863281,-2.6798195662536273e-08,0.361965149641037,0.6640235781669617,0.02104010246694088,0.3782786726951599,0.6259995102882385,0.027242982760071754,0.3937821686267853,0.6115738153457642,0.02683373913168907,0.40789279341697693,0.6049785614013672,0.025523869320750237,0.38082239031791687,0.5991366505622864,0.01886177994310856,0.41604751348495483,0.5703660249710083,0.016136251389980316,0.4328349828720093,0.5864630341529846,0.014941439963877201,0.4396354854106903,0.6070924997329712,0.015513243153691292,0.3858686089515686,0.6010090112686157,0.004604577552527189,0.4250464141368866,0.5643532276153564,0.0030264679808169603,0.44219478964805603,0.5869308710098267,0.0032330588437616825,0.4464358687400818,0.6111419200897217,0.004776616580784321,0.39321231842041016,0.6148086786270142,-0.008866867981851101,0.42756617069244385,0.5717516541481018,-0.009429058991372585,0.4449346661567688,0.5945062041282654,-0.006446560844779015,0.45013535022735596,0.6185648441314697,-0.0035311945248395205,0.40241116285324097,0.6376020312309265,-0.02108911983668804,0.4276898503303528,0.5979980826377869,-0.020079439505934715,0.4408296048641205,0.6053420901298523,-0.015621287748217583,0.4460606276988983,0.6210130453109741,-0.011763881891965866
0.3502465486526489,0.7096619009971619,1.4960956917775547e-09,0.36401256918907166,0.6609660387039185,0.02192133292555809,0.37976789474487305,0.6230787634849548,0.027872607111930847,0.3953838646411896,0.6086525321006775,0.027178220450878143,0.4089133143424988,0.6024490594863892,0.025481702759861946,0.38095346093177795,0.5954434275627136,0.019146818667650223,0.41511932015419006,0.5699613690376282,0.017857177183032036,0.43205001950263977,0.5846310257911682,0.01712716929614544,0.4406006932258606,0.6018398404121399,0.017367595806717873,0.3850354552268982,0.598279595375061,0.0043991911225020885,0.4236273467540741,0.5657298564910889,0.004346173722296953,0.441133052110672,0.5850245356559753,0.0049797841347754,0.44749200344085693,0.6053609251976013,0.0061576878651976585,0.39165160059928894,0.6130723357200623,-0.00931259710341692,0.42552638053894043,0.5717886090278625,-0.00797020923346281,0.44268661737442017,0.5904961824417114,-0.004247334785759449,0.44905707240104675,0.6106030941009521,-0.0016636948566883802,0.4005983769893646,0.636551558971405,-0.021767865866422653,0.4251664876937866,0.5971665382385254,-0.018720053136348724,0.436880499124527,0.6019997596740723,-0.012974776327610016,0.44181570410728455,0.6144969463348389,-0.008754330687224865
0.3499428927898407,0.7037097215652466,-9.65121582652273e-09,0.3641084134578705,0.6554927229881287,0.02358589880168438,0.3800533413887024,0.6194689273834229,0.030254730954766273,0.39520567655563354,0.6066328287124634,0.029936056584119797,0.4087677597999573,0.6013661026954651,0.02841907925903797,0.38135987520217896,0.5916332602500916,0.02130894921720028,0.4147600531578064,0.5690844655036926,0.020716175436973572,0.4313828945159912,0.5834302306175232,0.020286349579691887,0.4396446943283081,0.6003487706184387,0.02073093317449093,0.3862283229827881,0.5935456156730652,0.005747848190367222,0.42415785789489746,0.5645962357521057,0.006686067674309015,0.4413606524467468,0.5834605097770691,0.0076219551265239716,0.4470309019088745,0.6042069792747498,0.008922064676880836,0.3931697607040405,0.6076315641403198,-0.008724307641386986,0.4266558587551117,0.5692889094352722,-0.006702976766973734,0.44380855560302734,0.5885356664657593,-0.0029953387565910816,0.44989851117134094,0.6093660593032837,-0.0005061940755695105,0.4019680321216583,0.6305332183837891,-0.021805794909596443,0.4260968565940857,0.593698263168335,-0.018864013254642487,0.43886134028434753,0.5983409285545349,-0.013531300239264965,0.44470900297164917,0.6109010577201843,-0.00956201832741499
0.3500392735004425,0.698806881904602,-4.025318300904246e-09,0.3633456230163574,0.6486514806747437,0.024263765662908554,0.37891995906829834,0.6134069561958313,0.03083471581339836,0.3938125967979431,0.6001369953155518,0.030297478660941124,0.4086148142814636,0.5951293110847473,0.028309587389230728,0.38021427392959595,0.5869680643081665,0.02117958292365074,0.41328951716423035,0.564585268497467,0.021188557147979736,0.42984509468078613,0.5781769752502441,0.02139124646782875,0.43946465849876404,0.5945903062820435,0.022017082199454308,0.3856410086154938,0.5898801684379578,0.004964119754731655,0.4229585826396942,0.5606342554092407,0.005841069854795933,0.4399246573448181,0.5797329545021057,0.006945583503693342,0.446309894323349,0.601980447769165,0.008431630209088326,0.39285507798194885,0.6047695279121399,-0.01000230759382248,0.4258090555667877,0.5685238242149353,-0.00801300909370184,0.4427700936794281,0.5873131155967712,-0.004104797728359699,0.4496067464351654,0.6077115535736084,-0.0015735101187601686,0.4017646908760071,0.6284287571907043,-0.023514270782470703,0.42511487007141113,0.5911940336227417,-0.021050820127129555,0.4379099905490875,0.5940081477165222,-0.015966078266501427,0.4445831775665283,0.604893147945404,-0.012143278494477272
0.34813156723976135,0.7009365558624268,-3.047297880698352e-08,0.36095499992370605,0.6502912044525146,0.022806204855442047,0.3764544725418091,0.614561915397644,0.02973831817507744,0.3912009596824646,0.600124180316925,0.02958105504512787,0.40583592653274536,0.5947529077529907,0.027979601174592972,0.37838345766067505,0.5878268480300903,0.02385208010673523,0.4096737802028656,0.5659701228141785,0.02348506450653076,0.4265248775482178,0.5797993540763855,0.022464264184236526,0.436508446931839,0.5970219969749451,0.022218046709895134,0.3840600550174713,0.5905085802078247,0.008305376395583153,0.41917842626571655,0.5642011761665344,0.007666617166250944,0.43607470393180847,0.5865484476089478,0.006309210788458586,0.44225171208381653,0.6112799644470215,0.006459797732532024,0.39173436164855957,0.6038938760757446,-0.006326538976281881,0.42284414172172546,0.5715868473052979,-0.005954916123300791,0.4405219852924347,0.5930533409118652,-0.004368119407445192,0.4480017423629761,0.6159517765045166,-0.0028106230311095715,0.4011327922344208,0.6257834434509277,-0.019660210236907005,0.4238211512565613,0.5890650153160095,-0.018065879121422768,0.436991810798645,0.5934208035469055,-0.01415502279996872,0.4437159597873688,0.606128454208374,-0.011008298955857754
0.34903988242149353,0.7018210291862488,-3.2317469589315806e-08,0.3624585270881653,0.6473883986473083,0.024581631645560265,0.3781200647354126,0.614148736000061,0.03203854709863663,0.39240336418151855,0.60096675157547,0.03216712549328804,0.4064623713493347,0.5972458124160767,0.030636033043265343,0.37928974628448486,0.5866921544075012,0.02580081671476364,0.41063976287841797,0.5674090385437012,0.02748038060963154,0.42717114090919495,0.5825924873352051,0.027691395953297615,0.4373799264431,0.599632203578949,0.02801327593624592,0.3852286636829376,0.5904058218002319,0.009459951892495155,0.4212431311607361,0.569057047367096,0.010161856189370155,0.43714654445648193,0.5951016545295715,0.008742636069655418,0.4420730769634247,0.6216608285903931,0.008686412125825882,0.392643004655838,0.6040170192718506,-0.005624536890536547,0.42435652017593384,0.5762537717819214,-0.004082579165697098,0.44168412685394287,0.6022128462791443,-0.002592142904177308,0.4488118290901184,0.6277952194213867,-0.001357039320282638,0.40146440267562866,0.625508725643158,-0.019214749336242676,0.42356231808662415,0.5882099866867065,-0.01682823896408081,0.4374063014984131,0.5900031328201294,-0.0130000663921237,0.4451265037059784,0.5995696187019348,-0.01015408430248499
0.3492291271686554,0.702264666557312,-3.9604373114343616e-08,0.36282452940940857,0.6479513645172119,0.02289935015141964,0.37804967164993286,0.6161214113235474,0.02980169467628002,0.3922913372516632,0.6043471097946167,0.029928630217909813,0.4056728184223175,0.6005507707595825,0.028467532247304916,0.3802175223827362,0.587913453578949,0.024023547768592834,0.4111708104610443,0.5718120336532593,0.02517683058977127,0.42771780490875244,0.5859889388084412,0.025174850597977638,0.4371583163738251,0.6029381155967712,0.025403978303074837,0.3868424594402313,0.592114269733429,0.008749493397772312,0.42186033725738525,0.573584794998169,0.009005347266793251,0.4372076988220215,0.5974574685096741,0.007420256733894348,0.44137436151504517,0.6228494048118591,0.007278194651007652,0.3941701650619507,0.6057249903678894,-0.005353220272809267,0.4247196614742279,0.5791040062904358,-0.004111508373171091,0.441383421421051,0.6022263169288635,-0.002612009411677718,0.4483630359172821,0.6254628300666809,-0.0013416125439107418,0.40203025937080383,0.6268280148506165,-0.0180817861109972,0.4215637743473053,0.5890889763832092,-0.016793007031083107,0.4351326823234558,0.5854295492172241,-0.013921452686190605,0.44394370913505554,0.5900960564613342,-0.011578169651329517
0.34919852018356323,0.7009626030921936,-4.35135589782476e-08,0.36138010025024414,0.6522189974784851,0.023809028789401054,0.37630951404571533,0.6203934550285339,0.03141435980796814,0.389885276556015,0.6089026927947998,0.032054055482149124,0.40288245677948,0.6057713031768799,0.031161697581410408,0.38141384720802307,0.5925516486167908,0.024968348443508148,0.41279011964797974,0.577086329460144,0.025804633274674416,0.42888206243515015,0.5934656262397766,0.025511065497994423,0.4370145797729492,0.6140249371528625,0.025770386680960655,0.38855475187301636,0.5955626368522644,0.00953060481697321,0.42331376671791077,0.5750770568847656,0.01044673752039671,0.4388435184955597,0.5990582704544067,0.009696383029222488,0.44273269176483154,0.6250076293945312,0.009972463361918926,0.39597833156585693,0.6080557703971863,-0.004832983948290348,0.42582598328590393,0.5770567655563354,-0.0033306609839200974,0.4422438144683838,0.6009414792060852,-0.0012704450637102127,0.44834670424461365,0.6257175207138062,0.000341713399393484,0.40389546751976013,0.6285407543182373,-0.017764069139957428,0.4249877631664276,0.5927295088768005,-0.016543926671147346,0.4387662410736084,0.5956813097000122,-0.01324497815221548,0.44612833857536316,0.6063485741615295,-0.010485008358955383
0.3476669490337372,0.7011799812316895,-5.190055674120231e-08,0.36215755343437195,0.6521410346031189,0.024327551946043968,0.37774187326431274,0.6214078068733215,0.031917836517095566,0.3915953040122986,0.6113688349723816,0.03233150765299797,0.40528497099876404,0.6072352528572083,0.031074898317456245,0.3829394578933716,0.5941672325134277,0.025206876918673515,0.4139668345451355,0.5793047547340393,0.025375476107001305,0.4298810660839081,0.594100832939148,0.02531973458826542,0.43779122829437256,0.6153131127357483,0.026018956676125526,0.3890875577926636,0.598582923412323,0.009049205109477043,0.4243953824043274,0.5782985091209412,0.009146359749138355,0.4398271143436432,0.6002056002616882,0.009036063216626644,0.443737268447876,0.6251507997512817,0.010211864486336708,0.39548805356025696,0.6117132306098938,-0.006158897653222084,0.4265739619731903,0.5796582698822021,-0.005542951636016369,0.44270771741867065,0.6019470691680908,-0.00248103984631598,0.44837936758995056,0.6256855726242065,0.0002576351980678737,0.40241482853889465,0.6324217319488525,-0.01993989385664463,0.4231777787208557,0.5929241180419922,-0.020906081423163414,0.4372674226760864,0.5936353206634521,-0.018291661515831947,0.4448128938674927,0.6043955683708191,-0.015357828699052334
0.3493666648864746,0.7038062810897827,-3.647826929409348e-08,0.36467936635017395,0.655954897403717,0.02267889305949211,0.3809129297733307,0.6245025992393494,0.029625941067934036,0.394848495721817,0.6133943796157837,0.029815534129738808,0.40780672430992126,0.6082618832588196,0.028375372290611267,0.385576993227005,0.5967856645584106,0.021878693252801895,0.41733014583587646,0.5796821713447571,0.020997975021600723,0.4338154196739197,0.593860387802124,0.02087385766208172,0.4427538812160492,0.613531768321991,0.021712837740778923,0.38959646224975586,0.6002549529075623,0.006507913116365671,0.42598894238471985,0.580583930015564,0.00554207107052207,0.44088613986968994,0.6033515334129333,0.005694786086678505,0.44504180550575256,0.6273014545440674,0.007361134979873896,0.3946995139122009,0.6137465834617615,-0.00797407329082489,0.42652469873428345,0.5813287496566772,-0.008793205954134464,0.44205373525619507,0.6033394932746887,-0.005923863500356674,0.44749030470848083,0.6258109211921692,-0.0028891158290207386,0.4009717106819153,0.6354268789291382,-0.0210074745118618,0.42250946164131165,0.5944156646728516,-0.022828483954072,0.43591833114624023,0.5953535437583923,-0.020250679925084114,0.4426799416542053,0.6063360571861267,-0.01711774617433548
0.35217583179473877,0.7055636644363403,-9.276570622773761e-09,0.3680986166000366,0.6633802652359009,0.016427915543317795,0.38633498549461365,0.6301114559173584,0.022508807480335236,0.4015606939792633,0.6167580485343933,0.023599406704306602,0.41349825263023376,0.6100451350212097,0.02403932809829712,0.3888627886772156,0.5984081625938416,0.01936708576977253,0.4213286340236664,0.5796091556549072,0.018390260636806488,0.4369083642959595,0.5951173901557922,0.017461543902754784,0.4434199631214142,0.6145563721656799,0.018051547929644585,0.3918275237083435,0.5995669960975647,0.008632860146462917,0.42752522230148315,0.5792233943939209,0.008228359743952751,0.4423214793205261,0.6014037132263184,0.007140380796045065,0.44541776180267334,0.6260336637496948,0.007978888228535652,0.3964710235595703,0.6118804812431335,-0.0016213017515838146,0.42698949575424194,0.5819312334060669,-0.0016567222774028778,0.44244280457496643,0.6028434038162231,-0.0003743839042726904,0.4470723271369934,0.6249625086784363,0.0016606164863333106,0.4020611345767975,0.6332983374595642,-0.010786903090775013,0.4239486753940582,0.5953087210655212,-0.01028406247496605,0.4367039203643799,0.5991384387016296,-0.007090471684932709,0.44226327538490295,0.6118026375770569,-0.0036784522235393524
0.3531305193901062,0.7090263962745667,-1.4210440824058423e-08,0.36904650926589966,0.6676710844039917,0.017686789855360985,0.3866913616657257,0.6330004930496216,0.02343595027923584,0.40106043219566345,0.6202364563941956,0.02372872270643711,0.4114336669445038,0.6135308742523193,0.023140257224440575,0.3896934390068054,0.600640058517456,0.01892336830496788,0.42302289605140686,0.5814682245254517,0.016400758177042007,0.4387575685977936,0.596947193145752,0.014249046333134174,0.44467705488204956,0.6161318421363831,0.014125210233032703,0.3934662640094757,0.6031978130340576,0.006876056082546711,0.42903614044189453,0.5800582766532898,0.005968776997178793,0.44476091861724854,0.6002229452133179,0.004757947288453579,0.4477645456790924,0.624058187007904,0.0053579979576170444,0.3980938196182251,0.6167171597480774,-0.004646921064704657,0.4281614422798157,0.5823332667350769,-0.0048031932674348354,0.44351041316986084,0.6017151474952698,-0.0028661726973950863,0.4473544657230377,0.623243510723114,-0.0004954306641593575,0.40323683619499207,0.6387312412261963,-0.015068350359797478,0.42409548163414,0.6002519130706787,-0.014940701425075531,0.436160147190094,0.6043548583984375,-0.011467693373560905,0.44090574979782104,0.6169017553329468,-0.0078008463606238365
0.3559455871582031,0.7145763635635376,-2.8649489891563462e-08,0.37182044982910156,0.6726762056350708,0.019529124721884727,0.38910987973213196,0.6361731886863708,0.025635939091444016,0.4039730429649353,0.6208636164665222,0.025901978835463524,0.4149044156074524,0.6128805875778198,0.025250039994716644,0.3903839588165283,0.6011311411857605,0.01975109986960888,0.42409446835517883,0.5824941396713257,0.018668891862034798,0.4397282600402832,0.5985974073410034,0.017185619100928307,0.44616180658340454,0.6161248087882996,0.01688862405717373,0.3947342038154602,0.6046924591064453,0.0064613413996994495,0.4310533404350281,0.5822134017944336,0.006863861344754696,0.4461994469165802,0.6034055948257446,0.005915544461458921,0.4489591717720032,0.626026451587677,0.0058598145842552185,0.4003050923347473,0.6197193264961243,-0.006038541905581951,0.4303882122039795,0.5860545635223389,-0.005163108464330435,0.445249080657959,0.6069526076316833,-0.003385630901902914,0.4485931694507599,0.6287389397621155,-0.0020126875024288893,0.40663182735443115,0.6424226760864258,-0.017333859577775,0.42618539929389954,0.6039400100708008,-0.016385572031140327,0.4375426173210144,0.607799768447876,-0.013036356307566166,0.44209393858909607,0.6193161606788635,-0.010242949239909649
0.3540399372577667,0.718228280544281,1.914284508686137e-09,0.36883795261383057,0.6741152405738831,0.0187714621424675,0.38539621233940125,0.6366632580757141,0.023939205333590508,0.4002166986465454,0.6217041015625,0.023723063990473747,0.4117409884929657,0.6141601204872131,0.022845987230539322,0.389225572347641,0.605372965335846,0.0174782183021307,0.4235987961292267,0.5827915668487549,0.01670285314321518,0.4389459788799286,0.5944468975067139,0.01647510752081871,0.4444836676120758,0.6115671992301941,0.01732831820845604,0.39400631189346313,0.6108431220054626,0.004932126961648464,0.4304707944393158,0.5815046429634094,0.006046863738447428,0.44583240151405334,0.5962147116661072,0.0073497542180120945,0.4496152997016907,0.6147602796554565,0.009179849177598953,0.39987245202064514,0.6271161437034607,-0.0067871189676225185,0.4298853874206543,0.5890027284622192,-0.0055234101600945,0.4442515969276428,0.6027019023895264,-0.0014110105112195015,0.44751572608947754,0.6201186180114746,0.0017258768202736974,0.40664124488830566,0.6522336602210999,-0.01731610856950283,0.42597174644470215,0.6130553483963013,-0.016470497474074364,0.4364340901374817,0.6122647523880005,-0.012032297439873219,0.440411239862442,0.6189529895782471,-0.007953193970024586
0.3583531379699707,0.7263897657394409,-5.741216835275509e-09,0.3732573390007019,0.6822386980056763,0.01808331161737442,0.3892805278301239,0.6428234577178955,0.02253035455942154,0.4038199186325073,0.6235163807868958,0.021936854347586632,0.415818452835083,0.6122753620147705,0.020964080467820168,0.3906727135181427,0.6095359921455383,0.013979301787912846,0.42581626772880554,0.5817538499832153,0.013411016203463078,0.44011127948760986,0.5952587723731995,0.013723050244152546,0.4443952441215515,0.6139690279960632,0.014998449943959713,0.3941923975944519,0.6140808463096619,0.0022714906372129917,0.4316042363643646,0.5836435556411743,0.0040914746932685375,0.44534164667129517,0.5988826751708984,0.005831178277730942,0.4481980800628662,0.6168834567070007,0.0074520716443657875,0.39969855546951294,0.629662036895752,-0.008367758244276047,0.430193156003952,0.59051913022995,-0.005416813772171736,0.4428819715976715,0.6043417453765869,-0.001309299492277205,0.4451128840446472,0.6220202445983887,0.0008836748311296105,0.40702956914901733,0.6532109975814819,-0.017837850376963615,0.4255698025226593,0.6155703663825989,-0.015563489869236946,0.43477994203567505,0.6164536476135254,-0.011167498305439949,0.43796825408935547,0.6252968311309814,-0.007686299737542868
0.35794711112976074,0.7289498448371887,-2.207366955886414e-09,0.3738642632961273,0.6870633959770203,0.016625862568616867,0.38897693157196045,0.6483253240585327,0.020952334627509117,0.4016437232494354,0.6299722790718079,0.021236252039670944,0.41258567571640015,0.6214543581008911,0.021430298686027527,0.3921652138233185,0.6118518710136414,0.010596978478133678,0.42543891072273254,0.5855619311332703,0.011749417521059513,0.4382172226905823,0.6001998782157898,0.014278066344559193,0.44154196977615356,0.6186584234237671,0.0166194885969162,0.3953744173049927,0.615283191204071,0.0003063674957957119,0.43219125270843506,0.5803356766700745,0.0019034364959225059,0.44583860039711,0.5955890417098999,0.005066117737442255,0.44862252473831177,0.6136907339096069,0.007990487851202488,0.4001384973526001,0.6306735277175903,-0.008600312285125256,0.4299994111061096,0.5867200493812561,-0.006256455555558205,0.4429710805416107,0.5999901294708252,-0.00110611692070961,0.44573888182640076,0.6166808009147644,0.002138835145160556,0.40612736344337463,0.656159520149231,-0.016245681792497635,0.42546185851097107,0.6190256476402283,-0.014369504526257515,0.435331791639328,0.6186988949775696,-0.009648866020143032,0.43885478377342224,0.624453604221344,-0.00577196478843689
0.3603311777114868,0.7290804982185364,4.761170302458595e-08,0.3887150287628174,0.7130248546600342,0.004654262214899063,0.4075832664966583,0.6712064146995544,0.007091356907039881,0.41737100481987,0.6391141414642334,0.008731340989470482,0.42360660433769226,0.6173095703125,0.011258118785917759,0.3992983400821686,0.6195288300514221,-0.001753943390212953,0.43159592151641846,0.5832397937774658,-0.0017179999267682433,0.4462706446647644,0.598657488822937,0.0011705269571393728,0.44924139976501465,0.6174494028091431,0.00439380994066596,0.39375269412994385,0.6121005415916443,-0.0041267480701208115,0.43176203966140747,0.5743497014045715,-0.0031650755554437637,0.4452182948589325,0.5959945321083069,-0.00020191857765894383,0.4462723731994629,0.6173612475395203,0.0026227415073662996,0.39235520362854004,0.618294358253479,-0.005502788349986076,0.4250972867012024,0.5819201469421387,-0.0035346620716154575,0.43839359283447266,0.6026656031608582,2.6615958631737158e-05,0.4396461248397827,0.6237682104110718,0.0022289480548352003,0.39407846331596375,0.6337928175926208,-0.006415059324353933,0.4174138903617859,0.6038435697555542,-0.004710314329713583,0.42940375208854675,0.6140443682670593,-0.001212714472785592,0.4327273368835449,0.6295338273048401,0.001756566227413714
0.3586916923522949,0.7271572351455688,1.4462004038762188e-08,0.38394519686698914,0.6990131735801697,0.011125010438263416,0.40149641036987305,0.6587132811546326,0.014793161302804947,0.4132740795612335,0.6346991062164307,0.015788596123456955,0.4206654131412506,0.6181681156158447,0.017219819128513336,0.39487919211387634,0.6111654043197632,0.0045662689954042435,0.4289330840110779,0.5776252746582031,0.004549576435238123,0.44304782152175903,0.5944280028343201,0.006424322724342346,0.4458175003528595,0.6131848096847534,0.008573180995881557,0.3932234048843384,0.6086666584014893,-0.0024171131663024426,0.4319227635860443,0.5700547099113464,-0.0014599772403016686,0.4450731575489044,0.5909054279327393,0.000968213367741555,0.4456253945827484,0.6110106110572815,0.003135327948257327,0.39550158381462097,0.6197444200515747,-0.008140059188008308,0.42855599522590637,0.5823842883110046,-0.006032866891473532,0.44021302461624146,0.602268397808075,-0.0020354720763862133,0.44011181592941284,0.6212043762207031,0.00015805294970050454,0.40053805708885193,0.6408334374427795,-0.012986630201339722,0.42437946796417236,0.6107205152511597,-0.01027428824454546,0.4331170916557312,0.6201457977294922,-0.005288527347147465,0.4336307644844055,0.6335049271583557,-0.00167726946529001
0.35912784934043884,0.7264984250068665,1.7414102160273615e-08,0.3840806484222412,0.6963029503822327,0.011409453116357327,0.4014534056186676,0.6555448770523071,0.01478406973183155,0.41327688097953796,0.6311923265457153,0.015571480616927147,0.4214518666267395,0.6151597499847412,0.01692364178597927,0.3947044312953949,0.6078132390975952,0.003029533429071307,0.42921945452690125,0.5754846930503845,0.003261362900957465,0.443534791469574,0.5923552513122559,0.005962200928479433,0.4468030035495758,0.6111852526664734,0.00868870597332716,0.39348843693733215,0.6069581508636475,-0.004282660782337189,0.4330243468284607,0.5675420165061951,-0.0035815259907394648,0.44667524099349976,0.5884804129600525,-0.0004883908550255001,0.44780856370925903,0.6092473864555359,0.0022960936184972525,0.3962525427341461,0.6198626160621643,-0.010181177407503128,0.4294815957546234,0.5813544988632202,-0.00803661160171032,0.441188782453537,0.6009498834609985,-0.0034025718923658133,0.4414253830909729,0.6204102039337158,-0.0007839089957997203,0.40185368061065674,0.643171489238739,-0.015187562443315983,0.4250616133213043,0.6125112175941467,-0.012230421416461468,0.43267470598220825,0.6215106248855591,-0.006907853297889233,0.4327309727668762,0.6350137591362,-0.0030919730197638273
0.35795989632606506,0.7232739925384521,-2.1059822330471434e-08,0.37750595808029175,0.6782854795455933,0.0204890388995409,0.39401787519454956,0.6404661536216736,0.025421494618058205,0.4083223044872284,0.6242353320121765,0.024979958310723305,0.41948401927948,0.6150206327438354,0.023979246616363525,0.39168429374694824,0.6027188301086426,0.011852164752781391,0.42701220512390137,0.5717020630836487,0.01196023914963007,0.44050133228302,0.5897465944290161,0.013161382637917995,0.4446244239807129,0.6084898114204407,0.014308842830359936,0.39460688829421997,0.606835663318634,-0.001936489949002862,0.43412816524505615,0.5660374164581299,-0.00048085840535350144,0.44839930534362793,0.585521399974823,0.001862780307419598,0.45047375559806824,0.6060307621955872,0.0036104789469391108,0.40033528208732605,0.6239888072013855,-0.014017585664987564,0.43266621232032776,0.5784520506858826,-0.011337604373693466,0.4449988007545471,0.5969257354736328,-0.006409930530935526,0.44620800018310547,0.6162620782852173,-0.003980545327067375,0.4077959656715393,0.6503299474716187,-0.0246852096170187,0.42727798223495483,0.6126412153244019,-0.022261202335357666,0.43599650263786316,0.6176868081092834,-0.016955001279711723,0.4384925961494446,0.6291969418525696,-0.013262446969747543
0.3595443665981293,0.7266215682029724,-1.2103294366738737e-08,0.3835446536540985,0.6912358403205872,0.01542898640036583,0.4017142355442047,0.6510488986968994,0.019275810569524765,0.41581806540489197,0.6280871629714966,0.01894412189722061,0.4258347749710083,0.6135839819908142,0.018585342913866043,0.3930727243423462,0.6038746237754822,0.007849299348890781,0.4292180836200714,0.5717727541923523,0.006435161456465721,0.4435216188430786,0.5908331871032715,0.006527903024107218,0.447330117225647,0.6107679605484009,0.00725626852363348,0.39381563663482666,0.6067535281181335,-0.0030232795979827642,0.43447327613830566,0.5661312341690063,-0.0026604740414768457,0.44863879680633545,0.5875098705291748,-0.0013520641950890422,0.45084643363952637,0.608525812625885,-0.0001586609287187457,0.39847561717033386,0.6239388585090637,-0.012565182521939278,0.4321260452270508,0.579859733581543,-0.011196301318705082,0.44471368193626404,0.6000210642814636,-0.0075398096814751625,0.44631990790367126,0.6203527450561523,-0.005718524567782879,0.40570706129074097,0.6504818201065063,-0.02098236419260502,0.4267176687717438,0.6138458251953125,-0.019411485642194748,0.43584465980529785,0.6197874546051025,-0.014965888112783432,0.4388542175292969,0.6317152976989746,-0.011802648194134235
0.3606731593608856,0.7256518006324768,9.712000803574483e-08,0.3932550847530365,0.7177708745002747,-0.005963149014860392,0.4160589575767517,0.6745887994766235,-0.005792779847979546,0.42549964785575867,0.6378348469734192,-0.0034418299328535795,0.4290202856063843,0.614302933216095,0.0006908889627084136,0.4019775092601776,0.6139726042747498,-0.009579839184880257,0.4351927638053894,0.5747544169425964,-0.010373958386480808,0.4509989321231842,0.5951073169708252,-0.009072027169167995,0.45635858178138733,0.6150161623954773,-0.006855944637209177,0.39314165711402893,0.6044895052909851,-0.005158764310181141,0.43207067251205444,0.5672346949577332,-0.0038587835151702166,0.4481187164783478,0.5899835824966431,-0.002028853865340352,0.45329394936561584,0.6117486357688904,-0.00045908393803983927,0.3890548348426819,0.6094035506248474,-0.00041142365080304444,0.42238616943359375,0.5801281929016113,0.0021556937135756016,0.4370293915271759,0.6016432642936707,0.003798625897616148,0.44142061471939087,0.6232796907424927,0.004210966639220715,0.38890090584754944,0.6225795745849609,0.003931138198822737,0.41294050216674805,0.6029365658760071,0.006551224738359451,0.4236387312412262,0.615584135055542,0.008871537633240223,0.42693302035331726,0.6310693621635437,0.01056552492082119
0.3613719046115875,0.727889895439148,8.284445129902451e-08,0.3926258683204651,0.7137917280197144,0.0006472441018559039,0.4145841598510742,0.6746797561645508,0.0010713700903579593,0.4261346459388733,0.6425071358680725,0.001686588511802256,0.43440142273902893,0.6203857660293579,0.003270242363214493,0.4026744067668915,0.6189420819282532,-0.0048363362438976765,0.4361512064933777,0.5831189751625061,-0.007063451688736677,0.4520430564880371,0.597733736038208,-0.007087724283337593,0.45821428298950195,0.6152939200401306,-0.005944629665464163,0.395334929227829,0.6121227741241455,-0.0054770056158304214,0.43457579612731934,0.5722239017486572,-0.00596846966072917,0.4512682855129242,0.5914276242256165,-0.004623475484549999,0.45747342705726624,0.6126254796981812,-0.003036557463929057,0.39228707551956177,0.6200224161148071,-0.005529810208827257,0.42611202597618103,0.5824276804924011,-0.004657331388443708,0.44151681661605835,0.5998402237892151,-0.0021817919332534075,0.4472213387489319,0.6191281676292419,-0.000867153168655932,0.39242318272590637,0.6367645263671875,-0.005448499228805304,0.41526272892951965,0.6113911867141724,-0.004078915808349848,0.4263668954372406,0.6178302764892578,-0.0012727119028568268,0.431427538394928,0.6284278035163879,0.0010039809858426452
0.36247387528419495,0.7353647947311401,1.4490645128262258e-07,0.39551031589508057,0.7227663993835449,-0.007519509177654982,0.4165140688419342,0.6798920035362244,-0.00888121034950018,0.42715704441070557,0.6436154842376709,-0.008430362679064274,0.43676480650901794,0.6224454045295715,-0.006141943857073784,0.39889201521873474,0.6196438670158386,-0.006069702096283436,0.4330030083656311,0.5865702629089355,-0.008697766810655594,0.450784832239151,0.5991702079772949,-0.010573182255029678,0.4599169194698334,0.6139946579933167,-0.010907136835157871,0.3912767171859741,0.6136134266853333,-0.0020031542517244816,0.42990487813949585,0.579530656337738,-0.003186861053109169,0.4484558701515198,0.5956398248672485,-0.004295932594686747,0.45830193161964417,0.6143075227737427,-0.004521981813013554,0.3890380561351776,0.6210775971412659,0.001732613891363144,0.4222768247127533,0.5894275903701782,0.002114807954058051,0.4401737153530121,0.6029167771339417,0.0018267488339915872,0.44971519708633423,0.6207611560821533,0.0013805237831547856,0.39102843403816223,0.6363376379013062,0.00475603761151433,0.41492384672164917,0.6115394234657288,0.005757556762546301,0.42943647503852844,0.6157307624816895,0.006728589069098234,0.43863075971603394,0.6260791420936584,0.007745064329355955
0.3583185374736786,0.733418881893158,1.4500093925562396e-07,0.3924998939037323,0.7266696691513062,-0.006917021702975035,0.41629862785339355,0.6832219362258911,-0.007529107388108969,0.4273342788219452,0.6456827521324158,-0.006143445614725351,0.43604549765586853,0.6212146878242493,-0.003195015015080571,0.4013637900352478,0.6241027116775513,-0.008086643181741238,0.43451493978500366,0.5890640616416931,-0.010116561315953732,0.45186495780944824,0.6002172827720642,-0.010444080457091331,0.4603463113307953,0.6130971908569336,-0.009677584283053875,0.39165186882019043,0.6145651340484619,-0.004189210943877697,0.43000462651252747,0.5778746008872986,-0.0055274683982133865,0.44877889752388,0.5935788154602051,-0.005583368707448244,0.457600474357605,0.6124956607818604,-0.004818788729608059,0.3872721791267395,0.6183456182479858,-0.0002926418965216726,0.4214071035385132,0.5884819030761719,-0.0005055003566667438,0.43894681334495544,0.6027846932411194,-0.0002154044632334262,0.4474825859069824,0.6199625730514526,-7.506438123527914e-05,0.38704347610473633,0.6298629641532898,0.003121859859675169,0.41204512119293213,0.6090160608291626,0.0034430362284183502,0.4250047504901886,0.6168616414070129,0.004647562280297279,0.4321105480194092,0.629068911075592,0.005999824032187462
0.358657568693161,0.7366616725921631,1.1145339584572866e-07,0.38207948207855225,0.6988502740859985,0.008058997802436352,0.4038337767124176,0.6594424247741699,0.009715890511870384,0.42151910066604614,0.6375038027763367,0.008961167186498642,0.43539586663246155,0.6226857900619507,0.008812298998236656,0.39241671562194824,0.6150979399681091,0.005493504460901022,0.42747873067855835,0.5839262008666992,0.003208705922588706,0.4457801580429077,0.5922434329986572,0.001673641731031239,0.4570687413215637,0.6033344268798828,0.0009007368935272098,0.3928781747817993,0.6224719285964966,-0.001572308479808271,0.43102720379829407,0.5824630260467529,-0.0029945694841444492,0.45062196254730225,0.5904898643493652,-0.0042436630465090275,0.4619941711425781,0.6044712066650391,-0.004839327186346054,0.3970862329006195,0.6418278217315674,-0.008115802891552448,0.42933082580566406,0.5973314046859741,-0.008666101843118668,0.44687461853027344,0.6024754643440247,-0.007995695807039738,0.4575861394405365,0.6139693856239319,-0.007991133257746696,0.4046166241168976,0.6684539318084717,-0.014170394279062748,0.42424842715263367,0.634017288684845,-0.013708102516829967,0.43432798981666565,0.6305471062660217,-0.011342901736497879,0.4420838952064514,0.6347084045410156,-0.009605475701391697
0.3611733317375183,0.735775351524353,1.583250650583068e-07,0.38471585512161255,0.7044556736946106,0.001250081928446889,0.4065513610839844,0.6644409894943237,0.0017816679319366813,0.4231007397174835,0.6389499306678772,0.001980960601940751,0.43633705377578735,0.6212019920349121,0.0033165020868182182,0.392877995967865,0.6149559020996094,0.00032579374965280294,0.4288875162601471,0.582720935344696,-0.001140932901762426,0.44765177369117737,0.5908259153366089,-0.0019003773340955377,0.4592472016811371,0.6013582348823547,-0.0018933058017864823,0.39325517416000366,0.6220129132270813,-0.0014341127825900912,0.4313216805458069,0.5828683376312256,-0.0012504152255132794,0.4506780207157135,0.591136634349823,-0.0016896965680643916,0.46265390515327454,0.6047025918960571,-0.0018807040760293603,0.39703142642974854,0.6410216093063354,-0.002989730564877391,0.4285585880279541,0.6008226871490479,-0.001971234567463398,0.4456802308559418,0.6060248613357544,-0.001535596908070147,0.45646271109580994,0.6172740459442139,-0.0019593420438468456,0.40346482396125793,0.665519118309021,-0.004541956819593906,0.42197996377944946,0.6359274387359619,-0.0027343318797647953,0.42970556020736694,0.6334137916564941,-0.0006594230071641505,0.4351736009120941,0.637549102306366,0.0007432348211295903
0.36123159527778625,0.7323295474052429,1.8734282036803052e-07,0.39239633083343506,0.7189688086509705,-0.006191918160766363,0.4141315519809723,0.6777006387710571,-0.006670116446912289,0.42660340666770935,0.6451601386070251,-0.005463669542223215,0.43597325682640076,0.6236400008201599,-0.002700110897421837,0.39784693717956543,0.6197221875190735,-0.004843186121433973,0.4319731295108795,0.5881676077842712,-0.005901210475713015,0.4504493474960327,0.5974563360214233,-0.006481845863163471,0.46130821108818054,0.6079667210578918,-0.006271220277994871,0.39183273911476135,0.616101861000061,-0.0012663394445553422,0.4294724762439728,0.5799155235290527,-0.0011971049243584275,0.44914528727531433,0.5911149382591248,-0.0015863977605476975,0.460943341255188,0.6067298054695129,-0.001596314599737525,0.3901474177837372,0.6247924566268921,0.002143849851563573,0.4231959581375122,0.5941766500473022,0.0028943996876478195,0.4411728084087372,0.6049749851226807,0.0025389306247234344,0.4514712393283844,0.6209844350814819,0.001875759568065405,0.39200758934020996,0.6392945647239685,0.005028953775763512,0.41511642932891846,0.6193223595619202,0.006209549028426409,0.4267716407775879,0.6251155138015747,0.0072712888941168785,0.433826744556427,0.6362913250923157,0.008237650617957115
0.3589639663696289,0.729985773563385,1.9863756506310892e-07,0.3924992084503174,0.7257156372070312,-0.012855674140155315,0.41435059905052185,0.6827625036239624,-0.014540093019604683,0.42492878437042236,0.6458944082260132,-0.012301824986934662,0.4331134259700775,0.622241735458374,-0.00825561210513115,0.4005473256111145,0.6241183876991272,-0.01482752338051796,0.43432852625846863,0.5897108316421509,-0.015200222842395306,0.4526995122432709,0.6009448766708374,-0.01353131327778101,0.4630841016769409,0.6118911504745483,-0.011576319113373756,0.39094460010528564,0.6126070618629456,-0.0064389826729893684,0.42903128266334534,0.5788604021072388,-0.006506683304905891,0.4479629397392273,0.5944679379463196,-0.005631851498037577,0.45831435918807983,0.6125219464302063,-0.004489846061915159,0.38612890243530273,0.6147734522819519,0.00197311001829803,0.42107221484184265,0.5946885943412781,0.0027273602318018675,0.4364202916622162,0.6110811233520508,0.0024391792248934507,0.4440285563468933,0.6292034983634949,0.0020293844863772392,0.3855835795402527,0.6245212554931641,0.009511671960353851,0.4114878475666046,0.6128137707710266,0.010131078772246838,0.42186039686203003,0.624951183795929,0.010408222675323486,0.42687222361564636,0.6397325992584229,0.011020357720553875
0.35899272561073303,0.729653537273407,1.7660696016719157e-07,0.3924214243888855,0.7246043086051941,-0.00925711914896965,0.41470491886138916,0.6829391717910767,-0.010336250998079777,0.42501261830329895,0.6464112401008606,-0.008534717373549938,0.4324396252632141,0.6227903366088867,-0.0052291760221123695,0.40038514137268066,0.6238113641738892,-0.011724036186933517,0.43437787890434265,0.5909993052482605,-0.0128446901217103,0.4523947238922119,0.6017406582832336,-0.012329423800110817,0.4625769555568695,0.6133986115455627,-0.01110835000872612,0.3912142217159271,0.6139207482337952,-0.005775568541139364,0.4297793507575989,0.5793777108192444,-0.005656438414007425,0.448223352432251,0.5942487716674805,-0.004875278100371361,0.4578099548816681,0.6118013858795166,-0.003933034371584654,0.3869076669216156,0.6177858114242554,0.00031383050372824073,0.420827716588974,0.5927115082740784,0.0014372802106663585,0.436378538608551,0.6076518297195435,0.0018699862994253635,0.4436439871788025,0.6249986886978149,0.0017346637323498726,0.38671937584877014,0.6291142702102661,0.005771583411842585,0.4109901487827301,0.6131807565689087,0.006982777267694473,0.42175936698913574,0.6236611604690552,0.00824457872658968,0.4269998073577881,0.6375113725662231,0.00943367276340723
0.3578179180622101,0.7317136526107788,1.7834905463587347e-07,0.3910302519798279,0.7261387705802917,-0.008908690884709358,0.4128027558326721,0.6834051012992859,-0.009182261303067207,0.42321181297302246,0.6474437713623047,-0.006742878817021847,0.42907679080963135,0.6234212517738342,-0.0027017774991691113,0.39977023005485535,0.6229923367500305,-0.00859113596379757,0.43304479122161865,0.5903729200363159,-0.008356197737157345,0.4506523609161377,0.6020979881286621,-0.0075760395266115665,0.46066001057624817,0.6136928200721741,-0.006420318968594074,0.39135685563087463,0.6140456199645996,-0.0025889116805046797,0.4291076064109802,0.5813581347465515,-0.0010296909604221582,0.44775891304016113,0.5950839519500732,-0.00025893529527820647,0.45834043622016907,0.610919177532196,0.00041359468013979495,0.38749346137046814,0.6189694404602051,0.0033689027186483145,0.42144548892974854,0.596987247467041,0.0057950629852712154,0.4369634687900543,0.6109738349914551,0.005739366635680199,0.4446662962436676,0.6273022294044495,0.004945146851241589,0.38764306902885437,0.6313831210136414,0.008610829710960388,0.4120057225227356,0.618363082408905,0.010812188498675823,0.42172688245773315,0.6288993954658508,0.011953397653996944,0.42602473497390747,0.6429373621940613,0.012836434878408909
0.3551175892353058,0.7320837378501892,1.4562736794232478e-07,0.38806307315826416,0.7213091254234314,-0.0015885191969573498,0.41106775403022766,0.6803574562072754,-0.0007402918417938054,0.4229748249053955,0.6490626931190491,0.0007799519808031619,0.4303758144378662,0.6290798187255859,0.0034090850967913866,0.39830002188682556,0.6202612519264221,-0.0020454118493944407,0.43280521035194397,0.5937224626541138,-0.0028366325423121452,0.45033782720565796,0.6055377125740051,-0.003364200470969081,0.4597187936306,0.6183766722679138,-0.0032632809597998857,0.3919026553630829,0.613357424736023,-0.001426248112693429,0.4311264753341675,0.5833209753036499,-0.0005665860953740776,0.44959476590156555,0.5973863005638123,-0.00016929255798459053,0.4593217074871063,0.6134302616119385,0.0002462518459651619,0.3895025849342346,0.6204968094825745,-0.0006727052968926728,0.4247805178165436,0.5961105227470398,0.0008415990159846842,0.44191157817840576,0.6094236969947815,0.0013488351833075285,0.4505890905857086,0.6246581077575684,0.0008715238072909415,0.39087730646133423,0.6366517543792725,-0.00011107642785646021,0.4149986505508423,0.6228148341178894,0.0014877895591780543,0.4241308569908142,0.6322145462036133,0.0033493144437670708,0.4279797077178955,0.6440610289573669,0.004683844745159149
0.3519364595413208,0.7276583313941956,1.6348720066616806e-07,0.38623178005218506,0.7200610041618347,-0.0033873834181576967,0.41024452447891235,0.6817281246185303,-0.003016880713403225,0.4197007417678833,0.6492679119110107,-0.0017426647245883942,0.4222393333911896,0.6266563534736633,0.0007337629212997854,0.39802658557891846,0.6168078184127808,-0.0015729146543890238,0.43212658166885376,0.5935081839561462,-0.002044438384473324,0.4495392441749573,0.6065728664398193,-0.002797791501507163,0.4592350721359253,0.6188411712646484,-0.0031231502071022987,0.39155396819114685,0.6071727275848389,-0.00024129425582941622,0.4313054382801056,0.5815683007240295,-0.0006004681927151978,0.4496617913246155,0.5985046029090881,-0.0013106241822242737,0.45908913016319275,0.6164565682411194,-0.0013294201344251633,0.3890139162540436,0.612033486366272,0.0010672126663848758,0.42526525259017944,0.5898131132125854,0.0011437255889177322,0.44346892833709717,0.6053651571273804,0.0012312661856412888,0.4527032971382141,0.6227883696556091,0.0011292926501482725,0.3902502954006195,0.6258996725082397,0.00205777189694345,0.41613510251045227,0.6080648899078369,0.0029841193463653326,0.42901137471199036,0.617390513420105,0.005015858449041843,0.4361914098262787,0.630195140838623,0.0067788478918373585
0.3511766195297241,0.7215646505355835,2.03125438247298e-07,0.3870026171207428,0.7190696597099304,-0.012389510869979858,0.41087883710861206,0.6778143048286438,-0.012970952317118645,0.4190722405910492,0.6408986449241638,-0.009589619934558868,0.41877293586730957,0.6189075112342834,-0.004751366563141346,0.3987009823322296,0.6109437942504883,-0.010348472744226456,0.43378034234046936,0.5899730920791626,-0.009311959147453308,0.4510924220085144,0.6045583486557007,-0.009157449007034302,0.4618671238422394,0.6173248887062073,-0.008860093541443348,0.3899253308773041,0.5986402034759521,-0.0016989074647426605,0.4291505515575409,0.5773566365242004,0.0001472287403885275,0.4468693137168884,0.5953094363212585,0.00017462493269704282,0.4563617706298828,0.6148954629898071,0.0002253772981930524,0.3848893940448761,0.6018266677856445,0.006831035483628511,0.41902056336402893,0.5873894691467285,0.00937059335410595,0.43549463152885437,0.6040412187576294,0.008152218535542488,0.44403088092803955,0.6237910985946655,0.006616039667278528,0.38372373580932617,0.6136474609375,0.014454393647611141,0.4080233573913574,0.6038674712181091,0.01683874800801277,0.4190322756767273,0.6169009208679199,0.017341027036309242,0.42457666993141174,0.633392333984375,0.017713800072669983
0.3526025414466858,0.7139110565185547,1.935781170914197e-07,0.3890198767185211,0.7103888392448425,-0.013709353283047676,0.4125831723213196,0.6692813634872437,-0.013753660023212433,0.4231439232826233,0.6333473920822144,-0.009365825913846493,0.42887747287750244,0.6112382411956787,-0.003307274542748928,0.39994966983795166,0.6058164834976196,-0.011935243383049965,0.4361754357814789,0.5852006673812866,-0.010463278740644455,0.4531618356704712,0.6011974811553955,-0.009219881147146225,0.4627875089645386,0.6148988008499146,-0.007741712965071201,0.39062249660491943,0.5935884714126587,-0.0018352646147832274,0.4301115870475769,0.5756546854972839,0.0018034657696262002,0.44682350754737854,0.5942913293838501,0.002741825068369508,0.4550349712371826,0.6138646602630615,0.0031761520076543093,0.38529670238494873,0.5968202352523804,0.00805753469467163,0.4188821315765381,0.5902286767959595,0.01180080883204937,0.43259096145629883,0.609005331993103,0.009807875379920006,0.43840229511260986,0.6286568641662598,0.007754857186228037,0.38345301151275635,0.6074346303939819,0.017010098323225975,0.4081001281738281,0.6019912362098694,0.019833596423268318,0.4187704920768738,0.6164823770523071,0.01943761482834816,0.4233795404434204,0.6344122886657715,0.019277768209576607
0.35209521651268005,0.7072426080703735,1.8663098444449133e-07,0.3873696029186249,0.7084447145462036,-0.0149637870490551,0.4117484390735626,0.6678229570388794,-0.015260124579071999,0.42340850830078125,0.633254885673523,-0.01083356887102127,0.4293173551559448,0.6109712719917297,-0.004785911645740271,0.4002963900566101,0.6044685244560242,-0.014011225663125515,0.4365501403808594,0.5836273431777954,-0.013461529277265072,0.45383578538894653,0.5998778343200684,-0.012641623616218567,0.46368318796157837,0.6144747138023376,-0.011271949857473373,0.39080527424812317,0.5924819707870483,-0.003402863396331668,0.4305293560028076,0.5746229290962219,-0.0005971256759949028,0.44719356298446655,0.5945104956626892,0.0004954305477440357,0.4552900791168213,0.6149641871452332,0.0012743996921926737,0.3854452669620514,0.5954945087432861,0.006881652865558863,0.41929957270622253,0.5885043144226074,0.009856684133410454,0.4335438013076782,0.6062218546867371,0.0080531295388937,0.4399777054786682,0.6244043111801147,0.006340605206787586,0.38385525345802307,0.6058406233787537,0.016144191846251488,0.4088689684867859,0.599687933921814,0.0183259267359972,0.42024409770965576,0.6129952073097229,0.017890889197587967,0.4252907633781433,0.6294139623641968,0.0178377702832222
0.35235974192619324,0.7055122256278992,1.9105625881365995e-07,0.3871508836746216,0.7064213156700134,-0.009484216570854187,0.4119836091995239,0.6681490540504456,-0.009317360818386078,0.4236566126346588,0.6344172954559326,-0.006163137964904308,0.4282110929489136,0.6140363812446594,-0.0018466758774593472,0.40043288469314575,0.604276180267334,-0.00839693658053875,0.43620768189430237,0.5862273573875427,-0.008450322784483433,0.4535699486732483,0.6012394428253174,-0.008825435303151608,0.46353209018707275,0.6148041486740112,-0.008596603758633137,0.39271196722984314,0.592975914478302,-0.0018736670026555657,0.4328889846801758,0.574522078037262,-0.0003034339752048254,0.45042654871940613,0.5926584601402283,-0.00020698425942100585,0.4592163860797882,0.6112059354782104,-2.355742617510259e-05,0.3882473111152649,0.5970098376274109,0.0045564062893390656,0.42261871695518494,0.5857901573181152,0.006398432422429323,0.4381668269634247,0.6030213236808777,0.0051945969462394714,0.4450695812702179,0.621015191078186,0.0038482574746012688,0.3869633674621582,0.6095930337905884,0.010352766141295433,0.41169798374176025,0.6032429933547974,0.011946072801947594,0.4211729168891907,0.6166465282440186,0.012478655204176903,0.42467960715293884,0.6320353746414185,0.013050304725766182
0.3513948619365692,0.7073094248771667,1.761041517056583e-07,0.3845977485179901,0.7088436484336853,-0.007672073319554329,0.4101758301258087,0.6714043021202087,-0.007300501223653555,0.42151591181755066,0.6396089792251587,-0.004426449537277222,0.42329034209251404,0.6192211508750916,-0.0005398603971116245,0.40197229385375977,0.6102801561355591,-0.007920127362012863,0.4379546344280243,0.5894740223884583,-0.008320463821291924,0.45547255873680115,0.6037735342979431,-0.008633612655103207,0.46541711688041687,0.6173494458198547,-0.008332598954439163,0.3946326971054077,0.5991095304489136,-0.0028948411345481873,0.43517810106277466,0.5760697722434998,-0.0018743346445262432,0.45291611552238464,0.594093918800354,-0.0015762693947181106,0.46113321185112,0.6133586764335632,-0.0010352566605433822,0.3900356888771057,0.6034172773361206,0.0021512757521122694,0.42459869384765625,0.5885490775108337,0.004019825719296932,0.4396781027317047,0.6052870154380798,0.003465920453891158,0.44588205218315125,0.6224837303161621,0.002391986083239317,0.3885791301727295,0.6172603964805603,0.006616015452891588,0.41183581948280334,0.612036406993866,0.008293830789625645,0.41814929246902466,0.6252410411834717,0.009161676280200481,0.4185391068458557,0.6392051577568054,0.009801588021218777
0.3537833094596863,0.7127296328544617,2.1458458832057659e-07,0.38879454135894775,0.7143044471740723,-0.014503220096230507,0.41502702236175537,0.6765170693397522,-0.015112818218767643,0.4283950924873352,0.642386257648468,-0.011189340613782406,0.43730834126472473,0.6211681365966797,-0.005440686363726854,0.4036957025527954,0.6157468557357788,-0.013138588517904282,0.4399736821651459,0.591456413269043,-0.01251502800732851,0.4576422870159149,0.6068068742752075,-0.011550777591764927,0.4685651659965515,0.6195711493492126,-0.01027632225304842,0.39441829919815063,0.6047430634498596,-0.002811719197779894,0.4341835379600525,0.5811513066291809,-0.0009551670518703759,0.45312297344207764,0.5962796807289124,-0.0003234699834138155,0.4644657075405121,0.613822340965271,0.00010911894059972838,0.38883310556411743,0.6095148921012878,0.0071976264007389545,0.4223829507827759,0.5928921699523926,0.00961188692599535,0.4404104948043823,0.6049234867095947,0.007911293767392635,0.45101994276046753,0.6216773390769958,0.006039271596819162,0.3871137797832489,0.6218948364257812,0.016189534217119217,0.4111977517604828,0.6105899214744568,0.01764605939388275,0.4241154193878174,0.6197720170021057,0.017057858407497406,0.4319153130054474,0.6346745491027832,0.01676960475742817
0.35485222935676575,0.7157164216041565,5.781982181929379e-08,0.37041521072387695,0.6739506721496582,0.0112349484115839,0.39113420248031616,0.6384199261665344,0.015401088632643223,0.40867429971694946,0.6257323026657104,0.016913270577788353,0.42419859766960144,0.6215032339096069,0.018819408491253853,0.39562684297561646,0.6108901500701904,0.00857674889266491,0.42899811267852783,0.5825892090797424,0.008226779289543629,0.4453551769256592,0.5923053026199341,0.00919886864721775,0.45518743991851807,0.6040254235267639,0.010275115258991718,0.4006502628326416,0.6198796629905701,0.000981134013272822,0.43700042366981506,0.5859760642051697,-6.936384306754917e-05,0.454811692237854,0.5962868928909302,0.00033252977300435305,0.4644406735897064,0.6105452179908752,0.0017175293760374188,0.4064043462276459,0.6402730345726013,-0.005792657844722271,0.4380929470062256,0.601766049861908,-0.006228576879948378,0.4558912515640259,0.6064059734344482,-0.0042352378368377686,0.46721547842025757,0.6159526705741882,-0.0024349563755095005,0.4128075838088989,0.6699579954147339,-0.011745085008442402,0.43367958068847656,0.6354355216026306,-0.0108530567958951,0.44614559412002563,0.6296201944351196,-0.007521513383835554,0.4556902050971985,0.6319187879562378,-0.004558410029858351
0.3545420467853546,0.7147486805915833,4.979564494078659e-08,0.3671804964542389,0.6645350456237793,0.011757195927202702,0.38571515679359436,0.6304230093955994,0.014524739235639572,0.4031878113746643,0.6177511215209961,0.014214355498552322,0.41945815086364746,0.6140488386154175,0.013927079737186432,0.3917223811149597,0.6098880767822266,0.0059233130887150764,0.4252588748931885,0.5801449418067932,0.003595356596633792,0.44191768765449524,0.5882880091667175,0.0035390376579016447,0.4527079164981842,0.6004871129989624,0.00403128145262599,0.39919593930244446,0.6224187016487122,-0.002732896013185382,0.43315622210502625,0.5843713879585266,-0.00512420479208231,0.45070597529411316,0.5907192826271057,-0.005106691271066666,0.4610522985458374,0.6035358309745789,-0.004128525499254465,0.4067545235157013,0.6440396904945374,-0.010462929494678974,0.4357679486274719,0.6010528206825256,-0.011396098881959915,0.4537689685821533,0.6019818782806396,-0.009146647527813911,0.4667881429195404,0.608934223651886,-0.0073537626303732395,0.4139308035373688,0.6734161972999573,-0.017386728897690773,0.4328969717025757,0.633949875831604,-0.01667632907629013,0.44520512223243713,0.6243347525596619,-0.013067388907074928,0.45572906732559204,0.6229507327079773,-0.009984423406422138
0.35519638657569885,0.7085000872612,3.21197042296717e-08,0.36471742391586304,0.6568191051483154,0.01180211827158928,0.38104796409606934,0.6228329539299011,0.014912299811840057,0.39733758568763733,0.6102406978607178,0.01487570721656084,0.41210687160491943,0.6075286865234375,0.01478892657905817,0.39137646555900574,0.6034547686576843,0.007638151291757822,0.4219401478767395,0.575979471206665,0.0065907640382647514,0.43708309531211853,0.582639753818512,0.007907969877123833,0.4459664225578308,0.5935834646224976,0.009482447989284992,0.40052810311317444,0.6163966059684753,-0.0008353156736120582,0.43210285902023315,0.5800879001617432,-0.002534073544666171,0.4478069543838501,0.5856367945671082,-0.0014559540431946516,0.4566730856895447,0.5970426797866821,0.000697922077961266,0.40901339054107666,0.637393593788147,-0.008466758765280247,0.43593305349349976,0.59586501121521,-0.00932088028639555,0.45264726877212524,0.5956156253814697,-0.006354698911309242,0.4642271101474762,0.6020773649215698,-0.003525705775246024,0.4163656234741211,0.6663501858711243,-0.015262855216860771,0.4358184039592743,0.6267372965812683,-0.014693538658320904,0.4477729797363281,0.6193028092384338,-0.010391312651336193,0.45720311999320984,0.6205246448516846,-0.006286510732024908
0.3553123474121094,0.7045719027519226,-5.826114257700965e-09,0.36291494965553284,0.6529380679130554,0.011478496715426445,0.3788837790489197,0.6191719770431519,0.014607775025069714,0.3950798511505127,0.6062136888504028,0.014624281786382198,0.41001981496810913,0.6041458249092102,0.014791951514780521,0.38992786407470703,0.6010982990264893,0.008634290657937527,0.41702768206596375,0.5735156536102295,0.007569243665784597,0.429106742143631,0.5816279053688049,0.008791051805019379,0.4346499443054199,0.5942468047142029,0.010389783419668674,0.4004547595977783,0.6131750345230103,0.00042851234320551157,0.4298129379749298,0.5774529576301575,-0.0008064750581979752,0.44433698058128357,0.5818244218826294,7.308402564376593e-05,0.45217448472976685,0.5924832820892334,0.001807663356885314,0.4099303185939789,0.6329277157783508,-0.0071008335798978806,0.43540793657302856,0.5927022099494934,-0.007613762281835079,0.45077386498451233,0.592737078666687,-0.004991915542632341,0.4610728323459625,0.5993888974189758,-0.0026214115787297487,0.4177444279193878,0.6608701944351196,-0.013844775967299938,0.43698790669441223,0.624829888343811,-0.012607633136212826,0.4479137063026428,0.6199590563774109,-0.008016634732484818,0.4555808901786804,0.623242199420929,-0.003978088032454252
0.35573652386665344,0.7022519111633301,-8.656198424716877e-09,0.36151283979415894,0.6503403782844543,0.010248073376715183,0.3760596513748169,0.616442084312439,0.013011562637984753,0.39165207743644714,0.6014174222946167,0.012952500954270363,0.406337171792984,0.5968141555786133,0.013097819872200489,0.3889198899269104,0.5990737676620483,0.00814379658550024,0.4141944646835327,0.5737282633781433,0.0075218649581074715,0.42582082748413086,0.5803240537643433,0.00892754178494215,0.43107059597969055,0.5905169248580933,0.010457735508680344,0.400631308555603,0.6108304262161255,0.0005857753567397594,0.42803728580474854,0.5774469971656799,0.00014729396207258105,0.4419461786746979,0.5805067420005798,0.0011024507693946362,0.44940680265426636,0.589911937713623,0.0025361620355397463,0.41080328822135925,0.6303995847702026,-0.006409739144146442,0.4348783791065216,0.5919524431228638,-0.0064005171880126,0.44912832975387573,0.5914218425750732,-0.003930079750716686,0.4587066173553467,0.5966911911964417,-0.0019832781981676817,0.41875186562538147,0.6581063866615295,-0.012733508832752705,0.4379921853542328,0.6250486969947815,-0.011414926499128342,0.44838541746139526,0.620794951915741,-0.007025077007710934,0.45545467734336853,0.6233675479888916,-0.003274815157055855
0.35692518949508667,0.6990312933921814,1.631223212061883e-10,0.36401355266571045,0.6460319757461548,0.012840734794735909,0.3774249851703644,0.613901674747467,0.016313007101416588,0.3922960162162781,0.6020172238349915,0.01647171564400196,0.40752583742141724,0.6016810536384583,0.016515275463461876,0.3871375322341919,0.5984062552452087,0.00891109462827444,0.4131060242652893,0.5768944025039673,0.009819756262004375,0.42619773745536804,0.5825821757316589,0.013114623725414276,0.43257734179496765,0.5928147435188293,0.015804234892129898,0.3991503119468689,0.6087696552276611,0.000408409396186471,0.4270584285259247,0.5763312578201294,0.0007083896198309958,0.44059211015701294,0.5813596248626709,0.002914269221946597,0.4474860727787018,0.5927792191505432,0.005374027881771326,0.41007378697395325,0.627528727054596,-0.007061030715703964,0.4347676634788513,0.5895431041717529,-0.005917413625866175,0.44821831583976746,0.5913466215133667,-0.0021437073592096567,0.4566548764705658,0.5984218120574951,0.0006532033439725637,0.4188804030418396,0.6547715067863464,-0.013594962656497955,0.43890371918678284,0.621483564376831,-0.011510071344673634,0.44921430945396423,0.6171904802322388,-0.006357318256050348,0.45610398054122925,0.619001030921936,-0.001974567538127303
0.3570999205112457,0.6942218542098999,-8.081487479216776e-09,0.36500146985054016,0.6423274874687195,0.014391292817890644,0.37921878695487976,0.6118912100791931,0.01882530190050602,0.3941981792449951,0.603240966796875,0.019540630280971527,0.4085344970226288,0.6065593957901001,0.019968334585428238,0.38664186000823975,0.593758761882782,0.012374269776046276,0.41228723526000977,0.5773658752441406,0.014641910791397095,0.4250175952911377,0.5843772888183594,0.018327103927731514,0.4306289553642273,0.5959376692771912,0.021170280873775482,0.3989180326461792,0.6041700839996338,0.0034500439651310444,0.42646026611328125,0.5760288834571838,0.005616337992250919,0.4395340383052826,0.5823858380317688,0.008330837823450565,0.44566336274147034,0.5940853953361511,0.010771078057587147,0.4101870656013489,0.6227313876152039,-0.00446858536452055,0.4350792467594147,0.5873324871063232,-0.002276507904753089,0.4485540986061096,0.5908523201942444,0.0013328718487173319,0.4562910795211792,0.5989354252815247,0.003771695774048567,0.41930079460144043,0.6493268609046936,-0.011323593556880951,0.4390128254890442,0.6168479323387146,-0.00890249665826559,0.4493458867073059,0.6143391132354736,-0.003915400244295597,0.45563623309135437,0.6172583103179932,0.00021772734180558473
0.3566763699054718,0.6839202046394348,3.8016981562805086e-08,0.3664698302745819,0.6338002681732178,0.014016441069543362,0.3810720145702362,0.6058645248413086,0.017875563353300095,0.3971692621707916,0.5997821688652039,0.018052823841571808,0.4108204245567322,0.6041343808174133,0.017761537805199623,0.38847726583480835,0.5879642963409424,0.012299097143113613,0.41607895493507385,0.5766307711601257,0.014244819059967995,0.42936763167381287,0.5832719802856445,0.016871340572834015,0.4362497329711914,0.5931998491287231,0.01878172904253006,0.3999637961387634,0.5984406471252441,0.003324441146105528,0.42874351143836975,0.5719426274299622,0.005113100167363882,0.4423004388809204,0.5768315196037292,0.007178662810474634,0.44942399859428406,0.5865839719772339,0.009122302755713463,0.4099617302417755,0.6170315742492676,-0.004671209957450628,0.4350804090499878,0.5822777152061462,-0.0026936137583106756,0.4485294818878174,0.5850579738616943,0.0006868921336717904,0.45681309700012207,0.5915326476097107,0.002977013820782304,0.41793596744537354,0.6435016393661499,-0.01168664451688528,0.4370025098323822,0.6103681921958923,-0.00931001827120781,0.4470098912715912,0.6065018773078918,-0.0044515966437757015,0.4541480839252472,0.6073174476623535,-0.00045296287862583995
0.3560413420200348,0.6774272322654724,4.838799583239961e-08,0.36711111664772034,0.6280316114425659,0.01412158366292715,0.38150647282600403,0.6014592051506042,0.017675092443823814,0.39700841903686523,0.5965735912322998,0.017478587105870247,0.4106869697570801,0.6023535132408142,0.016841791570186615,0.38871151208877563,0.5854303240776062,0.011217660270631313,0.4173623025417328,0.5772825479507446,0.012262440286576748,0.43099623918533325,0.5857722759246826,0.014620679430663586,0.4376455843448639,0.5984175801277161,0.016708966344594955,0.39983800053596497,0.5955040454864502,0.0021393795032054186,0.42988789081573486,0.5705010294914246,0.0026489573065191507,0.4444276988506317,0.5761163830757141,0.00458482326939702,0.45175522565841675,0.5875254273414612,0.007012991700321436,0.40998876094818115,0.6135506629943848,-0.005850567016750574,0.4359882175922394,0.5803845524787903,-0.003979832865297794,0.4494127631187439,0.5841884016990662,-0.000194901876966469,0.4571739733219147,0.591496467590332,0.0027159315068274736,0.41839128732681274,0.6395230889320374,-0.01287303026765585,0.4381658732891083,0.6080041527748108,-0.00976938009262085,0.44803717732429504,0.6046222448348999,-0.004169556312263012,0.45460277795791626,0.6066226959228516,0.0006128052482381463
0.35563036799430847,0.6696192026138306,4.407767661973594e-08,0.3670201301574707,0.6195371150970459,0.013816453516483307,0.38211682438850403,0.5943729281425476,0.017256934195756912,0.39859747886657715,0.5908327102661133,0.016969945281744003,0.4123859703540802,0.598656415939331,0.01623312197625637,0.38847243785858154,0.5771822929382324,0.0114906569942832,0.4178037643432617,0.5733464956283569,0.012445527128875256,0.43044140934944153,0.5846108198165894,0.01429728977382183,0.436244934797287,0.5983888506889343,0.015978001058101654,0.40015947818756104,0.5886291265487671,0.0026128459721803665,0.4309520423412323,0.568793773651123,0.003934619016945362,0.443970650434494,0.5773214101791382,0.005741582717746496,0.45001915097236633,0.5904867649078369,0.007724882569164038,0.41063636541366577,0.6083885431289673,-0.00522949593141675,0.43791893124580383,0.5797075033187866,-0.0028693494386970997,0.45000919699668884,0.5867966413497925,0.0009766648290678859,0.45665040612220764,0.5961991548538208,0.0037213386967778206,0.4189486503601074,0.635295569896698,-0.012127484194934368,0.439953088760376,0.6065571308135986,-0.008523719385266304,0.44942042231559753,0.6062036156654358,-0.002464315388351679,0.45562416315078735,0.6100395917892456,0.002520886715501547
0.3573235869407654,0.6630226373672485,5.0026702780314736e-08,0.3670908808708191,0.6140490770339966,0.012590095400810242,0.3819009065628052,0.5880642533302307,0.015229289419949055,0.39848145842552185,0.5843111872673035,0.014410296455025673,0.412086546421051,0.5920614004135132,0.01321481168270111,0.39079418778419495,0.5699771046638489,0.009823117405176163,0.41963937878608704,0.5706019997596741,0.010027254931628704,0.4314880967140198,0.5826829075813293,0.011318792589008808,0.4360150694847107,0.5961328148841858,0.012824938632547855,0.40213871002197266,0.5811567902565002,0.001413959776982665,0.4329835772514343,0.5657544136047363,0.001953447936102748,0.4463202655315399,0.5753548741340637,0.0037301352713257074,0.45193782448768616,0.5897117257118225,0.006005533039569855,0.4117528796195984,0.6011812090873718,-0.006070500239729881,0.439657598733902,0.5768738389015198,-0.0045474013313651085,0.4517591893672943,0.5857571363449097,-0.0008149979403242469,0.45760735869407654,0.5967665314674377,0.00225233705714345,0.41922372579574585,0.6284040212631226,-0.012669289484620094,0.4411734938621521,0.6032357215881348,-0.00937974825501442,0.4501568675041199,0.6043463945388794,-0.0032578124664723873,0.4550778567790985,0.6096267700195312,0.001994142774492502
0.3585493862628937,0.6556156873703003,5.563710558931234e-08,0.36854085326194763,0.6085808873176575,0.013332830742001534,0.3831806778907776,0.5827440023422241,0.016529196873307228,0.3990429937839508,0.5783016085624695,0.01622290350496769,0.4123184084892273,0.584854006767273,0.015556424856185913,0.3909505605697632,0.5662727355957031,0.009900854900479317,0.4199787378311157,0.5645260214805603,0.010508738458156586,0.4316656291484833,0.5770469307899475,0.01244358066469431,0.4363364279270172,0.5908346176147461,0.014380011707544327,0.4020828902721405,0.5770259499549866,0.0012291554594412446,0.4334913492202759,0.5604274272918701,0.0018106563948094845,0.44751229882240295,0.5691220164299011,0.0037240921519696712,0.4539949893951416,0.5828585028648376,0.006096665281802416,0.41174498200416565,0.5964447855949402,-0.006405210588127375,0.4398778975009918,0.5705591440200806,-0.004981658887118101,0.45281392335891724,0.5787210464477539,-0.0014655409613624215,0.4596392512321472,0.5896218419075012,0.0014294645516201854,0.41934165358543396,0.6229043006896973,-0.013038966804742813,0.4409569203853607,0.59732586145401,-0.009882460348308086,0.4505689740180969,0.5983542799949646,-0.004055870696902275,0.4564835727214813,0.6043750047683716,0.0009326431318186224
0.359727680683136,0.6541751027107239,5.1360984798520803e-08,0.3686721920967102,0.6078084111213684,0.013570512644946575,0.38255348801612854,0.5814946293830872,0.017034398391842842,0.3967859447002411,0.5755704045295715,0.01711288094520569,0.40918394923210144,0.5793091654777527,0.01676134392619133,0.3927833139896393,0.5655920505523682,0.008238626644015312,0.42276450991630554,0.5617213845252991,0.008839529007673264,0.43441256880760193,0.5756649971008301,0.011461068876087666,0.439184308052063,0.592349112033844,0.01405059453099966,0.40323102474212646,0.5760449767112732,-0.0002946647582575679,0.4357852637767792,0.5589142441749573,-9.496079292148352e-05,0.44951125979423523,0.5690085887908936,0.002177123911678791,0.45575404167175293,0.5845944881439209,0.0050373561680316925,0.412481427192688,0.5956601500511169,-0.007583364378660917,0.44155487418174744,0.5694101452827454,-0.006502801552414894,0.4541478157043457,0.5797551870346069,-0.0029658556450158358,0.4601716995239258,0.5929110646247864,0.00016678444808349013,0.4196215271949768,0.6221293807029724,-0.013761352747678757,0.442208856344223,0.5971882343292236,-0.01058197021484375,0.45169463753700256,0.600204348564148,-0.004674373660236597,0.456599622964859,0.6089222431182861,0.00046036241110414267
0.35899195075035095,0.6512105464935303,5.1022322367089146e-08,0.3690522015094757,0.6055857539176941,0.012489354237914085,0.38391655683517456,0.5801677107810974,0.015039490535855293,0.39919355511665344,0.5761061906814575,0.014340028166770935,0.41238853335380554,0.582107663154602,0.013272901065647602,0.39227294921875,0.5642791390419006,0.006065398454666138,0.4224965572357178,0.5621508359909058,0.00578906899318099,0.43407386541366577,0.577560544013977,0.008050232194364071,0.4383655786514282,0.5951376557350159,0.01046312041580677,0.40273943543434143,0.575447142124176,-0.0023125193547457457,0.43602341413497925,0.5596120953559875,-0.0030402285046875477,0.44986391067504883,0.5707640051841736,-0.0010629689786583185,0.45591574907302856,0.5870383381843567,0.0015982489567250013,0.4119023382663727,0.5953810214996338,-0.009464222937822342,0.4418720304965973,0.5695391893386841,-0.00935934018343687,0.45468518137931824,0.5806774497032166,-0.006052789278328419,0.46078965067863464,0.5944267511367798,-0.002982249017804861,0.41880789399147034,0.6222294569015503,-0.015541492030024529,0.44227930903434753,0.5972686409950256,-0.01300753653049469,0.45170480012893677,0.6009666919708252,-0.0071135349571704865,0.45640265941619873,0.6100108027458191,-0.0019554346799850464
0.35942187905311584,0.6494854092597961,4.7351608856160965e-08,0.3692803680896759,0.6032547354698181,0.012637296691536903,0.3839859366416931,0.5781123638153076,0.01537447702139616,0.3987424373626709,0.5739281177520752,0.014805681072175503,0.41149550676345825,0.5800934433937073,0.013862733729183674,0.3929508924484253,0.5631839036941528,0.006753621622920036,0.4225774109363556,0.5624192953109741,0.00675385445356369,0.4340234398841858,0.577677845954895,0.009137501940131187,0.43820667266845703,0.5949018597602844,0.011610407382249832,0.4034404754638672,0.5740204453468323,-0.0016596901696175337,0.43639644980430603,0.5596010088920593,-0.0021279845386743546,0.45001569390296936,0.5709812641143799,-0.00014531970373354852,0.4558775722980499,0.5873605608940125,0.0024977040011435747,0.4125714600086212,0.5939226746559143,-0.008874730207026005,0.4424157738685608,0.5695978403091431,-0.008553157560527325,0.4551478624343872,0.581045925617218,-0.005412208382040262,0.4612312912940979,0.5950334072113037,-0.002495794789865613,0.41940364241600037,0.6210692524909973,-0.015013542957603931,0.4430440664291382,0.5973669290542603,-0.012327386066317558,0.4526659846305847,0.6013211607933044,-0.006558238063007593,0.4575074017047882,0.6104252338409424,-0.001535408548079431
0.3589910566806793,0.647474467754364,4.4938133214600384e-08,0.36891698837280273,0.6027730107307434,0.012732502073049545,0.3838542401790619,0.5780498385429382,0.015533930622041225,0.398716002702713,0.5736292600631714,0.014986156485974789,0.4114750027656555,0.5791218280792236,0.01406840793788433,0.3934113383293152,0.5631062984466553,0.007142987102270126,0.42294442653656006,0.5631803274154663,0.0067884596064686775,0.43388238549232483,0.5786893367767334,0.008773436769843102,0.43763408064842224,0.5958995819091797,0.01105688139796257,0.4036596715450287,0.5735335946083069,-0.001356760272756219,0.4368880093097687,0.5596583485603333,-0.0022769919596612453,0.4507603645324707,0.571093738079071,-0.0003482262836769223,0.45663541555404663,0.5876818299293518,0.0024395689833909273,0.4125075340270996,0.5931834578514099,-0.008738242089748383,0.44263914227485657,0.5697777271270752,-0.00885889120399952,0.4556368291378021,0.5814331769943237,-0.005714500322937965,0.4617989957332611,0.595461905002594,-0.0025980195496231318,0.41914981603622437,0.6203767657279968,-0.015047874301671982,0.4429933428764343,0.5979375839233398,-0.012461066246032715,0.4526796042919159,0.6021223068237305,-0.006648844573646784,0.4574374854564667,0.6114144921302795,-0.0015230608405545354
0.3574867844581604,0.6474173069000244,3.289554584284815e-08,0.3678000569343567,0.6028299927711487,0.014310278929769993,0.3840642273426056,0.5787009596824646,0.018147829920053482,0.3994508981704712,0.5755279660224915,0.018482375890016556,0.4122312068939209,0.5821446180343628,0.01843472197651863,0.3936789035797119,0.5626768469810486,0.008955360390245914,0.4229118525981903,0.5641527771949768,0.009980711154639721,0.43309345841407776,0.5805787444114685,0.013090851716697216,0.4361349046230316,0.598491370677948,0.016029855236411095,0.40422749519348145,0.5737066268920898,9.353100904263556e-05,0.4373546540737152,0.5605608224868774,9.470755321672186e-05,0.45095282793045044,0.5717636942863464,0.0026644691824913025,0.4566134214401245,0.588076651096344,0.005860865116119385,0.41281938552856445,0.5936025977134705,-0.00748318200930953,0.44333598017692566,0.5709220170974731,-0.006898285821080208,0.4561828374862671,0.5822002291679382,-0.0035832070279866457,0.4621756672859192,0.595844566822052,-0.0004304541798774153,0.4188615083694458,0.620782732963562,-0.01381981186568737,0.4433566927909851,0.5998662114143372,-0.010718798264861107,0.4532676339149475,0.6044516563415527,-0.00486368453130126,0.4580366909503937,0.6138602495193481,0.00021482972078956664
0.35689523816108704,0.645706295967102,3.194938713591e-08,0.36828356981277466,0.6005241274833679,0.01422311831265688,0.3852651119232178,0.5773566961288452,0.018128568306565285,0.4012097120285034,0.5752793550491333,0.01855463534593582,0.4141043424606323,0.5832666754722595,0.018622802570462227,0.3946830928325653,0.561629593372345,0.009024211205542088,0.4235498905181885,0.5643119215965271,0.010174187831580639,0.4340628385543823,0.5804635882377625,0.0135148074477911,0.43724504113197327,0.5979998111724854,0.016578534618020058,0.40517333149909973,0.5740454792976379,0.00017176622350234538,0.4385313093662262,0.5609925389289856,7.709902274655178e-05,0.45198380947113037,0.572028636932373,0.0024581653997302055,0.4574616551399231,0.5880703330039978,0.005464981775730848,0.41353029012680054,0.5949727296829224,-0.007380861788988113,0.4448392987251282,0.5721253752708435,-0.00697437534108758,0.45769989490509033,0.5833313465118408,-0.0038391458801925182,0.46390005946159363,0.5966949462890625,-0.0008296096930280328,0.41907697916030884,0.6226513981819153,-0.01368476077914238,0.4444894790649414,0.6014074683189392,-0.01085326075553894,0.4546547532081604,0.6061413288116455,-0.005162008572369814,0.45979511737823486,0.6152875423431396,-0.0002349924179725349
0.35530492663383484,0.6454046964645386,3.514748314614735e-08,0.3678792119026184,0.6005212664604187,0.015405717305839062,0.38497933745384216,0.577966570854187,0.0196361243724823,0.4009076654911041,0.5762107968330383,0.020154746249318123,0.41385018825531006,0.5845461487770081,0.020293550565838814,0.39465561509132385,0.5621127486228943,0.009969315491616726,0.42370811104774475,0.5659672021865845,0.01173450518399477,0.43493786454200745,0.582066535949707,0.015912814065814018,0.438508003950119,0.6005343198776245,0.019551444798707962,0.4050024449825287,0.5750170350074768,0.0005810747970826924,0.4387993812561035,0.5615909695625305,0.0004540186782833189,0.4525434970855713,0.5723215341567993,0.0035444297827780247,0.4581449627876282,0.5882391333580017,0.007299900520592928,0.4131517708301544,0.5961419343948364,-0.007388250902295113,0.4450840353965759,0.5722653865814209,-0.006761781871318817,0.4578256607055664,0.5830353498458862,-0.002640149323269725,0.46383288502693176,0.5960240364074707,0.0011929755564779043,0.41828855872154236,0.6240370273590088,-0.014046752825379372,0.4442518949508667,0.6026309728622437,-0.010925482027232647,0.4544713497161865,0.6068381667137146,-0.004677524324506521,0.45952168107032776,0.615688681602478,0.0007902930956333876
0.35389623045921326,0.647248387336731,3.011484039916468e-08,0.3664402961730957,0.6024236679077148,0.015925168991088867,0.38420623540878296,0.579091489315033,0.020702550187706947,0.40032318234443665,0.5762820243835449,0.021632112562656403,0.4127296507358551,0.5845797657966614,0.022133218124508858,0.39514029026031494,0.5620442628860474,0.01210042554885149,0.42369934916496277,0.5673919320106506,0.014420974999666214,0.4356765151023865,0.5830305814743042,0.01853047125041485,0.43995869159698486,0.6008493900299072,0.02201584167778492,0.405427485704422,0.5754305720329285,0.002572770928964019,0.43889909982681274,0.5629608631134033,0.0032702514436095953,0.4528140127658844,0.5736711025238037,0.006507784128189087,0.45886749029159546,0.5889492034912109,0.010210941545665264,0.41345465183258057,0.5970277190208435,-0.005645970813930035,0.4451092481613159,0.5738562345504761,-0.00435307901352644,0.4580545425415039,0.5844345688819885,-0.00018237893527839333,0.4644625186920166,0.5970287919044495,0.003478657454252243,0.4183604121208191,0.6251785755157471,-0.012591363862156868,0.4440686106681824,0.6038641929626465,-0.009103803895413876,0.4546966254711151,0.6079017519950867,-0.003005753504112363,0.4603422284126282,0.6161980032920837,0.0021875454112887383
0.352961927652359,0.6483681797981262,2.877558280545145e-08,0.36572396755218506,0.6023151874542236,0.016862237825989723,0.383800745010376,0.5791422724723816,0.022276340052485466,0.3999921381473541,0.5773242712020874,0.02369745448231697,0.4126336872577667,0.5860605239868164,0.024639390408992767,0.39507317543029785,0.5630151033401489,0.013535943813621998,0.4240601658821106,0.5683065056800842,0.016501931473612785,0.43594643473625183,0.5838768482208252,0.021047834306955338,0.4400475323200226,0.6019019484519958,0.024795399978756905,0.405460000038147,0.5765007734298706,0.003767509711906314,0.4396267831325531,0.5632959008216858,0.004989163484424353,0.45328763127326965,0.5744258165359497,0.008569400757551193,0.459060937166214,0.5899738669395447,0.012532087042927742,0.41341280937194824,0.5984295010566711,-0.004661838058382273,0.44579195976257324,0.5744478702545166,-0.0028974879533052444,0.45853692293167114,0.585472047328949,0.0014852058375254273,0.4647265076637268,0.5982893705368042,0.00521939666941762,0.41816267371177673,0.6268659830093384,-0.011747916229069233,0.4442026615142822,0.6054463386535645,-0.008005497045814991,0.45484769344329834,0.609796941280365,-0.0018404640723019838,0.46036210656166077,0.6182740330696106,0.00335653405636549
0.35228419303894043,0.6505162119865417,2.378732411045803e-08,0.3639465272426605,0.6034666895866394,0.016021577641367912,0.38191503286361694,0.5790507793426514,0.020924754440784454,0.39775022864341736,0.57685786485672,0.02193385548889637,0.41022032499313354,0.5853536128997803,0.022474195808172226,0.39501383900642395,0.5646825432777405,0.012967281974852085,0.4240410625934601,0.5699818134307861,0.015168906189501286,0.43507930636405945,0.5851679444313049,0.018694009631872177,0.4388427138328552,0.6018766760826111,0.021664680913090706,0.405387818813324,0.5771239995956421,0.0031881192699074745,0.43998482823371887,0.564761221408844,0.0037041157484054565,0.4535341262817383,0.5764449238777161,0.006769533734768629,0.4588282108306885,0.5920048356056213,0.010386807844042778,0.4132271409034729,0.5989607572555542,-0.005440315697342157,0.44591856002807617,0.5760873556137085,-0.004462451208382845,0.4583646059036255,0.5877215266227722,-0.0004998676595278084,0.46436363458633423,0.6003289818763733,0.003054441185668111,0.41796788573265076,0.6286793351173401,-0.012792488560080528,0.4442906081676483,0.6089006662368774,-0.009484350681304932,0.4545425772666931,0.6133340001106262,-0.003440220607444644,0.4594845473766327,0.6214242577552795,0.0016549210995435715
0.3512665927410126,0.6515249013900757,4.1608467782339176e-09,0.3635414242744446,0.6047199964523315,0.016342557966709137,0.3828893303871155,0.5812825560569763,0.021618414670228958,0.39978155493736267,0.5798323750495911,0.022976666688919067,0.41224151849746704,0.5883369445800781,0.02385028824210167,0.39517003297805786,0.5654217600822449,0.013477012515068054,0.42382749915122986,0.5704277753829956,0.016135938465595245,0.43488216400146484,0.5859490036964417,0.019956594333052635,0.4384864270687103,0.6026841998100281,0.02304907515645027,0.40581926703453064,0.5790072083473206,0.003637400222942233,0.4405309557914734,0.5654048919677734,0.00475263549014926,0.45290327072143555,0.5779519081115723,0.007938404567539692,0.4566861689090729,0.5937464237213135,0.011547000147402287,0.41361361742019653,0.601698100566864,-0.004975913092494011,0.44652432203292847,0.5771830677986145,-0.003715578932315111,0.45892682671546936,0.5892857909202576,0.0001587813749210909,0.4643935263156891,0.6026744842529297,0.003566420404240489,0.41797497868537903,0.6317515969276428,-0.012264215387403965,0.4447156488895416,0.6106227040290833,-0.009200491942465305,0.45485177636146545,0.6162253022193909,-0.003362073330208659,0.45926037430763245,0.6252508759498596,0.0015493709361180663
0.3524075448513031,0.6583428382873535,1.5019335108945597e-08,0.36516091227531433,0.6090627908706665,0.014645066112279892,0.38408082723617554,0.5846424102783203,0.018588408827781677,0.4019412398338318,0.5833774209022522,0.018990185111761093,0.415376216173172,0.5929827690124512,0.01900898478925228,0.3951578438282013,0.5674803256988525,0.010163800790905952,0.4251195788383484,0.5720691084861755,0.012162553146481514,0.4367096424102783,0.5873144865036011,0.015630774199962616,0.44133463501930237,0.6038831472396851,0.018314247950911522,0.40592101216316223,0.5828275680541992,0.0009295466588810086,0.44070887565612793,0.5675761103630066,0.0014172104420140386,0.4524747133255005,0.5796307325363159,0.004102123901247978,0.4561406672000885,0.5956869125366211,0.007197594735771418,0.41380709409713745,0.606429398059845,-0.0069835796020925045,0.4463154077529907,0.5802517533302307,-0.0057380227372050285,0.45833516120910645,0.591387152671814,-0.0019368232460692525,0.4639385938644409,0.6045249700546265,0.001124582951888442,0.41808897256851196,0.636188805103302,-0.01371384970843792,0.44417890906333923,0.6138789057731628,-0.010985749773681164,0.4542636573314667,0.6187924742698669,-0.005450588185340166,0.4594827890396118,0.6271244883537292,-0.0008315799059346318
0.3538191020488739,0.6628031730651855,2.5944494552732067e-08,0.3662045896053314,0.6130491495132446,0.015405789948999882,0.3843553960323334,0.5887618064880371,0.019335957244038582,0.4022703766822815,0.5865023136138916,0.01981029100716114,0.4162975549697876,0.5957879424095154,0.019921675324440002,0.39455971121788025,0.5691044926643372,0.00838974118232727,0.4259777069091797,0.573110818862915,0.010686625726521015,0.4376699924468994,0.5895481705665588,0.015353256836533546,0.44206738471984863,0.6081396341323853,0.019017908722162247,0.40523985028266907,0.5850273966789246,-0.000928498397115618,0.44183698296546936,0.5689484477043152,-0.0006916060228832066,0.45376506447792053,0.5816723108291626,0.0027245611418038607,0.4573938846588135,0.5986518263816833,0.006472903769463301,0.41304200887680054,0.6091570854187012,-0.00857566762715578,0.4473935067653656,0.5826416611671448,-0.007543408777564764,0.4592641592025757,0.5941170454025269,-0.0031424970366060734,0.4642695486545563,0.6076263785362244,0.0004924607346765697,0.4170973598957062,0.6392634510993958,-0.014831151813268661,0.4442748427391052,0.6160169243812561,-0.011864145286381245,0.45442625880241394,0.6203988194465637,-0.005809641908854246,0.45958051085472107,0.6281651854515076,-0.0007287851767614484
0.3538838326931,0.6678590774536133,2.977001578585714e-08,0.365095317363739,0.616082489490509,0.014784888364374638,0.3836057484149933,0.5890375971794128,0.01834748685359955,0.40125393867492676,0.5862812995910645,0.01829102449119091,0.4157620072364807,0.5953530073165894,0.01787610538303852,0.3953012526035309,0.5696892738342285,0.009058551862835884,0.4281955063343048,0.5700234770774841,0.010303524322807789,0.43968331813812256,0.585859477519989,0.013301056809723377,0.4440086781978607,0.6036968231201172,0.015938645228743553,0.4056297242641449,0.5856151580810547,-0.0003546213556546718,0.44223520159721375,0.5707470774650574,0.00025048304814845324,0.45498621463775635,0.5833451151847839,0.0028649147134274244,0.4593791365623474,0.599988579750061,0.005794117692857981,0.4135167896747589,0.6100661754608154,-0.008374323137104511,0.44750651717185974,0.5857025980949402,-0.0070478590205311775,0.4600848853588104,0.5963606238365173,-0.003396611660718918,0.4656849503517151,0.6090851426124573,-0.00043521952466107905,0.41793838143348694,0.6409174799919128,-0.015138817019760609,0.44490617513656616,0.6176992058753967,-0.01175090204924345,0.45516037940979004,0.6213619709014893,-0.005625440273433924,0.4601556956768036,0.6290460228919983,-0.0006047582719475031
0.3544023036956787,0.6754934787750244,3.73800856934281e-09,0.3625457286834717,0.6235135793685913,0.01252279058098793,0.37967944145202637,0.5932524800300598,0.015659861266613007,0.39720669388771057,0.5868557691574097,0.015860212966799736,0.4115527272224426,0.5923174023628235,0.015898700803518295,0.39492928981781006,0.5740309953689575,0.0058781979605555534,0.4274669289588928,0.566053032875061,0.0064381263218820095,0.4388582110404968,0.5795331597328186,0.009611023589968681,0.4423949718475342,0.5948187112808228,0.012478371150791645,0.4056844711303711,0.5920780897140503,-0.002556443214416504,0.44141098856925964,0.5732942223548889,-0.0023399018682539463,0.45404237508773804,0.5849966406822205,0.000195935252122581,0.45823246240615845,0.6005409359931946,0.0029643552843481302,0.4138687551021576,0.6173904538154602,-0.00975021068006754,0.4469566345214844,0.5901283621788025,-0.009317047894001007,0.4607430398464203,0.5983290076255798,-0.006238813977688551,0.4675138294696808,0.6093726754188538,-0.0036979143042117357,0.41833552718162537,0.6482630372047424,-0.015812255442142487,0.444644033908844,0.6222193837165833,-0.014194195158779621,0.45574742555618286,0.6232793927192688,-0.00925521831959486,0.4615599513053894,0.6289420127868652,-0.004953440278768539
0.3572500944137573,0.6801761388778687,-6.777371552857403e-09,0.36544671654701233,0.6295682191848755,0.011008331552147865,0.381621390581131,0.6001386046409607,0.01315623801201582,0.3985752761363983,0.5934178233146667,0.01268009189516306,0.41258567571640015,0.5991683006286621,0.012122642248868942,0.3960746228694916,0.5792621970176697,0.0038274601101875305,0.4288530647754669,0.5682838559150696,0.003611125983297825,0.43911057710647583,0.5814763903617859,0.006202188786119223,0.44189196825027466,0.5956839323043823,0.008519820868968964,0.4064796268939972,0.5974371433258057,-0.0041087414138019085,0.44171375036239624,0.5766434073448181,-0.004545806907117367,0.4530632197856903,0.5881158709526062,-0.0025933468714356422,0.45702534914016724,0.6019920110702515,-0.0005262159393168986,0.4143770933151245,0.6228922605514526,-0.01093713752925396,0.4468957185745239,0.5942453145980835,-0.011070885695517063,0.4611465632915497,0.6004526615142822,-0.008551443926990032,0.4691431522369385,0.6091352105140686,-0.0066740987822413445,0.41926759481430054,0.6541171669960022,-0.0167374424636364,0.44457635283470154,0.6272772550582886,-0.015648266300559044,0.4558523893356323,0.6258078217506409,-0.01141933724284172,0.46284130215644836,0.6278390884399414,-0.007932869717478752
0.3563115894794464,0.683383584022522,2.718335778695291e-08,0.36766406893730164,0.6334726810455322,0.011152710765600204,0.38551491498947144,0.6053981781005859,0.013103734701871872,0.40317171812057495,0.6002039909362793,0.01235257089138031,0.4177604913711548,0.605785071849823,0.011422574520111084,0.3967001140117645,0.5865886807441711,0.003013883950188756,0.4328470528125763,0.5733888149261475,0.0015857204562053084,0.4456363916397095,0.5850202441215515,0.003193562151864171,0.45048457384109497,0.5982769727706909,0.0051132491789758205,0.405833899974823,0.6050072908401489,-0.0051033999770879745,0.44274333119392395,0.5823160409927368,-0.006300669629126787,0.45616400241851807,0.5929813981056213,-0.004715124145150185,0.4614270031452179,0.6060578227043152,-0.002681730082258582,0.4132143259048462,0.6302747130393982,-0.012081518769264221,0.4468163847923279,0.60014408826828,-0.012388519942760468,0.4625277519226074,0.6053004264831543,-0.009630594402551651,0.47155332565307617,0.6128290295600891,-0.007405127864331007,0.4181944727897644,0.6612998247146606,-0.0180644728243351,0.4441772997379303,0.6318456530570984,-0.017194924876093864,0.45687323808670044,0.6278127431869507,-0.01307168323546648,0.465333491563797,0.62762451171875,-0.009433089755475521
0.3570246994495392,0.6906255483627319,5.189906460145721e-08,0.3701285123825073,0.641225278377533,0.012793181464076042,0.38739222288131714,0.6126168370246887,0.015171988867223263,0.4053233861923218,0.6068140268325806,0.014281638897955418,0.4198848605155945,0.6114909052848816,0.013150623999536037,0.39450395107269287,0.5909188985824585,0.005211793817579746,0.431421160697937,0.5777149200439453,0.003561765654012561,0.44674035906791687,0.5883938074111938,0.004410821013152599,0.45457136631011963,0.6000491380691528,0.005589320324361324,0.40404173731803894,0.6068289279937744,-0.003983685746788979,0.4411695599555969,0.5817998051643372,-0.005204648710787296,0.4568493962287903,0.5915553569793701,-0.003989587537944317,0.4642164409160614,0.6043583750724792,-0.0023729654494673014,0.4118845760822296,0.6304928064346313,-0.012056656181812286,0.4449789822101593,0.5988664031028748,-0.012019307352602482,0.4621266722679138,0.603663980960846,-0.009216004982590675,0.4730493426322937,0.6112012267112732,-0.007214603945612907,0.4178819954395294,0.6617145538330078,-0.019159415736794472,0.44315454363822937,0.6318271160125732,-0.018089106306433678,0.456596314907074,0.6268935799598694,-0.01416862104088068,0.46681052446365356,0.6258940696716309,-0.010837429203093052
0.35659465193748474,0.6997517347335815,7.297363424640935e-08,0.36977747082710266,0.6500585675239563,0.011304629035294056,0.38676872849464417,0.6191924214363098,0.01252437848597765,0.4053545594215393,0.6113152503967285,0.010484405793249607,0.42049112915992737,0.6140691637992859,0.00796371977776289,0.39444223046302795,0.5980026125907898,0.0032114300411194563,0.4317869246006012,0.5803202986717224,-0.0006555215222761035,0.4489600658416748,0.5884640216827393,-0.0019451654516160488,0.4589621126651764,0.5987827777862549,-0.00221668160520494,0.40270623564720154,0.6137691140174866,-0.006207483820617199,0.4400048553943634,0.5843662619590759,-0.009859132580459118,0.45691096782684326,0.5924003720283508,-0.01069361437112093,0.46533259749412537,0.605198860168457,-0.010265471413731575,0.4101923108100891,0.6376685500144958,-0.014674521051347256,0.44311124086380005,0.6027138233184814,-0.016669828444719315,0.46153655648231506,0.6055600643157959,-0.015509248711168766,0.4735862612724304,0.6120381951332092,-0.014306827448308468,0.41667792201042175,0.6691022515296936,-0.022288452833890915,0.441218763589859,0.6356241703033447,-0.02321382611989975,0.45554137229919434,0.6283807754516602,-0.020813094452023506,0.46724778413772583,0.6260185241699219,-0.01836778037250042
0.35785573720932007,0.707628071308136,7.186689288118941e-08,0.369671106338501,0.6553430557250977,0.01079048216342926,0.38513630628585815,0.6228817701339722,0.011932973749935627,0.40333425998687744,0.6138171553611755,0.01013488695025444,0.41824954748153687,0.6170424222946167,0.007811145391315222,0.3952479958534241,0.6051356792449951,0.002158375456929207,0.4325423240661621,0.5851874351501465,-0.001715734601020813,0.44953614473342896,0.5913225412368774,-0.002999114105477929,0.4594767689704895,0.6007373332977295,-0.003204250941053033,0.40399056673049927,0.621749222278595,-0.006571801844984293,0.44036924839019775,0.5904831290245056,-0.010177113115787506,0.45682141184806824,0.5964846611022949,-0.010793406516313553,0.46540379524230957,0.6084292531013489,-0.010161537677049637,0.41151678562164307,0.6453979015350342,-0.014287229627370834,0.4431764483451843,0.6093414425849915,-0.01599893905222416,0.460976779460907,0.609653890132904,-0.014437266625463963,0.4732227325439453,0.614285409450531,-0.012992622330784798,0.41768983006477356,0.6755622029304504,-0.021177776157855988,0.44062283635139465,0.6405085325241089,-0.021774860098958015,0.45400214195251465,0.6300565004348755,-0.019091984257102013,0.46544164419174194,0.6247050762176514,-0.016429714858531952
0.35688871145248413,0.7113186717033386,5.706572636654528e-08,0.3708030581474304,0.6599019765853882,0.014024595730006695,0.38653135299682617,0.6299071907997131,0.016763392835855484,0.4045287072658539,0.6205413937568665,0.015858188271522522,0.41884011030197144,0.6231279373168945,0.01424633339047432,0.39381641149520874,0.6093904972076416,0.007185039576143026,0.42982202768325806,0.5917363166809082,0.0051413048058748245,0.4472234845161438,0.5977182388305664,0.004985187202692032,0.4583769738674164,0.6070618033409119,0.005152795929461718,0.40302902460098267,0.6238153576850891,-0.003043358214199543,0.43853676319122314,0.5912121534347534,-0.005613385234028101,0.4550071954727173,0.5970662832260132,-0.00547715974971652,0.4641574025154114,0.6085159778594971,-0.004366500303149223,0.41069668531417847,0.6462602615356445,-0.012131442315876484,0.44202035665512085,0.6081933379173279,-0.01336740143597126,0.46048083901405334,0.6086280941963196,-0.011028725653886795,0.47354578971862793,0.6125845313072205,-0.009052244015038013,0.41687431931495667,0.676430881023407,-0.02017117105424404,0.4399310350418091,0.6388427019119263,-0.020517444238066673,0.45393872261047363,0.6281373500823975,-0.0173769723623991,0.46617841720581055,0.6221818327903748,-0.014432600699365139
0.3556264340877533,0.7162357568740845,6.074424874213946e-08,0.3713497221469879,0.6644952893257141,0.014416081830859184,0.387337327003479,0.6342208385467529,0.017158914357423782,0.4051929712295532,0.6248611807823181,0.01615704409778118,0.4192844331264496,0.6267974376678467,0.014403507113456726,0.392808198928833,0.6129811406135559,0.00708417035639286,0.42884907126426697,0.5955803990364075,0.00484846904873848,0.4458489716053009,0.6017318964004517,0.0044473642483353615,0.45721200108528137,0.6117866039276123,0.004367234650999308,0.40166786313056946,0.6278288960456848,-0.0035599451512098312,0.4373103678226471,0.5945631861686707,-0.006284625735133886,0.4541185796260834,0.5993564128875732,-0.0063949753530323505,0.4640957713127136,0.6108993887901306,-0.005479143466800451,0.4091184735298157,0.6509032845497131,-0.012990050949156284,0.4404785633087158,0.6119632124900818,-0.014219231903553009,0.4584018290042877,0.6119651198387146,-0.011787387542426586,0.47147971391677856,0.6156110763549805,-0.009803742170333862,0.41508767008781433,0.6816898584365845,-0.021347729489207268,0.43687134981155396,0.6433679461479187,-0.021616561338305473,0.449726402759552,0.6316208243370056,-0.018249187618494034,0.46121829748153687,0.6248645782470703,-0.015167813748121262
0.3561021387577057,0.7185908555984497,6.568934196593545e-08,0.3693203926086426,0.6678973436355591,0.013445984572172165,0.3841620683670044,0.6351808905601501,0.015853792428970337,0.4018906056880951,0.6233184337615967,0.014714084565639496,0.416445791721344,0.6234808564186096,0.012796323746442795,0.3906294107437134,0.6137381792068481,0.004851462319493294,0.42695215344429016,0.5937622785568237,0.0017531501362100244,0.4445137679576874,0.5995886921882629,0.0010793806286528707,0.45595404505729675,0.6102421283721924,0.0010744582396000624,0.39978185296058655,0.6284095048904419,-0.005404300056397915,0.4353311359882355,0.5925279259681702,-0.008967353031039238,0.4531027376651764,0.596438467502594,-0.009238609112799168,0.4636378884315491,0.6081740260124207,-0.008235977031290531,0.4077546298503876,0.6515159010887146,-0.014491927810013294,0.4385940730571747,0.6109154224395752,-0.016737161204218864,0.4577760100364685,0.6101972460746765,-0.014885586686432362,0.47153961658477783,0.6140011548995972,-0.012992235831916332,0.4147823452949524,0.6817216873168945,-0.022495191544294357,0.43752968311309814,0.6417384743690491,-0.023685818538069725,0.451367050409317,0.6297227740287781,-0.020889243111014366,0.46371620893478394,0.6235390901565552,-0.01799619570374489
0.35600462555885315,0.7190867066383362,7.636263887889072e-08,0.36834242939949036,0.6670070290565491,0.013392377644777298,0.3839898705482483,0.6338014602661133,0.015625668689608574,0.4027863144874573,0.623206377029419,0.014415794983506203,0.4179765582084656,0.6244320869445801,0.012380971573293209,0.38925355672836304,0.6127744913101196,0.00368665624409914,0.4258309304714203,0.5916852951049805,0.0006755861104466021,0.4435633420944214,0.596759021282196,0.0003429909120313823,0.45488062500953674,0.606622040271759,0.0006484289770014584,0.39884769916534424,0.6283556818962097,-0.006440848112106323,0.4343568682670593,0.5908653140068054,-0.010011626407504082,0.45230284333229065,0.5939124822616577,-0.010012428276240826,0.4627333879470825,0.6050688028335571,-0.008765291422605515,0.4071550965309143,0.6522471904754639,-0.015282207168638706,0.4381364583969116,0.6104708909988403,-0.017439967021346092,0.4574196934700012,0.6092734336853027,-0.015406648628413677,0.47086310386657715,0.612639307975769,-0.013346436433494091,0.4144562780857086,0.6827762722969055,-0.02298669144511223,0.43773436546325684,0.6426044702529907,-0.023940572515130043,0.4518323838710785,0.6305348873138428,-0.02093343250453472,0.4641753137111664,0.6241139769554138,-0.017878979444503784
0.3566563129425049,0.7206785082817078,7.206374874613175e-08,0.36830347776412964,0.6685096025466919,0.014295831322669983,0.38338136672973633,0.6346738934516907,0.01683327741920948,0.4014683663845062,0.6228826642036438,0.0157770998775959,0.416420042514801,0.6235545873641968,0.013824084773659706,0.38831084966659546,0.6122612953186035,0.0036225507501512766,0.4246850609779358,0.5912884473800659,0.0012122970074415207,0.44245532155036926,0.5967925190925598,0.0015265729743987322,0.4535718858242035,0.6064921617507935,0.0021886820904910564,0.3981856405735016,0.6273286938667297,-0.006937422789633274,0.43398788571357727,0.5905300378799438,-0.009977010078728199,0.45237696170806885,0.5941983461380005,-0.009624275378882885,0.4627332389354706,0.605650782585144,-0.008358117192983627,0.4069577157497406,0.6510918140411377,-0.016032317653298378,0.43813356757164,0.6101265549659729,-0.01770620048046112,0.45716217160224915,0.6103206276893616,-0.015613227151334286,0.4699988067150116,0.6149755716323853,-0.013771770521998405,0.41475990414619446,0.6815605163574219,-0.02388574555516243,0.43812721967697144,0.6417317986488342,-0.02443164587020874,0.4520145058631897,0.6313816905021667,-0.021244347095489502,0.4638376832008362,0.6267970204353333,-0.01824054680764675
0.3563428819179535,0.7226607203483582,6.359407933587136e-08,0.36711883544921875,0.67116379737854,0.01475780550390482,0.3820303976535797,0.6359224915504456,0.017870990559458733,0.3997539281845093,0.6218459606170654,0.01724826544523239,0.41452673077583313,0.620898962020874,0.015743199735879898,0.3877691924571991,0.612781822681427,0.0059267571195960045,0.4237768054008484,0.5920388102531433,0.0039678579196333885,0.4411560893058777,0.5970914363861084,0.00414130836725235,0.4521193206310272,0.6060638427734375,0.004622577223926783,0.397630512714386,0.6272910833358765,-0.004806002136319876,0.43351101875305176,0.5915553569793701,-0.0072622536681592464,0.4516948461532593,0.595609724521637,-0.0070341769605875015,0.46229732036590576,0.6070096492767334,-0.005896494723856449,0.406688928604126,0.6507945656776428,-0.014206252060830593,0.43786683678627014,0.6116573214530945,-0.015479007735848427,0.4567710757255554,0.6118834614753723,-0.013650492765009403,0.46966221928596497,0.6159839630126953,-0.012123792432248592,0.41508162021636963,0.6810502409934998,-0.02236822061240673,0.438169002532959,0.6426773071289062,-0.022476723417639732,0.4517165422439575,0.6322907209396362,-0.019378405064344406,0.4632554054260254,0.6269699931144714,-0.016623493283987045
0.3558874726295471,0.7240407466888428,7.476434404907195e-08,0.3671357333660126,0.672055184841156,0.014271463267505169,0.38219597935676575,0.6373333930969238,0.01661343313753605,0.4004646837711334,0.6246976852416992,0.015326800756156445,0.4157388210296631,0.6253933906555176,0.01321779191493988,0.3870226740837097,0.6139437556266785,0.0037966372910887003,0.4233536720275879,0.59408038854599,0.0013727900804951787,0.440604567527771,0.6004239320755005,0.0018644953379407525,0.4512094259262085,0.6114072203636169,0.0027132490649819374,0.396531343460083,0.6283462643623352,-0.006963698659092188,0.4330351650714874,0.5907680988311768,-0.010528795421123505,0.4516560435295105,0.5948790907859802,-0.010227474384009838,0.4622952342033386,0.607474684715271,-0.008658016100525856,0.4054786264896393,0.6523028612136841,-0.016275543719530106,0.4372875988483429,0.6114928722381592,-0.01822793111205101,0.4564161002635956,0.6123467683792114,-0.016197752207517624,0.46909648180007935,0.6171653866767883,-0.014202226884663105,0.41386622190475464,0.6831680536270142,-0.0243434626609087,0.4375320374965668,0.6439608335494995,-0.02460838481783867,0.4510689973831177,0.6338173151016235,-0.02120332233607769,0.4624325633049011,0.6291669607162476,-0.018042119219899178
0.3550698757171631,0.7258947491645813,7.119880507389098e-08,0.3658204674720764,0.6732698678970337,0.014818399213254452,0.38082942366600037,0.6389699578285217,0.0171857550740242,0.39944636821746826,0.6272062063217163,0.015838414430618286,0.4150383770465851,0.6292514801025391,0.013623962178826332,0.3858407437801361,0.6156216859817505,0.0038288235664367676,0.42137983441352844,0.5971558690071106,0.001620319439098239,0.4387727975845337,0.6036801338195801,0.0026152392383664846,0.4495652914047241,0.6156674027442932,0.0038025141693651676,0.39589229226112366,0.6300531029701233,-0.007259795907884836,0.43166258931159973,0.5910754203796387,-0.01106290239840746,0.450239360332489,0.5937128663063049,-0.010384107939898968,0.46104124188423157,0.6059108376502991,-0.008486391976475716,0.40490397810935974,0.6538246273994446,-0.016833888366818428,0.4368757903575897,0.6119829416275024,-0.019025703892111778,0.4558005630970001,0.6123561859130859,-0.016560452058911324,0.46837931871414185,0.6168549060821533,-0.014169634319841862,0.41294923424720764,0.6843767762184143,-0.0251080933958292,0.4370709955692291,0.6450449824333191,-0.025426678359508514,0.45079565048217773,0.6343181133270264,-0.02177715115249157,0.46243298053741455,0.6286898255348206,-0.018423615023493767
0.3549289107322693,0.728108823299408,6.364187044027858e-08,0.3651822805404663,0.6760534048080444,0.015579577535390854,0.3801861107349396,0.6422975063323975,0.018264781683683395,0.39867010712623596,0.6309500336647034,0.01699831523001194,0.41470867395401,0.6328823566436768,0.014750167727470398,0.3859807550907135,0.6196203231811523,0.005092555191367865,0.42147254943847656,0.599434494972229,0.0030778448563069105,0.4388008713722229,0.6048293113708496,0.003945610020309687,0.4497179388999939,0.6155282258987427,0.004981318488717079,0.3959166705608368,0.6329799294471741,-0.006308538839221001,0.43124276399612427,0.5924757122993469,-0.009820458479225636,0.44934436678886414,0.595659077167511,-0.009124639444053173,0.45966964960098267,0.6081998944282532,-0.007332527544349432,0.40478259325027466,0.6557475924491882,-0.01622413843870163,0.4365018308162689,0.6127978563308716,-0.018195027485489845,0.45524096488952637,0.6141555309295654,-0.015800291672348976,0.4676128923892975,0.6197620630264282,-0.013613801449537277,0.41275525093078613,0.6850866079330444,-0.02480349689722061,0.4364805221557617,0.6461006999015808,-0.02513240836560726,0.45036008954048157,0.6360430717468262,-0.02176833525300026,0.4620223939418793,0.6308945417404175,-0.018742602318525314
0.35330426692962646,0.7284868955612183,5.97453038153617e-08,0.3647284507751465,0.6762359142303467,0.015461008995771408,0.38049328327178955,0.6442312598228455,0.018351251259446144,0.3989076018333435,0.6348848938941956,0.017291786149144173,0.4144812226295471,0.637920081615448,0.01532735675573349,0.38449355959892273,0.622397243976593,0.006306419149041176,0.4199991524219513,0.6020740866661072,0.004269501660019159,0.43713441491127014,0.6072460412979126,0.004795781336724758,0.44813650846481323,0.6175923943519592,0.0056191072799265385,0.3947984576225281,0.6356065273284912,-0.004742609802633524,0.42987707257270813,0.5950765013694763,-0.008372697979211807,0.44713860750198364,0.5989956855773926,-0.00791633129119873,0.4568450152873993,0.6115006804466248,-0.00618785573169589,0.4037032425403595,0.6573493480682373,-0.014369173906743526,0.4349393844604492,0.6132925748825073,-0.016164349392056465,0.45277315378189087,0.6149663925170898,-0.01337695773690939,0.4647449553012848,0.620993971824646,-0.0107575673609972,0.41145551204681396,0.6861910820007324,-0.022721022367477417,0.43492820858955383,0.6461721062660217,-0.02219749614596367,0.44827696681022644,0.6372472047805786,-0.01797417737543583,0.45924392342567444,0.633463978767395,-0.014293985441327095
0.3530607521533966,0.72834312915802,5.453314955161659e-08,0.36339715123176575,0.6774603128433228,0.013091360218822956,0.3792739510536194,0.6440747976303101,0.015402288176119328,0.39746367931365967,0.6336100697517395,0.01386240404099226,0.4129330515861511,0.6348071098327637,0.011736159212887287,0.38341084122657776,0.6211032271385193,0.007040781434625387,0.4180706739425659,0.5987733602523804,0.0034059302415698767,0.43565434217453003,0.6050141453742981,0.0018441430293023586,0.4466899037361145,0.6151040196418762,0.0013450003461912274,0.3932437002658844,0.6322814226150513,-0.003158015664666891,0.42729076743125916,0.5954354405403137,-0.0068022627383470535,0.44449904561042786,0.6008128523826599,-0.007608923129737377,0.45407184958457947,0.6132169365882874,-0.0071826716884970665,0.40224185585975647,0.6519907712936401,-0.012575585395097733,0.4318382740020752,0.6109985709190369,-0.014694388024508953,0.4507290720939636,0.6128748655319214,-0.01356818713247776,0.4638788104057312,0.6198827028274536,-0.012344502843916416,0.41102859377861023,0.6791284084320068,-0.021082160994410515,0.43416374921798706,0.6412989497184753,-0.021300973370671272,0.4482744336128235,0.632766604423523,-0.01855168305337429,0.4600212574005127,0.6296860575675964,-0.016124805435538292
0.35293030738830566,0.7258048057556152,7.171477278689053e-08,0.36247798800468445,0.6755114197731018,0.011876891367137432,0.3787570297718048,0.6422202587127686,0.013921142555773258,0.3966062366962433,0.6316526532173157,0.012214867398142815,0.41214022040367126,0.6311635375022888,0.010084696114063263,0.38282033801078796,0.6206640601158142,0.006783236749470234,0.41652530431747437,0.5957183837890625,0.00217487127520144,0.4348158836364746,0.6019250154495239,-0.0001302562450291589,0.4462133049964905,0.6130231618881226,-0.0007964858668856323,0.3917427957057953,0.629892885684967,-0.0028134307358413935,0.4254950284957886,0.5928438305854797,-0.007286908570677042,0.44380897283554077,0.5985746383666992,-0.008817482739686966,0.4540754556655884,0.6119855046272278,-0.00859074667096138,0.4004284143447876,0.6483162641525269,-0.011809591203927994,0.43005305528640747,0.6079723834991455,-0.01473912037909031,0.44989603757858276,0.610584557056427,-0.014405065216124058,0.4632795751094818,0.6188115477561951,-0.013317566365003586,0.4092363119125366,0.675058901309967,-0.02000315859913826,0.4331314265727997,0.637666642665863,-0.0206148698925972,0.447491854429245,0.6311759352684021,-0.01806933991611004,0.4586859941482544,0.6309565305709839,-0.015533042140305042
0.35267457365989685,0.7227948307991028,8.79452315416529e-08,0.36211535334587097,0.673431396484375,0.010891497135162354,0.3789385259151459,0.6406934857368469,0.012506491504609585,0.39678800106048584,0.6305904388427734,0.010466108098626137,0.4120389223098755,0.6293131113052368,0.008115625008940697,0.38271409273147583,0.6192548871040344,0.0061114998534321785,0.4168878197669983,0.5940211415290833,0.0007769523654133081,0.4361170828342438,0.6004028916358948,-0.0021170361433178186,0.4479890465736389,0.6118847727775574,-0.0030731477309018373,0.39132192730903625,0.6274268627166748,-0.00314801256172359,0.4252679944038391,0.5907367467880249,-0.007809212896972895,0.4446812868118286,0.5973122715950012,-0.009596941992640495,0.45558375120162964,0.6110426187515259,-0.009664955548942089,0.39995208382606506,0.644879937171936,-0.011951218359172344,0.4298565685749054,0.6043282151222229,-0.015264824032783508,0.4505143463611603,0.6082302927970886,-0.015137814916670322,0.464184045791626,0.6180076599121094,-0.014185767620801926,0.4091282784938812,0.670867383480072,-0.020071854814887047,0.4330836534500122,0.6338973641395569,-0.02109081856906414,0.44782963395118713,0.6288632154464722,-0.01873112842440605,0.4589824676513672,0.6305215954780579,-0.016302457079291344
0.353826642036438,0.7209993004798889,9.138170753431041e-08,0.3634352385997772,0.670712947845459,0.011822609230875969,0.3796897232532501,0.6381592750549316,0.013759300112724304,0.3968528211116791,0.6274518370628357,0.011828782968223095,0.41184231638908386,0.6251509189605713,0.009488613344728947,0.38403797149658203,0.6167830228805542,0.007615445647388697,0.41767817735671997,0.5914345383644104,0.0030412094201892614,0.4367234408855438,0.5958939790725708,0.0008828851277939975,0.4484761953353882,0.6061590909957886,0.00045979730202816427,0.39221200346946716,0.6244332194328308,-0.002049995120614767,0.42628714442253113,0.5885482430458069,-0.006155488546937704,0.4457302987575531,0.5941097736358643,-0.007283561397343874,0.45669522881507874,0.6070899963378906,-0.006759315263479948,0.4005861282348633,0.6415121555328369,-0.011223428882658482,0.43049249053001404,0.6008222103118896,-0.014066589064896107,0.450823038816452,0.6043601036071777,-0.013095018453896046,0.46418142318725586,0.6139050722122192,-0.01146165281534195,0.40960943698883057,0.6673482060432434,-0.019655928015708923,0.43336302042007446,0.6285483837127686,-0.020363589748740196,0.44795143604278564,0.6233027577400208,-0.017311982810497284,0.4588906764984131,0.6253788471221924,-0.014217756688594818
0.35327664017677307,0.7190625667572021,7.639444277174334e-08,0.36357754468917847,0.6712996959686279,0.01212445180863142,0.3797023296356201,0.6382458806037903,0.014148293063044548,0.3959989845752716,0.6267610788345337,0.012156467884778976,0.4106082618236542,0.6236088871955872,0.00975183118134737,0.3842279314994812,0.6145496368408203,0.008925484493374825,0.4173083007335663,0.5901622772216797,0.005209044087678194,0.43579167127609253,0.595504105091095,0.0033313455060124397,0.44742393493652344,0.6057043075561523,0.0027167554944753647,0.3918737471103668,0.6212130784988403,-0.0010631863260641694,0.42605409026145935,0.5868911147117615,-0.004345515742897987,0.4445561170578003,0.5938059687614441,-0.005398517474532127,0.45538589358329773,0.6068463325500488,-0.00518181873485446,0.40009841322898865,0.6373350620269775,-0.010608220472931862,0.43009036779403687,0.5978380441665649,-0.012524758465588093,0.4499378800392151,0.6019710898399353,-0.011573482304811478,0.46334895491600037,0.6114895939826965,-0.010481064207851887,0.40920761227607727,0.6621964573860168,-0.019478393718600273,0.43204617500305176,0.6243320107460022,-0.019598860293626785,0.4464035928249359,0.6194781064987183,-0.016715634614229202,0.45730751752853394,0.6216638684272766,-0.014159907586872578
0.3526258170604706,0.7193312644958496,8.457343625423164e-08,0.3639923930168152,0.6735426783561707,0.012686190195381641,0.38050052523612976,0.6407538652420044,0.015021296218037605,0.39678511023521423,0.6288855671882629,0.013080337084829807,0.4110665023326874,0.6258481740951538,0.010566079057753086,0.3832496702671051,0.6155759692192078,0.00960844662040472,0.4173700511455536,0.5927377939224243,0.005623945500701666,0.43714451789855957,0.5982760787010193,0.003168959403410554,0.45037105679512024,0.6070798635482788,0.0019557715859264135,0.39016517996788025,0.6215729117393494,-0.0008529408369213343,0.42561012506484985,0.5898009538650513,-0.004395878873765469,0.4455339014530182,0.5979532599449158,-0.006005721632391214,0.45790427923202515,0.6103675961494446,-0.006388660985976458,0.39804187417030334,0.6371603012084961,-0.01087165717035532,0.42870092391967773,0.5991879105567932,-0.01330412458628416,0.4495873749256134,0.6043768525123596,-0.01268237829208374,0.4639124572277069,0.6139473915100098,-0.011890513822436333,0.4073939621448517,0.6611683964729309,-0.02020694687962532,0.43040263652801514,0.6238631010055542,-0.020842716097831726,0.44559919834136963,0.6189259886741638,-0.018326014280319214,0.4575435519218445,0.6204104423522949,-0.016171913594007492
0.35197049379348755,0.7198715209960938,7.641475718855872e-08,0.3636944890022278,0.6737470626831055,0.013694684952497482,0.3801434338092804,0.640640914440155,0.016499819234013557,0.39626994729042053,0.6277866363525391,0.014686749316751957,0.4104522466659546,0.6240500807762146,0.012329730205237865,0.38281816244125366,0.617900550365448,0.010955311357975006,0.4155757427215576,0.5927647352218628,0.006899980362504721,0.4355400502681732,0.6001704931259155,0.00447686854749918,0.44849568605422974,0.6118338108062744,0.0035094916820526123,0.38902491331100464,0.6236647963523865,9.679315553512424e-06,0.4229087233543396,0.5914415717124939,-0.0035877940244972706,0.4432973265647888,0.6008356213569641,-0.005203506909310818,0.4554799795150757,0.6151583790779114,-0.005528485868126154,0.39661306142807007,0.638207197189331,-0.010500416159629822,0.42696329951286316,0.6011102795600891,-0.012676160782575607,0.4479576647281647,0.6081372499465942,-0.011977821588516235,0.4616394639015198,0.6209297776222229,-0.01107307430356741,0.40615543723106384,0.6610462069511414,-0.02031508833169937,0.42940229177474976,0.6247580051422119,-0.02068542130291462,0.44527941942214966,0.6206150054931641,-0.018250025808811188,0.45715445280075073,0.624309778213501,-0.016096368432044983
0.35185495018959045,0.7188953757286072,7.002278579193444e-08,0.3625124990940094,0.6732102036476135,0.01270415261387825,0.37965381145477295,0.6387192606925964,0.015304436907172203,0.39593636989593506,0.6253827810287476,0.01357118971645832,0.41048893332481384,0.620947539806366,0.011449109762907028,0.38336241245269775,0.6166676878929138,0.009463932365179062,0.4164491295814514,0.5921766757965088,0.004904545843601227,0.4348469376564026,0.6031909584999084,0.0023372997529804707,0.44599929451942444,0.6179265975952148,0.0015561423497274518,0.38929295539855957,0.6236004829406738,-0.000861023785546422,0.424312949180603,0.594758927822113,-0.0046493117697536945,0.44370928406715393,0.6060576438903809,-0.006421441212296486,0.45487481355667114,0.6219246983528137,-0.006762745324522257,0.39641332626342773,0.6391744613647461,-0.010804102756083012,0.42829030752182007,0.6059926748275757,-0.012749518267810345,0.4487249255180359,0.6141768097877502,-0.012381701730191708,0.46169209480285645,0.6279296875,-0.011720727197825909,0.4053696393966675,0.6622390151023865,-0.0201152004301548,0.42986488342285156,0.629060685634613,-0.02000732161104679,0.44570326805114746,0.6264058351516724,-0.01767953857779503,0.45732688903808594,0.631327748298645,-0.015661977231502533
0.35143259167671204,0.7178049683570862,7.467111373671287e-08,0.36161693930625916,0.6725494861602783,0.012230146676301956,0.3786213994026184,0.6373507976531982,0.014758247882127762,0.3952152132987976,0.6220394968986511,0.013153799809515476,0.4096790850162506,0.6165392398834229,0.011164580471813679,0.38274016976356506,0.6155778169631958,0.008053148165345192,0.4168038070201874,0.591371476650238,0.0033450471237301826,0.43507251143455505,0.6032231450080872,0.0010066244285553694,0.4460299611091614,0.6178745627403259,0.00042330753058195114,0.38857969641685486,0.6228289604187012,-0.001916365115903318,0.42416512966156006,0.594998300075531,-0.005885838530957699,0.4430806636810303,0.606696605682373,-0.007456234190613031,0.45423591136932373,0.6222144961357117,-0.00760439271107316,0.39584556221961975,0.6388630270957947,-0.011458633467555046,0.4283640384674072,0.6070102453231812,-0.013607153668999672,0.44858482480049133,0.6150451302528381,-0.013312716968357563,0.4616214334964752,0.6279445290565491,-0.012622623704373837,0.40485602617263794,0.6623204946517944,-0.02036779560148716,0.4301784932613373,0.6297776699066162,-0.02045401744544506,0.44654226303100586,0.6270382404327393,-0.018368227407336235,0.4589408040046692,0.6314253807067871,-0.016460979357361794
0.3508060574531555,0.7155208587646484,7.407659552427504e-08,0.361288845539093,0.66974276304245,0.012530514039099216,0.3785583972930908,0.6358659267425537,0.015053828246891499,0.39521265029907227,0.6230478882789612,0.013416750356554985,0.4101330041885376,0.6201797723770142,0.011427455581724644,0.38243886828422546,0.614028811454773,0.008714529685676098,0.415397584438324,0.5892500877380371,0.004249676130712032,0.43314868211746216,0.6015517711639404,0.0020073801279067993,0.44367173314094543,0.6173239350318909,0.0014926933217793703,0.3885886073112488,0.621220052242279,-0.0012988097732886672,0.4233028292655945,0.5931675434112549,-0.004952278453856707,0.4422861635684967,0.60491943359375,-0.006576452404260635,0.453278124332428,0.6212220788002014,-0.006815667264163494,0.3957374691963196,0.6372233629226685,-0.01085936464369297,0.42751702666282654,0.6056735515594482,-0.012766838073730469,0.44784989953041077,0.6138181090354919,-0.012616525404155254,0.46085137128829956,0.6272354125976562,-0.012064265087246895,0.40448540449142456,0.6609281301498413,-0.01973084732890129,0.429297536611557,0.6285182237625122,-0.01943577453494072,0.44514140486717224,0.6264230608940125,-0.017106031998991966,0.4569309949874878,0.6316474080085754,-0.015051307156682014
0.350411981344223,0.7136289477348328,6.789751694213919e-08,0.3609713613986969,0.6676177978515625,0.013279218226671219,0.3781278133392334,0.6340581178665161,0.01618746481835842,0.39479923248291016,0.6224534511566162,0.014793265610933304,0.40971675515174866,0.6212910413742065,0.01289513148367405,0.382883220911026,0.6114221215248108,0.009546242654323578,0.4155362844467163,0.5879660844802856,0.005373106338083744,0.43302446603775024,0.6002610921859741,0.0032237477134913206,0.44333234429359436,0.616548478603363,0.002724108751863241,0.38932475447654724,0.6195675134658813,-0.0009240803774446249,0.42361754179000854,0.5925683379173279,-0.004268107004463673,0.44272083044052124,0.6039938926696777,-0.005856246221810579,0.45333996415138245,0.6211593747138977,-0.006047103088349104,0.39628246426582336,0.6366674900054932,-0.010878540575504303,0.4275946021080017,0.6055652499198914,-0.012622714973986149,0.4477156400680542,0.6134756207466125,-0.012367344461381435,0.460307240486145,0.6270812749862671,-0.011689028702676296,0.4046083986759186,0.6613572835922241,-0.02006416581571102,0.42916402220726013,0.6282563209533691,-0.01999243162572384,0.44449713826179504,0.6260059475898743,-0.01759670302271843,0.4556421637535095,0.6316267848014832,-0.01533152349293232
0.3504473567008972,0.7119343280792236,9.504088183120984e-08,0.3627658784389496,0.6654078960418701,0.013645551167428493,0.3803577125072479,0.6333763003349304,0.01607939973473549,0.3972412943840027,0.6221550703048706,0.014074945822358131,0.4115646481513977,0.6205769777297974,0.011365045793354511,0.38427889347076416,0.6091938018798828,0.009125729091465473,0.41892632842063904,0.5920088887214661,0.005152090452611446,0.438155859708786,0.6023805141448975,0.0029370984993875027,0.4498726725578308,0.6166488528251648,0.0022418531589210033,0.3901839852333069,0.6176711320877075,-0.0017873902106657624,0.4264194369316101,0.5929058194160461,-0.005319393239915371,0.44619351625442505,0.6048405170440674,-0.006914056837558746,0.4565737545490265,0.6224471926689148,-0.007009920664131641,0.39677107334136963,0.6352860927581787,-0.012011305429041386,0.4293377697467804,0.6042198538780212,-0.013872827403247356,0.449813574552536,0.6143749952316284,-0.013404132798314095,0.46175074577331543,0.6295519471168518,-0.01252440270036459,0.4044840931892395,0.6607517600059509,-0.02141968347132206,0.4298693537712097,0.6277092099189758,-0.0218155886977911,0.44583895802497864,0.626883864402771,-0.019491691142320633,0.4569736123085022,0.6338468790054321,-0.017173446714878082
0.3503158688545227,0.7103941440582275,9.568019976313735e-08,0.3623877167701721,0.6629405617713928,0.014624664559960365,0.3786340057849884,0.6328173279762268,0.016690537333488464,0.395321249961853,0.623376190662384,0.01413014903664589,0.4097328782081604,0.6238033175468445,0.01070929504930973,0.3832080662250519,0.6096376776695251,0.008453667163848877,0.41829392313957214,0.5930731892585754,0.004213402979075909,0.43768012523651123,0.602429211139679,0.0022482096683233976,0.44912415742874146,0.6165955662727356,0.0019253037171438336,0.3903203308582306,0.6176912784576416,-0.0029783074278384447,0.4276541471481323,0.5903981924057007,-0.0067243799567222595,0.4472852945327759,0.6028363108634949,-0.007289011962711811,0.4567129611968994,0.6208884119987488,-0.006409948691725731,0.3977435529232025,0.635622501373291,-0.013553556054830551,0.43122729659080505,0.6010766625404358,-0.015603551641106606,0.4510868787765503,0.6130062341690063,-0.013578799553215504,0.4616779386997223,0.6295120120048523,-0.011389321647584438,0.405567467212677,0.6624186635017395,-0.023192021995782852,0.4321386516094208,0.6275380849838257,-0.023418625816702843,0.4478514492511749,0.6283552050590515,-0.01974179968237877,0.457891047000885,0.6365622878074646,-0.016239352524280548
0.34979259967803955,0.7093231081962585,9.539525791524284e-08,0.36331191658973694,0.6621464490890503,0.013851064257323742,0.37984177470207214,0.6318552494049072,0.01567033678293228,0.3968609571456909,0.6238162517547607,0.013196424581110477,0.41082948446273804,0.6256343126296997,0.0099613843485713,0.3844556510448456,0.6085467338562012,0.007290272507816553,0.42046427726745605,0.5943242907524109,0.0025261067785322666,0.4396442174911499,0.60465008020401,4.62372881884221e-05,0.4506225287914276,0.618885338306427,-0.000713951070792973,0.39166367053985596,0.6177624464035034,-0.0036987399216741323,0.42970359325408936,0.5904510021209717,-0.007885124534368515,0.4493066966533661,0.6028299331665039,-0.008827628567814827,0.45880061388015747,0.6192843914031982,-0.008326537907123566,0.3987230360507965,0.63648521900177,-0.013881813734769821,0.4325541853904724,0.599534273147583,-0.016822602599859238,0.4523204565048218,0.6113747358322144,-0.01514732837677002,0.46317046880722046,0.6270490288734436,-0.013162163086235523,0.4060443341732025,0.6642674207687378,-0.023108813911676407,0.43225643038749695,0.62968510389328,-0.024481507018208504,0.44796091318130493,0.6287869215011597,-0.021556923165917397,0.4585961103439331,0.634174108505249,-0.018592657521367073
0.3523768186569214,0.7096713781356812,7.248559796835252e-08,0.36541569232940674,0.6626734137535095,0.015611313283443451,0.38175827264785767,0.6327694058418274,0.018192170187830925,0.398229718208313,0.624422550201416,0.016276828944683075,0.4117383360862732,0.6272366046905518,0.013479184359312057,0.3865053355693817,0.6078165769577026,0.007838647812604904,0.4233225882053375,0.5950006246566772,0.004016571678221226,0.44122880697250366,0.6059074401855469,0.0025170333683490753,0.45067715644836426,0.621161162853241,0.002468027640134096,0.394064724445343,0.6177391409873962,-0.003655836218968034,0.4329320192337036,0.5907344818115234,-0.00690469890832901,0.45134401321411133,0.6032717227935791,-0.006771798245608807,0.4592055380344391,0.6202294230461121,-0.005518351215869188,0.40109169483184814,0.6368936896324158,-0.014089081436395645,0.43590235710144043,0.6001034379005432,-0.01599753648042679,0.45417600870132446,0.6124123930931091,-0.013315975666046143,0.46335914731025696,0.6286442875862122,-0.010783576406538486,0.408108115196228,0.6646081805229187,-0.023381926119327545,0.4347498416900635,0.6309791803359985,-0.024054456502199173,0.4497554898262024,0.6314367651939392,-0.02049005962908268,0.4593076705932617,0.6379294991493225,-0.017048435285687447
0.3511370122432709,0.7084275484085083,5.6836253037317874e-08,0.3633522093296051,0.6610953211784363,0.015062924474477768,0.37963658571243286,0.6302241683006287,0.017779771238565445,0.39614447951316833,0.6223139762878418,0.01625698432326317,0.4101261496543884,0.6261569261550903,0.01387596782296896,0.38631463050842285,0.6065669059753418,0.008027829229831696,0.42247509956359863,0.5943166613578796,0.004920933395624161,0.43908143043518066,0.6055956482887268,0.004019004758447409,0.4477820098400116,0.6207298040390015,0.004271333571523428,0.3951736092567444,0.6179002523422241,-0.002921605948358774,0.4332805275917053,0.5890474319458008,-0.006114087998867035,0.4500156044960022,0.6026796698570251,-0.005808928515762091,0.4568285346031189,0.6202714443206787,-0.0041880011558532715,0.40259066224098206,0.6384920477867126,-0.012771467678248882,0.43699631094932556,0.6001532077789307,-0.014758821576833725,0.4546465575695038,0.613170862197876,-0.011847557500004768,0.463691771030426,0.6289853453636169,-0.008933019824326038,0.40892863273620605,0.66766756772995,-0.02144409716129303,0.4357997179031372,0.6338533759117126,-0.021913276985287666,0.4506950080394745,0.6343497633934021,-0.017916439101099968,0.46012619137763977,0.6395443081855774,-0.014068074524402618
0.35163214802742004,0.7078500986099243,4.8764547955215676e-08,0.3629196584224701,0.6595112085342407,0.014889290556311607,0.3782286047935486,0.6285671591758728,0.017572760581970215,0.39489662647247314,0.6203653812408447,0.016272960230708122,0.4093416929244995,0.6250899434089661,0.014177071861922741,0.38604578375816345,0.6049031615257263,0.0067916251718997955,0.4231753647327423,0.5910336375236511,0.003894318360835314,0.43952181935310364,0.6021309494972229,0.0035241416189819574,0.4480823576450348,0.616873562335968,0.004093102179467678,0.3953917920589447,0.6169933676719666,-0.003765152068808675,0.433281272649765,0.5861900448799133,-0.006832275539636612,0.4487735629081726,0.5989558100700378,-0.0060713100247085094,0.4547516703605652,0.6165642738342285,-0.00418344559147954,0.4029007852077484,0.6384393572807312,-0.01314487960189581,0.4370537996292114,0.5994269847869873,-0.014943207614123821,0.4544121325016022,0.6108059287071228,-0.011906030587852001,0.4639943242073059,0.6251891255378723,-0.009003388695418835,0.40896183252334595,0.6678943634033203,-0.021299580112099648,0.4357406795024872,0.634080708026886,-0.02195689268410206,0.45047634840011597,0.6328076124191284,-0.01829097419977188,0.4607219398021698,0.6356852650642395,-0.01467511523514986
0.3523893654346466,0.7080950736999512,5.3578833814071913e-08,0.3641279935836792,0.6598531603813171,0.015686016529798508,0.37903493642807007,0.6280748844146729,0.018357738852500916,0.39622294902801514,0.619153618812561,0.017101900652050972,0.4110618233680725,0.6250184178352356,0.015101572498679161,0.38543522357940674,0.6025526523590088,0.005285164806991816,0.42436739802360535,0.5897595882415771,0.003120907349511981,0.4403321444988251,0.6020378470420837,0.004052448086440563,0.4482114315032959,0.6177493929862976,0.005486047826707363,0.3950994610786438,0.6153069138526917,-0.005427371710538864,0.4344818592071533,0.58417809009552,-0.008252137340605259,0.45013663172721863,0.5972326397895813,-0.006546379998326302,0.45604875683784485,0.6149390339851379,-0.003949487116187811,0.40287238359451294,0.6374921798706055,-0.014633922837674618,0.4378034472465515,0.597552478313446,-0.01580701768398285,0.4548517167568207,0.6091674566268921,-0.011769489385187626,0.463908851146698,0.6235895156860352,-0.008262552320957184,0.4090067148208618,0.6676220893859863,-0.02249741554260254,0.43564391136169434,0.6329648494720459,-0.022289754822850227,0.4501315951347351,0.6315265893936157,-0.017843099310994148,0.46015995740890503,0.6342180967330933,-0.013722955249249935
0.3550207018852234,0.7116408944129944,5.48251470888772e-08,0.3665803372859955,0.6623913645744324,0.0164071973413229,0.38122695684432983,0.6288754940032959,0.018757248297333717,0.398320734500885,0.6184162497520447,0.016940878704190254,0.41358551383018494,0.6226879954338074,0.014403391629457474,0.3876338005065918,0.6022189855575562,0.004617403261363506,0.42613768577575684,0.5884240865707397,0.0025212683249264956,0.44233840703964233,0.6009239554405212,0.003915383946150541,0.45039016008377075,0.6164758205413818,0.005714702885597944,0.39628830552101135,0.614435613155365,-0.006887207273393869,0.4364723265171051,0.583418071269989,-0.009885100647807121,0.4530356526374817,0.5973358154296875,-0.007839039899408817,0.45948243141174316,0.614979088306427,-0.0049216048792004585,0.40393298864364624,0.6366917490959167,-0.01673854887485504,0.4388996362686157,0.5972933769226074,-0.017872987315058708,0.4560033082962036,0.6095197796821594,-0.013426716439425945,0.4645041823387146,0.6243425607681274,-0.009688139893114567,0.41054534912109375,0.6672492623329163,-0.025207573547959328,0.4370269775390625,0.6316503286361694,-0.024814091622829437,0.45163634419441223,0.630422830581665,-0.02003726176917553,0.46128854155540466,0.6339868307113647,-0.01570124365389347
0.3562271296977997,0.714815080165863,5.612430342694097e-08,0.36802414059638977,0.6640348434448242,0.016380002722144127,0.3828972280025482,0.6303943991661072,0.01857648231089115,0.3999578058719635,0.6205658912658691,0.016520245000720024,0.41556742787361145,0.6241899728775024,0.013707947917282581,0.3876199424266815,0.604311466217041,0.004763765726238489,0.42563652992248535,0.588814914226532,0.0028132807929068804,0.44188636541366577,0.6004171967506409,0.00462501123547554,0.45047667622566223,0.615800142288208,0.006789988372474909,0.39659300446510315,0.616714596748352,-0.00692300871014595,0.436756432056427,0.5838092565536499,-0.010029233992099762,0.45306962728500366,0.5973722338676453,-0.007856663316488266,0.4596778154373169,0.6156841516494751,-0.004593531135469675,0.4049397110939026,0.6390196681022644,-0.016921088099479675,0.4395606815814972,0.5980139374732971,-0.017999393865466118,0.45620492100715637,0.6101102232933044,-0.013115101493895054,0.4642193019390106,0.624955952167511,-0.00887518934905529,0.4121153950691223,0.669346034526825,-0.02555134706199169,0.4380148649215698,0.6313267350196838,-0.024863144382834435,0.45209234952926636,0.6297909021377563,-0.01942449063062668,0.4610774517059326,0.6336104869842529,-0.014450742863118649
0.35743647813796997,0.7189756035804749,4.8832024646117134e-08,0.36807122826576233,0.6675487160682678,0.01658526249229908,0.38270941376686096,0.6326925754547119,0.019069021567702293,0.3996050953865051,0.621588408946991,0.01725303940474987,0.41494888067245483,0.6237114667892456,0.014672871679067612,0.3882966637611389,0.6070533394813538,0.004932520445436239,0.4255814552307129,0.5883173942565918,0.0027014506049454212,0.44208529591560364,0.598645806312561,0.0042869229800999165,0.45058634877204895,0.6131805777549744,0.006498195696622133,0.39720937609672546,0.619455099105835,-0.006752244662493467,0.43649277091026306,0.5845082998275757,-0.009768626652657986,0.4534149765968323,0.5971364974975586,-0.007490622811019421,0.46013373136520386,0.6150537133216858,-0.004092678893357515,0.40564489364624023,0.641741931438446,-0.016768665984272957,0.43940654397010803,0.5987460613250732,-0.01801484078168869,0.45650824904441833,0.610077977180481,-0.013138913549482822,0.4645639657974243,0.6250467300415039,-0.008750430308282375,0.4130590558052063,0.6718820333480835,-0.02538660541176796,0.43847495317459106,0.6321988105773926,-0.02484005130827427,0.45264652371406555,0.6301410794258118,-0.019381236284971237,0.4614067077636719,0.6342443227767944,-0.014280074276030064
0.357450932264328,0.7229255437850952,4.785280438568407e-08,0.3688622713088989,0.6701937913894653,0.014844969846308231,0.3841823637485504,0.6352442502975464,0.016869306564331055,0.4014686346054077,0.6236077547073364,0.014993551187217236,0.4165394604206085,0.6241058707237244,0.012577761895954609,0.3912651538848877,0.6121289134025574,0.0036989315412938595,0.4285690188407898,0.5880165100097656,0.00024566068896092474,0.4448927938938141,0.5979684591293335,0.0007993904291652143,0.4528755247592926,0.6118291020393372,0.0024896643590182066,0.3992519974708557,0.6256585121154785,-0.007145353127270937,0.4375988841056824,0.5869845151901245,-0.011227825656533241,0.4544230103492737,0.5989507436752319,-0.009756593964993954,0.46120256185531616,0.6158742308616638,-0.006713545881211758,0.40699124336242676,0.648518979549408,-0.01653546281158924,0.43959903717041016,0.6029231548309326,-0.018726635724306107,0.4570041000843048,0.6115357875823975,-0.014537149108946323,0.46612802147865295,0.6245229840278625,-0.010376962833106518,0.41411763429641724,0.6794623732566833,-0.024679068475961685,0.43823930621147156,0.6387631893157959,-0.025046981871128082,0.4526757299900055,0.6329513192176819,-0.02042074128985405,0.4625759422779083,0.6338606476783752,-0.01577269472181797
0.3584020137786865,0.7295127511024475,4.52602115785794e-08,0.3691156506538391,0.6748185157775879,0.014365825802087784,0.3843909502029419,0.6401574015617371,0.015888938680291176,0.40112102031707764,0.6271624565124512,0.01346245314925909,0.4165843725204468,0.6268982887268066,0.010470345616340637,0.3929520547389984,0.6175169348716736,0.0041595459915697575,0.42984193563461304,0.5922996401786804,0.00029245216865092516,0.4463123083114624,0.6012714505195618,-0.00020346151723060757,0.45480862259864807,0.6144030690193176,0.0005766039248555899,0.40097883343696594,0.6310333609580994,-0.006880029104650021,0.43838468194007874,0.5930741429328918,-0.011118559166789055,0.4550577402114868,0.6035781502723694,-0.010757352225482464,0.4623773396015167,0.6200726628303528,-0.008851217105984688,0.4086289405822754,0.6535962224006653,-0.016623390838503838,0.4410170912742615,0.6100177764892578,-0.01843441277742386,0.4590643346309662,0.6161118745803833,-0.015341507270932198,0.4698232114315033,0.6269867420196533,-0.012455868534743786,0.41563305258750916,0.6841937899589539,-0.02526010200381279,0.44026872515678406,0.6449864506721497,-0.025169098749756813,0.4550059139728546,0.6382532715797424,-0.021017808467149734,0.4657626152038574,0.6380569934844971,-0.017120758071541786
0.3589268624782562,0.7327178120613098,2.6795573759841318e-08,0.3684808015823364,0.6799529790878296,0.013379081152379513,0.3846816122531891,0.6451355814933777,0.015198935754597187,0.40157240629196167,0.632111668586731,0.01334315724670887,0.41699010133743286,0.6288585066795349,0.011003430001437664,0.3923150897026062,0.6233245134353638,0.0023576172534376383,0.4277690052986145,0.5901642441749573,-0.0022922351490706205,0.44401636719703674,0.6000239253044128,-0.002942954422906041,0.45208629965782166,0.6142175793647766,-0.002087474800646305,0.40049850940704346,0.635819137096405,-0.007972941733896732,0.4363791048526764,0.5947315096855164,-0.012531209737062454,0.4529568552970886,0.6046576499938965,-0.012322623282670975,0.46031931042671204,0.6206085085868835,-0.01068057119846344,0.408344566822052,0.6575033068656921,-0.0171193964779377,0.43987128138542175,0.6134955286979675,-0.019337140023708344,0.45819270610809326,0.6175864934921265,-0.016755230724811554,0.46985942125320435,0.627111554145813,-0.014343741349875927,0.4158841073513031,0.6869328022003174,-0.025214584544301033,0.43974024057388306,0.6480963230133057,-0.02560594491660595,0.4545433521270752,0.6397373080253601,-0.02210749313235283,0.46612709760665894,0.6381406188011169,-0.018795212730765343
0.35913416743278503,0.7351049780845642,2.9693030256794373e-08,0.36573243141174316,0.6823000311851501,0.011307967826724052,0.3812040686607361,0.6454558372497559,0.012470966205000877,0.3973643183708191,0.6275634765625,0.010496703907847404,0.4122655689716339,0.6178768277168274,0.008410118520259857,0.39193907380104065,0.6245250105857849,0.0003850927168969065,0.42496463656425476,0.5854620933532715,-0.004921908490359783,0.44104301929473877,0.5967297554016113,-0.005331185180693865,0.4482475221157074,0.613074779510498,-0.0038217450492084026,0.40060535073280334,0.6372395753860474,-0.008900272659957409,0.4347870349884033,0.5942566394805908,-0.013642463833093643,0.4517681300640106,0.6034194231033325,-0.012986443936824799,0.45923835039138794,0.6187853217124939,-0.010725902393460274,0.40869179368019104,0.6592117547988892,-0.017210830003023148,0.4390546679496765,0.6146911382675171,-0.01966775208711624,0.45733726024627686,0.6165586709976196,-0.016489893198013306,0.4687798023223877,0.6247498989105225,-0.013302350416779518,0.41626760363578796,0.6886443495750427,-0.0246601440012455,0.4393705725669861,0.6485382318496704,-0.025136111304163933,0.45363253355026245,0.6388179063796997,-0.02118063159286976,0.46442070603370667,0.6371583342552185,-0.01713130623102188
0.3595987856388092,0.7320536375045776,3.9044323330017505e-08,0.3664724826812744,0.6790387034416199,0.011771212331950665,0.38246601819992065,0.64234858751297,0.013096597976982594,0.3987399935722351,0.6253376603126526,0.011294730007648468,0.41468101739883423,0.6170099973678589,0.009317552670836449,0.3912650942802429,0.6224194169044495,0.00016537010378669947,0.42242512106895447,0.5785150527954102,-0.004582859110087156,0.43867895007133484,0.5855829119682312,-0.004169196356087923,0.44657188653945923,0.5995859503746033,-0.00200232258066535,0.40059003233909607,0.6348140239715576,-0.009029746986925602,0.43362927436828613,0.5905715227127075,-0.013250940479338169,0.45071545243263245,0.5960615873336792,-0.012296945787966251,0.45866328477859497,0.6101236343383789,-0.009893933311104774,0.4093388319015503,0.6562612056732178,-0.01708761230111122,0.4384920597076416,0.6122228503227234,-0.0187083650380373,0.4566226303577423,0.6109619140625,-0.015727881342172623,0.4682612419128418,0.6180980801582336,-0.012818193063139915,0.4173578917980194,0.6845893859863281,-0.024207357317209244,0.4396631121635437,0.6435500383377075,-0.02355141192674637,0.4535304605960846,0.6346977949142456,-0.01911061257123947,0.4638017416000366,0.6356694102287292,-0.014830715954303741
0.3590036928653717,0.7282772064208984,4.565760036712163e-08,0.3636719286441803,0.6753146648406982,0.01063465978950262,0.37844884395599365,0.6380784511566162,0.011806205846369267,0.39353707432746887,0.6170963644981384,0.010023381561040878,0.4078619182109833,0.6042562127113342,0.00798970740288496,0.39003002643585205,0.6188966035842896,0.0010663828579708934,0.4176762104034424,0.5739487409591675,-0.003612016560509801,0.43463921546936035,0.5770952701568604,-0.004011607263237238,0.44423359632492065,0.5882184505462646,-0.0026274691335856915,0.40037527680397034,0.6316410303115845,-0.007693091407418251,0.43038588762283325,0.5855397582054138,-0.011645520105957985,0.4480186700820923,0.5875308513641357,-0.011528260074555874,0.4569876790046692,0.600413978099823,-0.009902444668114185,0.40961411595344543,0.652515709400177,-0.015499025583267212,0.43677768111228943,0.6076971888542175,-0.017373569309711456,0.4549788236618042,0.6045965552330017,-0.015028147026896477,0.4669110178947449,0.6109544634819031,-0.012559626251459122,0.4178262948989868,0.6802250742912292,-0.022495882585644722,0.43971845507621765,0.6400934457778931,-0.022287918254733086,0.4537467658519745,0.630057156085968,-0.018336409702897072,0.46419697999954224,0.6293956637382507,-0.014400305226445198
0.3587478697299957,0.7237827181816101,1.702424867744412e-08,0.36456921696662903,0.6711910963058472,0.012863755226135254,0.37951943278312683,0.6361035108566284,0.015554622747004032,0.39481207728385925,0.6182743310928345,0.014782732352614403,0.4098997116088867,0.6088900566101074,0.013855509459972382,0.38826337456703186,0.6171516180038452,0.005219810642302036,0.4134299159049988,0.5750194191932678,0.0025413199327886105,0.42869833111763,0.5780425071716309,0.003819923149421811,0.4374028146266937,0.5881885886192322,0.006056096870452166,0.39952388405799866,0.6272722482681274,-0.004232477396726608,0.4277852475643158,0.5809126496315002,-0.006877256091684103,0.4445574879646301,0.5836499929428101,-0.005810347851365805,0.452766478061676,0.5974871516227722,-0.0035315551795065403,0.40971165895462036,0.6462281346321106,-0.012682882137596607,0.43610408902168274,0.6014348864555359,-0.013706455007195473,0.45345398783683777,0.5998774766921997,-0.01073158998042345,0.46462950110435486,0.6068592667579651,-0.007919424213469028,0.41867193579673767,0.673235297203064,-0.020180165767669678,0.44010910391807556,0.635568380355835,-0.01952097751200199,0.4534914791584015,0.6266457438468933,-0.015437623485922813,0.4632904827594757,0.6256786584854126,-0.011523538269102573
0.3576282858848572,0.7175132036209106,-3.3743743355074685e-09,0.362825870513916,0.6664968729019165,0.011693330481648445,0.3772535026073456,0.6319936513900757,0.014315426349639893,0.39171895384788513,0.6118373870849609,0.013518107123672962,0.40632784366607666,0.6008637547492981,0.012470581568777561,0.3895840048789978,0.6114291548728943,0.008552607148885727,0.4134426712989807,0.5793126821517944,0.00694034481421113,0.426882266998291,0.5824686288833618,0.007436008658260107,0.43445348739624023,0.5908581018447876,0.008433560840785503,0.4009764790534973,0.6211780905723572,-0.0003874185786116868,0.4272945821285248,0.581947922706604,-0.0020617779809981585,0.44203707575798035,0.5854347348213196,-0.002152681816369295,0.44974997639656067,0.5985680818557739,-0.0012592312414199114,0.41111359000205994,0.6397581696510315,-0.008640591986477375,0.43539732694625854,0.5997366309165955,-0.00927178654819727,0.45116370916366577,0.5988696217536926,-0.007445930503308773,0.4617942273616791,0.6050127148628235,-0.005922894924879074,0.41961708664894104,0.6667231917381287,-0.01611475460231304,0.43971729278564453,0.6337146162986755,-0.015333573333919048,0.45244482159614563,0.6256512999534607,-0.01186886802315712,0.46210846304893494,0.6241357326507568,-0.008829080499708652
0.3563689887523651,0.7100721597671509,-1.5004857800704485e-08,0.36250433325767517,0.6586418151855469,0.012651716358959675,0.37725359201431274,0.625464141368866,0.016678689047694206,0.39217710494995117,0.6102609038352966,0.017131773754954338,0.4066489338874817,0.6048531532287598,0.017449788749217987,0.387655645608902,0.6063991189002991,0.012385028414428234,0.4116336405277252,0.5806658864021301,0.011869779787957668,0.42494118213653564,0.5859481692314148,0.012758685275912285,0.43208691477775574,0.5955768823623657,0.013874927535653114,0.3999764323234558,0.6163873672485352,0.0035704895853996277,0.42609861493110657,0.5813591480255127,0.0032493032049387693,0.44044989347457886,0.5858791470527649,0.0038760921452194452,0.44807887077331543,0.5978091359138489,0.00510580325499177,0.4106903076171875,0.6344609260559082,-0.004758224356919527,0.4345396161079407,0.596526563167572,-0.004669868852943182,0.44980287551879883,0.5965249538421631,-0.0024817821104079485,0.4600179195404053,0.602713406085968,-0.0007632260676473379,0.41987672448158264,0.6609545946121216,-0.012300165370106697,0.4388681650161743,0.6276329755783081,-0.011563784442842007,0.4507375955581665,0.6200382709503174,-0.008232920430600643,0.45981502532958984,0.6184878349304199,-0.005276205483824015
0.3564009368419647,0.6966183185577393,3.242527313318533e-08,0.3658238351345062,0.6446039080619812,0.015355585142970085,0.38059768080711365,0.6141623258590698,0.01963800936937332,0.39672213792800903,0.6058104038238525,0.019999293610453606,0.4109586477279663,0.6079010963439941,0.019863571971654892,0.3872227966785431,0.5988765954971313,0.011977729387581348,0.41664156317710876,0.5801913142204285,0.01328759454190731,0.4303969740867615,0.585216224193573,0.01623796485364437,0.4374740719795227,0.5948737263679504,0.01871226169168949,0.3987310826778412,0.6093782782554626,0.002346498193219304,0.42881885170936584,0.5754808783531189,0.002782879862934351,0.4427952766418457,0.5804912447929382,0.00551688252016902,0.4499969482421875,0.591292679309845,0.008609234355390072,0.40895020961761475,0.6279740333557129,-0.006213183514773846,0.43541765213012695,0.5883904695510864,-0.005236544646322727,0.45009809732437134,0.5905397534370422,-0.00107346021104604,0.4590829014778137,0.5970993638038635,0.0022972505539655685,0.4176262617111206,0.6543170809745789,-0.013624550774693489,0.4377630352973938,0.6175445914268494,-0.011903190053999424,0.4490622282028198,0.6120624542236328,-0.00695349695160985,0.45740681886672974,0.6119619011878967,-0.002531937323510647
0.3555685579776764,0.6867086291313171,3.9043911215230764e-08,0.366601824760437,0.636520504951477,0.015713246539235115,0.3812764286994934,0.6099854111671448,0.01980346068739891,0.3978153467178345,0.6033695936203003,0.019881851971149445,0.41219085454940796,0.6086113452911377,0.01923888549208641,0.3868548274040222,0.5922514796257019,0.012474017217755318,0.41670551896095276,0.5812955498695374,0.014546848833560944,0.43177303671836853,0.5875910520553589,0.017691608518362045,0.44012904167175293,0.5987696051597595,0.019967127591371536,0.39886510372161865,0.6025451421737671,0.0026864036917686462,0.4296557307243347,0.5738580822944641,0.004204586148262024,0.4436091184616089,0.5795702934265137,0.0066153923980891705,0.4509080648422241,0.5914788842201233,0.008864902891218662,0.40930595993995667,0.6208996176719666,-0.005859662313014269,0.4361322522163391,0.5846088528633118,-0.0034047297667711973,0.450079083442688,0.5880851149559021,0.0006782796699553728,0.45880183577537537,0.5953420400619507,0.0032626527827233076,0.4177151918411255,0.6469307541847229,-0.013291130773723125,0.43807515501976013,0.6126206517219543,-0.01036803238093853,0.4490431547164917,0.6079081296920776,-0.005186098162084818,0.45727646350860596,0.6074997782707214,-0.0010896740714088082
0.3574082851409912,0.6811285018920898,3.5160624634045234e-08,0.36824432015419006,0.6312332153320312,0.016131043434143066,0.38281476497650146,0.6063084006309509,0.02045758068561554,0.3992202877998352,0.6004717946052551,0.020827438682317734,0.413509339094162,0.6071299910545349,0.0205661803483963,0.3882114589214325,0.5869888067245483,0.01310708373785019,0.41683056950569153,0.5836706757545471,0.016714954748749733,0.4307670593261719,0.5932410955429077,0.02082183212041855,0.43748709559440613,0.6056127548217773,0.023518230766057968,0.40030044317245483,0.5975607633590698,0.0035899800714105368,0.43113836646080017,0.5746888518333435,0.0067818802781403065,0.4437745213508606,0.5836937427520752,0.009698877111077309,0.44947439432144165,0.5975595116615295,0.011887053027749062,0.41054973006248474,0.616317093372345,-0.004438261967152357,0.43831759691238403,0.5850823521614075,-0.00012498955766204745,0.4501699209213257,0.5927674174308777,0.004575374536216259,0.45671898126602173,0.6030837893486023,0.007034629583358765,0.4184616506099701,0.6429243683815002,-0.01133085135370493,0.440311074256897,0.6146785020828247,-0.006654632277786732,0.4504989683628082,0.6145464181900024,-0.0005868977168574929,0.45716148614883423,0.6172583103179932,0.003774443408474326
0.3571567237377167,0.6777928471565247,2.4529514419668885e-08,0.3677363097667694,0.6294924020767212,0.014908770099282265,0.38278114795684814,0.6038410663604736,0.018651923164725304,0.3995521664619446,0.5989888906478882,0.018828999251127243,0.41349682211875916,0.6057942509651184,0.018476659432053566,0.38776877522468567,0.583911657333374,0.00988928135484457,0.4171017110347748,0.5808371901512146,0.012799383141100407,0.43001773953437805,0.5927571654319763,0.017365721985697746,0.4355926215648651,0.6079282760620117,0.020616721361875534,0.4003314971923828,0.5958877801895142,0.0009307529544457793,0.4317303001880646,0.5727980732917786,0.0029099266976118088,0.4429927170276642,0.583414614200592,0.006175231654196978,0.4476432502269745,0.598219096660614,0.009036499075591564,0.41090822219848633,0.6154607534408569,-0.006505395285785198,0.43968021869659424,0.5828181505203247,-0.0037258542142808437,0.4513610601425171,0.5922778248786926,0.0009689138969406486,0.4572800397872925,0.6037604808807373,0.003981637302786112,0.41857853531837463,0.6414358019828796,-0.01272561401128769,0.44113802909851074,0.6115918755531311,-0.009230355732142925,0.4513535797595978,0.6123961210250854,-0.0033297650516033173,0.4578959047794342,0.6158075332641602,0.0012907963246107101
0.35731837153434753,0.6757885217666626,2.391725573147596e-08,0.36708807945251465,0.627700686454773,0.01484768558293581,0.38194549083709717,0.6018882393836975,0.018336953595280647,0.3991500437259674,0.5964567065238953,0.018285127356648445,0.4135533571243286,0.6026584506034851,0.01773717999458313,0.38745707273483276,0.5811753273010254,0.009100302122533321,0.4173876941204071,0.5777678489685059,0.011522870510816574,0.4305259585380554,0.5900336503982544,0.01577938161790371,0.4363338053226471,0.605289101600647,0.01892441138625145,0.40014412999153137,0.5929434299468994,6.10745555604808e-05,0.43290039896965027,0.5695559978485107,0.0018077261047437787,0.4445728659629822,0.5805522799491882,0.00517253577709198,0.4492169916629791,0.5959280133247375,0.008156891912221909,0.4108506739139557,0.612642765045166,-0.007454972248524427,0.44077494740486145,0.5797092914581299,-0.004834378603845835,0.45308688282966614,0.5895079374313354,-6.303731788648292e-05,0.459174245595932,0.6018310785293579,0.003043962875381112,0.41870754957199097,0.6386113166809082,-0.013754956424236298,0.4420762360095978,0.6082569360733032,-0.010375307872891426,0.4527300000190735,0.6095179915428162,-0.004454570356756449,0.45944035053253174,0.6138555407524109,0.00021930001094006002
0.3591981530189514,0.679835855960846,1.913070235559644e-08,0.36716222763061523,0.6326702237129211,0.01439958531409502,0.38043564558029175,0.6048319935798645,0.01755749061703682,0.3969997465610504,0.5959615707397461,0.017214925959706306,0.41155922412872314,0.6004055738449097,0.016342947259545326,0.3889225721359253,0.5827998518943787,0.007803250569850206,0.4197915196418762,0.5775942802429199,0.009726310148835182,0.43312597274780273,0.5898078083992004,0.013634401373565197,0.43929553031921387,0.6049272418022156,0.016539165750145912,0.4007469117641449,0.5941441655158997,-0.0012946838978677988,0.43454766273498535,0.5717130303382874,0.0002279375767102465,0.44701704382896423,0.5827265381813049,0.0033515188843011856,0.45235809683799744,0.5980982184410095,0.006068837828934193,0.41075384616851807,0.6142342686653137,-0.008897587656974792,0.4412865936756134,0.5822066068649292,-0.00656265439465642,0.45461514592170715,0.5913981795310974,-0.0024296632036566734,0.46161359548568726,0.6035786271095276,0.00015606584202032536,0.4183051884174347,0.6407963633537292,-0.015331183560192585,0.44231176376342773,0.6106470823287964,-0.012401190586388111,0.45341169834136963,0.6112444996833801,-0.0071300603449344635,0.4604470431804657,0.6153659224510193,-0.00299303256906569
0.3581323027610779,0.6837146282196045,5.013302839529388e-08,0.3689306974411011,0.6358758211135864,0.013132576830685139,0.38515210151672363,0.6067522168159485,0.015862252563238144,0.4019477069377899,0.5991283059120178,0.01475868746638298,0.41652411222457886,0.601618230342865,0.013051223009824753,0.39365020394325256,0.5890218019485474,0.01012474950402975,0.4253554344177246,0.5748805403709412,0.008902519941329956,0.44133225083351135,0.5830466747283936,0.0086778923869133,0.4506378769874573,0.5948928594589233,0.008935259655117989,0.40263262391090393,0.6006630063056946,0.00071682472480461,0.436354398727417,0.5762905478477478,0.0001568839215906337,0.45122912526130676,0.5872183442115784,0.0007864150684326887,0.45892199873924255,0.6006934642791748,0.0020344904623925686,0.41128844022750854,0.6205886602401733,-0.007870796136558056,0.4417070150375366,0.5898083448410034,-0.007449453230947256,0.45759525895118713,0.5975874066352844,-0.0047838506288826466,0.4667452275753021,0.6081762313842773,-0.0027123934123665094,0.4186980724334717,0.6481890082359314,-0.015630166977643967,0.44219183921813965,0.6172337532043457,-0.014188759960234165,0.45538511872291565,0.6145107746124268,-0.010119384154677391,0.464437335729599,0.6165205240249634,-0.00664259260520339
0.35722115635871887,0.6899394392967224,3.3836858648328416e-08,0.3690745234489441,0.6405760645866394,0.012169449590146542,0.38630446791648865,0.6115469932556152,0.014851420186460018,0.4034615159034729,0.604659914970398,0.01399920042604208,0.41806021332740784,0.6067792177200317,0.012804160825908184,0.394412100315094,0.5959853529930115,0.008369049988687038,0.42714598774909973,0.5761585831642151,0.005901469383388758,0.44261622428894043,0.5840794444084167,0.0053841108456254005,0.45142680406570435,0.5950137376785278,0.005710379686206579,0.4031093120574951,0.6090367436408997,-0.0006771386251784861,0.43646183609962463,0.580824613571167,-0.0026004817336797714,0.45095402002334595,0.5896735191345215,-0.002433246932923794,0.45832011103630066,0.6020535826683044,-0.0012659002095460892,0.41114944219589233,0.629020631313324,-0.00902263168245554,0.44157591462135315,0.5969905853271484,-0.00963643379509449,0.4580259919166565,0.6001904606819153,-0.0072280652821063995,0.4686353802680969,0.6073542833328247,-0.0051208497025072575,0.4181804955005646,0.6559686660766602,-0.016629423946142197,0.44162559509277344,0.6246213912963867,-0.0162038616836071,0.4554305672645569,0.6184635758399963,-0.012736399658024311,0.466129869222641,0.6173545718193054,-0.009518212638795376
0.35599467158317566,0.6955665349960327,5.614343123738763e-08,0.3670218288898468,0.6500239372253418,0.011599358171224594,0.3840267062187195,0.6213261485099792,0.013752075843513012,0.401565283536911,0.6121651530265808,0.012568146921694279,0.41632533073425293,0.6121649742126465,0.011124403215944767,0.39332351088523865,0.6013673543930054,0.00580056244507432,0.4280942976474762,0.5798978805541992,0.002163610188290477,0.44572752714157104,0.5890207290649414,0.0011235832935199142,0.45603570342063904,0.6017963886260986,0.0012834257213398814,0.40155482292175293,0.6134434342384338,-0.003240287071093917,0.4364914298057556,0.5839199423789978,-0.0065951161086559296,0.45366671681404114,0.5931549668312073,-0.006583858281373978,0.4625738561153412,0.6062920689582825,-0.005311216227710247,0.4089115262031555,0.6334638595581055,-0.011553769931197166,0.4401531517505646,0.5997175574302673,-0.01333768293261528,0.4589040279388428,0.6032527089118958,-0.010930733755230904,0.4710726737976074,0.6114234328269958,-0.008578374981880188,0.41551321744918823,0.661418616771698,-0.01916027069091797,0.43953782320022583,0.628218948841095,-0.019489778205752373,0.454548716545105,0.620788037776947,-0.016265127807855606,0.4663262665271759,0.6192893385887146,-0.013070293702185154
0.35515275597572327,0.6986879110336304,5.878426989625041e-08,0.3669029772281647,0.6522201895713806,0.012674427591264248,0.38383564352989197,0.6236785650253296,0.014920788817107677,0.4011826515197754,0.6139589548110962,0.01350097730755806,0.4161844551563263,0.6132950186729431,0.011768247932195663,0.39353346824645996,0.6031399369239807,0.006742481142282486,0.42859694361686707,0.5817759037017822,0.003336644498631358,0.4465121924877167,0.5917000770568848,0.0025729218032211065,0.4571014940738678,0.6051203608512878,0.0029452242888510227,0.4013645350933075,0.6145826578140259,-0.003069628030061722,0.4370913803577423,0.5856868028640747,-0.006221655756235123,0.4546908140182495,0.5958802700042725,-0.0058980644680559635,0.4639917016029358,0.6097717881202698,-0.004339160863310099,0.408481240272522,0.634909987449646,-0.012107040733098984,0.44045960903167725,0.6014131903648376,-0.013612807728350163,0.4596995711326599,0.605883002281189,-0.01083642989397049,0.4721384346485138,0.6149226427078247,-0.008231488056480885,0.41515013575553894,0.6638240814208984,-0.020389005541801453,0.4396371841430664,0.6300482749938965,-0.020435824990272522,0.4549366235733032,0.6231316328048706,-0.016893668100237846,0.466921865940094,0.6226450204849243,-0.013455885462462902
0.3541228175163269,0.7041255235671997,4.8921588557959694e-08,0.36587342619895935,0.657810628414154,0.013434779830276966,0.3830013871192932,0.6278327107429504,0.015784338116645813,0.3996730446815491,0.6159973740577698,0.014236891642212868,0.4142419397830963,0.6137375235557556,0.012339970096945763,0.39176440238952637,0.6053206920623779,0.007119808811694384,0.4277166724205017,0.5850770473480225,0.003816933836787939,0.4452001750469208,0.5965524911880493,0.002968026325106621,0.4553512632846832,0.6103724241256714,0.003173363860696554,0.39960768818855286,0.6162844300270081,-0.0032698565628379583,0.43666258454322815,0.5892000794410706,-0.0061111669056117535,0.4539138376712799,0.6013047099113464,-0.005944364704191685,0.4626447260379791,0.6161984801292419,-0.004825969692319632,0.4069749414920807,0.6363906264305115,-0.012837976217269897,0.4404105544090271,0.6050446629524231,-0.01395533699542284,0.45946019887924194,0.6123069524765015,-0.011552336625754833,0.47152334451675415,0.6230044960975647,-0.009614057838916779,0.4139745235443115,0.6647598147392273,-0.0216006301343441,0.4395045042037964,0.6329218745231628,-0.02111887000501156,0.45467227697372437,0.6286914944648743,-0.017599057406187057,0.466105192899704,0.629840612411499,-0.014566157944500446
0.35440728068351746,0.7075380086898804,6.92764530185741e-08,0.3671532869338989,0.6577929854393005,0.013029612600803375,0.38504302501678467,0.6277080178260803,0.015096810646355152,0.4027804136276245,0.6193011999130249,0.013280657120049,0.4179919362068176,0.6196749806404114,0.011069494299590588,0.3906005918979645,0.6067007780075073,0.007030644919723272,0.4270426630973816,0.5882057547569275,0.003516360418871045,0.4449707865715027,0.5982205867767334,0.0023797377943992615,0.45601311326026917,0.6099084615707397,0.0023306275252252817,0.3983042538166046,0.6181759238243103,-0.003295194124802947,0.43610990047454834,0.5919550657272339,-0.0065377624705433846,0.4535921514034271,0.6033934354782104,-0.006857855245471001,0.46255582571029663,0.6180400848388672,-0.005977950058877468,0.4057224988937378,0.6387590765953064,-0.012808519415557384,0.4395846426486969,0.6077261567115784,-0.0141691192984581,0.4587043821811676,0.6146434545516968,-0.012021555565297604,0.4709271788597107,0.6251001358032227,-0.010128053836524487,0.412814736366272,0.6676467657089233,-0.0215261559933424,0.438333660364151,0.6349346041679382,-0.02094363421201706,0.45304417610168457,0.6307312846183777,-0.017151378095149994,0.46410098671913147,0.6321722865104675,-0.013886988162994385
0.3538779616355896,0.7078152894973755,8.91188278728805e-08,0.36681067943573,0.6587662696838379,0.01186702586710453,0.3846643567085266,0.6277772784233093,0.013268731534481049,0.4035450220108032,0.619505763053894,0.011112631298601627,0.41887956857681274,0.6204970479011536,0.008486712351441383,0.3893025815486908,0.6060328483581543,0.003875000635161996,0.4276833236217499,0.5877430438995361,-0.00042517512338235974,0.44587957859039307,0.5984691977500916,-0.001687711221165955,0.4566437602043152,0.6113897562026978,-0.0016177076613530517,0.39684635400772095,0.6193867921829224,-0.005792952608317137,0.4359115958213806,0.591105580329895,-0.009849595837295055,0.45401185750961304,0.602407693862915,-0.010228769853711128,0.4631960988044739,0.6178313493728638,-0.009176495485007763,0.4041121304035187,0.641426682472229,-0.01456050481647253,0.43827760219573975,0.607469916343689,-0.016620924696326256,0.4581153392791748,0.6143667697906494,-0.014753793366253376,0.4705356955528259,0.6253615021705627,-0.01280825212597847,0.41097933053970337,0.6708008050918579,-0.022515276446938515,0.43649595975875854,0.6356210112571716,-0.02267265133559704,0.4515438675880432,0.6304266452789307,-0.019373198971152306,0.46296876668930054,0.631470263004303,-0.016266794875264168
0.3533625602722168,0.7086094617843628,8.477059765255035e-08,0.36621609330177307,0.6597564220428467,0.012357418425381184,0.3842298984527588,0.6289294958114624,0.014250550419092178,0.40255066752433777,0.620782196521759,0.012606130912899971,0.41749683022499084,0.6223318576812744,0.010475103743374348,0.3894212245941162,0.6063696146011353,0.004975279793143272,0.4274020791053772,0.5894860625267029,0.0015293244505301118,0.4452578127384186,0.5995233654975891,0.000479606882436201,0.4561465382575989,0.6115784049034119,0.00045731995487585664,0.39747393131256104,0.6200053095817566,-0.004750097636133432,0.4360165297985077,0.5929828882217407,-0.007778792642056942,0.4539340138435364,0.6037243604660034,-0.00807772297412157,0.463277667760849,0.6185193657875061,-0.007305840030312538,0.4048049747943878,0.6418603658676147,-0.013502409681677818,0.4383139908313751,0.6097120046615601,-0.014644567854702473,0.4577772617340088,0.6158453226089478,-0.012726960703730583,0.4703194499015808,0.6255569458007812,-0.011152846738696098,0.41132882237434387,0.670672595500946,-0.021421851590275764,0.43582913279533386,0.637064516544342,-0.020616797730326653,0.45016729831695557,0.6323826313018799,-0.016841543838381767,0.461004376411438,0.6333463191986084,-0.013722425326704979
0.3516111373901367,0.7102534174919128,8.676960305820103e-08,0.36591270565986633,0.6622360944747925,0.014107874594628811,0.38423165678977966,0.632087767124176,0.01658882014453411,0.4028088450431824,0.6251299381256104,0.015250100754201412,0.4173709750175476,0.6285340785980225,0.013231612741947174,0.3892606794834137,0.6083120107650757,0.005786045920103788,0.42727911472320557,0.593203067779541,0.0027823334094136953,0.44504469633102417,0.6036611199378967,0.002134597860276699,0.4557400941848755,0.6171619892120361,0.002345001557841897,0.3972543179988861,0.622474730014801,-0.004793435800820589,0.43614256381988525,0.5941900014877319,-0.007822479121387005,0.4545916020870209,0.6043567657470703,-0.007660603150725365,0.4643295705318451,0.6194059252738953,-0.00645488454028964,0.4043710231781006,0.645161509513855,-0.014206556603312492,0.43842557072639465,0.6124429702758789,-0.01532373484224081,0.45790958404541016,0.6185978055000305,-0.01287122443318367,0.4702591896057129,0.6281293034553528,-0.010834606364369392,0.4106355905532837,0.674675464630127,-0.022624341771006584,0.43567657470703125,0.6408497095108032,-0.021719230338931084,0.45023611187934875,0.6362408399581909,-0.017622210085392,0.4611678123474121,0.6373953223228455,-0.014217599295079708
0.3506164252758026,0.7121334075927734,9.072370943385977e-08,0.3634878098964691,0.6622045040130615,0.013233642093837261,0.3808174729347229,0.6317185759544373,0.015390271320939064,0.3989660441875458,0.6243003606796265,0.013863741420209408,0.41357553005218506,0.6277320981025696,0.011664574034512043,0.38773831725120544,0.6083602905273438,0.005868555512279272,0.4249630570411682,0.5931050777435303,0.0024951822124421597,0.44304531812667847,0.602479100227356,0.0012960247695446014,0.4545232355594635,0.6148467659950256,0.0010825151111930609,0.3965452015399933,0.6218675374984741,-0.004401077050715685,0.4342105984687805,0.5917018055915833,-0.007728053722530603,0.4529593288898468,0.6001951694488525,-0.007900125347077847,0.4632900357246399,0.6142420768737793,-0.00689007667824626,0.40387865900993347,0.6441964507102966,-0.013698344118893147,0.4369276165962219,0.6097697615623474,-0.015332674607634544,0.45630577206611633,0.6146407127380371,-0.013273836113512516,0.4692203104496002,0.623004138469696,-0.011331568472087383,0.40996721386909485,0.6738662719726562,-0.022072849795222282,0.4349617660045624,0.6390849351882935,-0.021911239251494408,0.4495420455932617,0.6334969401359558,-0.01830247975885868,0.46102261543273926,0.6333109140396118,-0.015057671815156937
0.35118356347084045,0.7130253911018372,8.933232464869434e-08,0.3646455705165863,0.6632087826728821,0.013973486609756947,0.38093867897987366,0.6327551603317261,0.016234472393989563,0.3987765312194824,0.6248688101768494,0.014573096297681332,0.4128991365432739,0.6283243298530579,0.012133687734603882,0.3870878517627716,0.6085484027862549,0.006079815793782473,0.42456957697868347,0.5921229124069214,0.0025027922820299864,0.4428957998752594,0.6009161472320557,0.001350592589005828,0.454653263092041,0.6130130290985107,0.001186636625789106,0.39551833271980286,0.6209357380867004,-0.004716452676802874,0.4333258271217346,0.5892707705497742,-0.008556672371923923,0.4524879455566406,0.5971466898918152,-0.008711660280823708,0.4634215235710144,0.6110004782676697,-0.007524541113525629,0.40302926301956177,0.6427140831947327,-0.014521952718496323,0.43598511815071106,0.6056615114212036,-0.016542306169867516,0.45609837770462036,0.6094724535942078,-0.014483136124908924,0.4699309468269348,0.6172171831130981,-0.012406757101416588,0.40990179777145386,0.672554612159729,-0.023340880870819092,0.43468454480171204,0.6352553367614746,-0.02353658899664879,0.4495331943035126,0.6280986070632935,-0.020079078152775764,0.46165820956230164,0.6269859075546265,-0.016843879595398903
0.352011114358902,0.7152184247970581,7.370874044454467e-08,0.3658983111381531,0.6679751873016357,0.015774061903357506,0.3831862211227417,0.6355056762695312,0.019042199477553368,0.4009843170642853,0.6254165768623352,0.01802597939968109,0.41514721512794495,0.6275423765182495,0.016245534643530846,0.38881921768188477,0.6099183559417725,0.0075309802778065205,0.4261327087879181,0.5934919714927673,0.004988465923815966,0.4444373846054077,0.603385865688324,0.0046177273616194725,0.4564467668533325,0.6153949499130249,0.0047712866216897964,0.39625629782676697,0.6209502220153809,-0.004252102226018906,0.4346238076686859,0.5913763642311096,-0.007370736915618181,0.4541524648666382,0.5999534130096436,-0.006999718025326729,0.4654467701911926,0.6132188439369202,-0.005687689874321222,0.40347418189048767,0.642086923122406,-0.014908519573509693,0.4370562732219696,0.6075822114944458,-0.01629526913166046,0.4574175179004669,0.6118279099464417,-0.014034321531653404,0.47110018134117126,0.6193505525588989,-0.012163341045379639,0.41078805923461914,0.6718357801437378,-0.02447320893406868,0.4356507360935211,0.6360397934913635,-0.023925164714455605,0.4504536986351013,0.6301568746566772,-0.020240195095539093,0.46198320388793945,0.6305161714553833,-0.0172071885317564
0.3517124354839325,0.7152809500694275,7.030059379076192e-08,0.36394691467285156,0.6688207983970642,0.014982628636062145,0.3791671693325043,0.6365255117416382,0.017952872440218925,0.39596766233444214,0.6261270046234131,0.016773182898759842,0.4098224639892578,0.6287418603897095,0.014698904938995838,0.3876972198486328,0.610623836517334,0.007186821661889553,0.4244292974472046,0.5939806699752808,0.00419712346047163,0.4423874616622925,0.603980302810669,0.00327781168743968,0.4541126489639282,0.6173110604286194,0.0030252793803811073,0.39604368805885315,0.6210651397705078,-0.004280452616512775,0.433758020401001,0.5900682210922241,-0.007672601379454136,0.45319899916648865,0.598474383354187,-0.007799243088811636,0.4646705687046051,0.6130272746086121,-0.0068780952133238316,0.4036271274089813,0.642072856426239,-0.014731845818459988,0.4369352459907532,0.6061657071113586,-0.016621552407741547,0.45709341764450073,0.6106337904930115,-0.014994828030467033,0.4710266590118408,0.6183224320411682,-0.013538884930312634,0.4108714163303375,0.6716256737709045,-0.024105163291096687,0.43571165204048157,0.6357522010803223,-0.02459108643233776,0.4502478837966919,0.6289092898368835,-0.02169685624539852,0.4620516300201416,0.6275451183319092,-0.019103316590189934
0.3506602644920349,0.7125391364097595,8.239164372980667e-08,0.3629385232925415,0.6650602221488953,0.013786871917545795,0.3790142834186554,0.6336892247200012,0.016632582992315292,0.3951031565666199,0.6228384375572205,0.015353039838373661,0.4081493616104126,0.6230555772781372,0.013352504931390285,0.38721728324890137,0.6096352338790894,0.007882265374064445,0.4237727224826813,0.5898251533508301,0.0039325132966041565,0.44273531436920166,0.5984392166137695,0.002242948627099395,0.45465922355651855,0.610238254070282,0.0016934729646891356,0.3947828710079193,0.6187909841537476,-0.0029619757551699877,0.4321242570877075,0.5870839357376099,-0.007161106448620558,0.45169854164123535,0.595516562461853,-0.00796989444643259,0.4628492593765259,0.6097704768180847,-0.007364976219832897,0.40198302268981934,0.6382173299789429,-0.013101929798722267,0.4346178472042084,0.6010826230049133,-0.01574946567416191,0.4552922546863556,0.6065724492073059,-0.01465159934014082,0.46963953971862793,0.6158651113510132,-0.013278243131935596,0.40913376212120056,0.6665070056915283,-0.022348543629050255,0.43399158120155334,0.6307246088981628,-0.02348111942410469,0.4491129219532013,0.6255255937576294,-0.021049240604043007,0.4613150358200073,0.6263648271560669,-0.01860562525689602
0.34942829608917236,0.7081577181816101,8.34109243896819e-08,0.3631647527217865,0.6637678146362305,0.013277553953230381,0.3796171247959137,0.6323200464248657,0.016070375218987465,0.395351380109787,0.6220165491104126,0.01471182145178318,0.4083278477191925,0.6218017935752869,0.0127686383202672,0.3863023519515991,0.6064745783805847,0.008281118236482143,0.42276060581207275,0.5871379375457764,0.004052428994327784,0.44174736738204956,0.5966628789901733,0.001964961877092719,0.4535830318927765,0.6093052625656128,0.001161179388873279,0.3931051790714264,0.6137761473655701,-0.002413660055026412,0.4311545193195343,0.5838013887405396,-0.006518752779811621,0.4507305324077606,0.5938652753829956,-0.007522426079958677,0.4619385004043579,0.6089854836463928,-0.007107620593160391,0.4003467857837677,0.6321530342102051,-0.012554549612104893,0.4337847828865051,0.5968255996704102,-0.01509960275143385,0.45463162660598755,0.603979229927063,-0.014209012500941753,0.46895501017570496,0.6145496368408203,-0.013026855885982513,0.4082448184490204,0.6602848768234253,-0.021909641101956367,0.43358346819877625,0.6256510615348816,-0.022688670083880424,0.44852858781814575,0.6223817467689514,-0.020049644634127617,0.460239052772522,0.625125527381897,-0.017565995454788208
0.3486758768558502,0.7045630812644958,8.154871977694711e-08,0.3615419268608093,0.6612098217010498,0.013703006319701672,0.3779648542404175,0.6296993494033813,0.01666811667382717,0.39368104934692383,0.6199857592582703,0.0153703847900033,0.40679818391799927,0.6198281645774841,0.013426880352199078,0.3852747082710266,0.6042560935020447,0.00888855941593647,0.42203179001808167,0.5850770473480225,0.004939020611345768,0.4410301446914673,0.5934097766876221,0.0029917368665337563,0.45318272709846497,0.6040079593658447,0.002143902238458395,0.39209654927253723,0.6109160780906677,-0.0019896740559488535,0.43030595779418945,0.5815433263778687,-0.005566107574850321,0.4495663642883301,0.5914033651351929,-0.006215744186192751,0.4610788822174072,0.6052876710891724,-0.00583108002319932,0.3992445468902588,0.6282402873039246,-0.01234329305589199,0.43314239382743835,0.5936234593391418,-0.0145594896748662,0.45376911759376526,0.6005856394767761,-0.013339333236217499,0.4683035612106323,0.6105216145515442,-0.012216738425195217,0.40721768140792847,0.6552709341049194,-0.021917445585131645,0.4327506124973297,0.6219439506530762,-0.022410236299037933,0.44761964678764343,0.6193290948867798,-0.01960323564708233,0.4593825340270996,0.6218019723892212,-0.01726861670613289
0.3490205407142639,0.7059657573699951,8.593161027192764e-08,0.3626199960708618,0.664618968963623,0.013519098050892353,0.37974226474761963,0.6313585638999939,0.016146721318364143,0.39613309502601624,0.6196209788322449,0.014541720040142536,0.40996530652046204,0.6171080470085144,0.012432899326086044,0.3858433961868286,0.6051256060600281,0.007853814400732517,0.42358291149139404,0.5854465961456299,0.0036877556703984737,0.4428211450576782,0.5948495864868164,0.0017828303389251232,0.45510146021842957,0.605005145072937,0.0009272571187466383,0.39111053943634033,0.6107918620109558,-0.003159710904583335,0.4312075674533844,0.5834656953811646,-0.00737547455355525,0.4509718418121338,0.5956405401229858,-0.008239742368459702,0.46249252557754517,0.6099344491958618,-0.007946597412228584,0.39734870195388794,0.6274656057357788,-0.013607312925159931,0.43240976333618164,0.5934977531433105,-0.016276169568300247,0.45370471477508545,0.6020077466964722,-0.015224949456751347,0.46818917989730835,0.6131354570388794,-0.01420664694160223,0.4049240052700043,0.6541411280632019,-0.023281415924429893,0.4307592511177063,0.6213287711143494,-0.023875508457422256,0.44612011313438416,0.6191423535346985,-0.021371977403759956,0.4579262435436249,0.6227647066116333,-0.01939515210688114
0.34811127185821533,0.7084493637084961,8.816198260319652e-08,0.3639684021472931,0.6687420010566711,0.013853703625500202,0.3829229474067688,0.634821891784668,0.01647871546447277,0.4001920819282532,0.6247532963752747,0.014753634110093117,0.41417089104652405,0.6231970191001892,0.012464896775782108,0.3874697685241699,0.6078264713287354,0.00811551883816719,0.42466866970062256,0.5910707116127014,0.0039406572468578815,0.4441621005535126,0.6030820608139038,0.001746595953591168,0.45663148164749146,0.6156113147735596,0.0006771527696400881,0.39186444878578186,0.6149638891220093,-0.0032500680536031723,0.4327720105648041,0.5904374718666077,-0.00814136490225792,0.45387569069862366,0.6053099036216736,-0.009835849516093731,0.4658636450767517,0.6216988563537598,-0.009938149712979794,0.39725640416145325,0.6320280432701111,-0.013926632702350616,0.4334154427051544,0.5993250012397766,-0.0172769483178854,0.4553864598274231,0.6112944483757019,-0.016570497304201126,0.46921682357788086,0.6255963444709778,-0.015479127876460552,0.40404826402664185,0.6588889360427856,-0.02375287190079689,0.4301454722881317,0.6259384155273438,-0.024475807324051857,0.44584891200065613,0.6248260140419006,-0.02182077243924141,0.45712578296661377,0.6302225589752197,-0.01962391659617424
0.3480018973350525,0.7116759419441223,9.467391492989918e-08,0.36449819803237915,0.6726575493812561,0.013743409886956215,0.38344207406044006,0.6393279433250427,0.016432801261544228,0.4014882743358612,0.6287282705307007,0.01478257030248642,0.4156487286090851,0.6277950406074524,0.012644002214074135,0.3866865634918213,0.6102496385574341,0.008804523386061192,0.42459142208099365,0.5951192378997803,0.004926220513880253,0.44449132680892944,0.6066573262214661,0.0027129140216857195,0.4573350250720978,0.6178721785545349,0.0014550617197528481,0.3916011154651642,0.6171778440475464,-0.002457287162542343,0.43272438645362854,0.5948129296302795,-0.006655555684119463,0.4536393880844116,0.609790027141571,-0.008286883123219013,0.46597129106521606,0.6248987913131714,-0.008709007874131203,0.39743098616600037,0.6340356469154358,-0.013107646256685257,0.43402114510536194,0.6040284633636475,-0.015873322263360023,0.45569151639938354,0.6159282922744751,-0.015083327889442444,0.4695410132408142,0.629010796546936,-0.014267547987401485,0.4046030640602112,0.660550594329834,-0.022983187809586525,0.43143877387046814,0.629690408706665,-0.023474717512726784,0.44765710830688477,0.6280847191810608,-0.021006470546126366,0.4597453773021698,0.6317391991615295,-0.0191582553088665
0.3493089973926544,0.7148987650871277,8.983159460740353e-08,0.3656656742095947,0.673149049282074,0.015121829695999622,0.38406485319137573,0.6407145857810974,0.01812555268406868,0.40164920687675476,0.6291652321815491,0.016350582242012024,0.4158894121646881,0.6272486448287964,0.014088250696659088,0.38631999492645264,0.6136778593063354,0.011436870321631432,0.42289799451828003,0.5978806018829346,0.008086794055998325,0.44269776344299316,0.6093679070472717,0.0061768279410898685,0.45540422201156616,0.6208590269088745,0.0052344584837555885,0.3910468816757202,0.6198335886001587,-0.00043176350300200284,0.4310641288757324,0.597602367401123,-0.004032828379422426,0.4515925943851471,0.6127893924713135,-0.0052498276345431805,0.4635707437992096,0.6281726360321045,-0.0053101214580237865,0.39682045578956604,0.6356876492500305,-0.011680640280246735,0.4325485825538635,0.6059879064559937,-0.013749184086918831,0.45385974645614624,0.6183198094367981,-0.012221562676131725,0.4672302305698395,0.6320774555206299,-0.01091442909091711,0.40406930446624756,0.6608155369758606,-0.02213185839354992,0.4304235577583313,0.6296589374542236,-0.022028768435120583,0.44659703969955444,0.6273818016052246,-0.019034435972571373,0.45853370428085327,0.6305279731750488,-0.016760988160967827
0.3497849106788635,0.7164007425308228,4.447965906706486e-08,0.36559736728668213,0.6738722324371338,0.014141028746962547,0.3839121162891388,0.6415903568267822,0.01656811684370041,0.40157318115234375,0.6309008598327637,0.014382025226950645,0.41650089621543884,0.6291074156761169,0.011847580783069134,0.3861633837223053,0.615003228187561,0.008668779395520687,0.4224926233291626,0.5933436751365662,0.003836220595985651,0.43892887234687805,0.6102980375289917,0.00147236546035856,0.44796282052993774,0.6277185082435608,0.0007574997143819928,0.39040908217430115,0.6225927472114563,-0.0027901604771614075,0.42997321486473083,0.5992613434791565,-0.007948332466185093,0.4474799335002899,0.6179341077804565,-0.010069130919873714,0.4564172625541687,0.6364471316337585,-0.01037619635462761,0.3960989713668823,0.6391181945800781,-0.013622415252029896,0.43225422501564026,0.6098195314407349,-0.01609952002763748,0.4532620310783386,0.6228388547897339,-0.015564247965812683,0.4662533402442932,0.6384289860725403,-0.014818098396062851,0.40374115109443665,0.6639822721481323,-0.023668881505727768,0.4311109781265259,0.6342166662216187,-0.02362477034330368,0.4484862685203552,0.6309266090393066,-0.021430449560284615,0.4615262746810913,0.6332606077194214,-0.01974130980670452
0.35025373101234436,0.7151017785072327,5.670458946838153e-08,0.36568182706832886,0.6712360978126526,0.01625736616551876,0.38361018896102905,0.6382879614830017,0.020152771845459938,0.4011554419994354,0.6265877485275269,0.019013062119483948,0.41563892364501953,0.624872088432312,0.017357997596263885,0.3859717845916748,0.6133692860603333,0.012853365391492844,0.4204545319080353,0.5911615490913391,0.009775715880095959,0.4376177489757538,0.6061913967132568,0.008124295622110367,0.4478788375854492,0.6214896440505981,0.007545695640146732,0.3908464014530182,0.621096670627594,0.0007955909823067486,0.4277194142341614,0.5974443554878235,-0.0020412965677678585,0.44616976380348206,0.6134696006774902,-0.0032952618785202503,0.45659810304641724,0.6303771734237671,-0.0035248487256467342,0.3967861533164978,0.6375424265861511,-0.010623163543641567,0.43054696917533875,0.6095516681671143,-0.011152805760502815,0.4508361518383026,0.6206666231155396,-0.009883233346045017,0.4637150466442108,0.6343119740486145,-0.009142748080193996,0.40455013513565063,0.6614919900894165,-0.021230654790997505,0.43059101700782776,0.6330065727233887,-0.020015981048345566,0.4475463926792145,0.6302903294563293,-0.01742560602724552,0.46071189641952515,0.6329737901687622,-0.015665918588638306
0.3499329090118408,0.7100127935409546,9.179235149758824e-08,0.36551371216773987,0.6673946380615234,0.014569016173481941,0.3838743269443512,0.6345901489257812,0.018015485256910324,0.40132880210876465,0.6230323910713196,0.016840089112520218,0.4156613051891327,0.620698869228363,0.015029460191726685,0.38665902614593506,0.6115856766700745,0.010820706374943256,0.42131489515304565,0.5919314026832581,0.006867974065244198,0.44050362706184387,0.6052871942520142,0.0043550957925617695,0.4529462456703186,0.6189956068992615,0.003141712164506316,0.39091169834136963,0.6194244027137756,-0.0005053461063653231,0.4274275004863739,0.5963762998580933,-0.004543495364487171,0.4482736885547638,0.610812783241272,-0.006821318529546261,0.46093371510505676,0.6274530291557312,-0.007660192903131247,0.39606669545173645,0.6363686919212341,-0.011228579096496105,0.42895227670669556,0.6078669428825378,-0.013408849015831947,0.45056915283203125,0.6179890036582947,-0.013352105394005775,0.46459484100341797,0.6310737729072571,-0.013097268529236317,0.4030912220478058,0.6609611511230469,-0.02114224061369896,0.42780542373657227,0.6303991079330444,-0.02141415886580944,0.443814218044281,0.6271065473556519,-0.01954532414674759,0.45617765188217163,0.6300125122070312,-0.018046854063868523
0.3489036560058594,0.7045965194702148,1.1368486951823797e-07,0.3647005558013916,0.6634123921394348,0.013590488582849503,0.38263440132141113,0.6314936876296997,0.016096806153655052,0.4001626670360565,0.6206390261650085,0.014189053326845169,0.41464221477508545,0.6190432906150818,0.011518959887325764,0.38683533668518066,0.6080713868141174,0.00902491994202137,0.4222470819950104,0.5940545201301575,0.0047164661809802055,0.4424177408218384,0.6046233177185059,0.002060553291812539,0.455716073513031,0.6164783239364624,0.0006741632241755724,0.39089396595954895,0.614849328994751,-0.0020490027964115143,0.42892032861709595,0.5946879982948303,-0.00663156108930707,0.45004162192344666,0.6086742281913757,-0.00882789958268404,0.4629419445991516,0.625056803226471,-0.009478066116571426,0.39609766006469727,0.6316245198249817,-0.012515280395746231,0.4303220808506012,0.6045244932174683,-0.01554220449179411,0.4522208273410797,0.615391731262207,-0.01562094409018755,0.46625620126724243,0.6283136606216431,-0.01525413803756237,0.4027206301689148,0.656853437423706,-0.022177593782544136,0.42815831303596497,0.6263486742973328,-0.023411359637975693,0.4443170130252838,0.6232827305793762,-0.02192981168627739,0.4568599462509155,0.6259730458259583,-0.02055409550666809
0.348165363073349,0.7015309929847717,1.1414219613925525e-07,0.36544501781463623,0.6613530516624451,0.014588664285838604,0.3839899003505707,0.6302297711372375,0.01752443239092827,0.4016628861427307,0.6208454370498657,0.01576073467731476,0.41625359654426575,0.6206704378128052,0.013133286498486996,0.38640284538269043,0.605201244354248,0.009419671259820461,0.4233267307281494,0.5935641527175903,0.005037297494709492,0.4440819323062897,0.6052513122558594,0.0023802516516298056,0.4579762816429138,0.6177255511283875,0.0009266681154258549,0.3904013931751251,0.6119042634963989,-0.0024303195532411337,0.4301898181438446,0.5938902497291565,-0.007235011085867882,0.45176878571510315,0.6093487739562988,-0.00946109090000391,0.46490705013275146,0.6262332797050476,-0.01012873649597168,0.39575061202049255,0.6290966868400574,-0.013606485910713673,0.43105825781822205,0.6015707850456238,-0.01710769347846508,0.45324522256851196,0.6143000721931458,-0.0172083992511034,0.46723970770835876,0.6281871795654297,-0.016806771978735924,0.4026763439178467,0.6550738215446472,-0.02389073185622692,0.42853623628616333,0.623528242111206,-0.02596103958785534,0.44458502531051636,0.6212679147720337,-0.024722998961806297,0.4568410813808441,0.6244157552719116,-0.023449722677469254
0.34852761030197144,0.6989831328392029,1.0668609462527456e-07,0.36645060777664185,0.656548261642456,0.017450986430048943,0.3850112557411194,0.6265390515327454,0.021406061947345734,0.40248924493789673,0.617345929145813,0.01995883136987686,0.4169903099536896,0.617628812789917,0.017501048743724823,0.38681986927986145,0.601680338382721,0.013554996810853481,0.42321527004241943,0.5918018817901611,0.010739392600953579,0.4439590275287628,0.6020187139511108,0.00887816771864891,0.457973837852478,0.613986074924469,0.007794215809553862,0.3914465010166168,0.608086109161377,0.0003039659059140831,0.43040531873703003,0.590427041053772,-0.0032171818893402815,0.45134997367858887,0.6055691242218018,-0.0048502120189368725,0.4636212885379791,0.6228314638137817,-0.005185043439269066,0.3972884714603424,0.6246768832206726,-0.012119658291339874,0.432189404964447,0.597484290599823,-0.014303780160844326,0.45372605323791504,0.6111113429069519,-0.013661772944033146,0.46693962812423706,0.6262341737747192,-0.012933431193232536,0.40469738841056824,0.6502770781517029,-0.023494508117437363,0.4309781789779663,0.6188076734542847,-0.024242639541625977,0.4472448229789734,0.6185513734817505,-0.022072594612836838,0.4592292904853821,0.6241193413734436,-0.02027476578950882
0.3494105041027069,0.6941133737564087,1.3238084761724167e-07,0.3671599328517914,0.6523242592811584,0.014602730982005596,0.38621342182159424,0.6232508420944214,0.01707524061203003,0.4037095904350281,0.6153886318206787,0.014810744673013687,0.41774842143058777,0.6165422797203064,0.011676330119371414,0.388581246137619,0.5973846316337585,0.009870783425867558,0.42578160762786865,0.5902945399284363,0.006105645559728146,0.44667699933052063,0.6013058423995972,0.003468911862000823,0.46043407917022705,0.61415034532547,0.002024600515142083,0.39355918765068054,0.6044162511825562,-0.0020478544756770134,0.4333968162536621,0.5881218314170837,-0.00604958226904273,0.45499634742736816,0.6031190156936646,-0.008086277171969414,0.467026025056839,0.6210928559303284,-0.008566782809793949,0.39923688769340515,0.6217939853668213,-0.013173495419323444,0.43436962366104126,0.5940732359886169,-0.015627138316631317,0.455797404050827,0.608218789100647,-0.015122620388865471,0.46848857402801514,0.6241751909255981,-0.014247335493564606,0.40590158104896545,0.6480493545532227,-0.023442620411515236,0.4321054220199585,0.6159576773643494,-0.024053119122982025,0.44752299785614014,0.6171651482582092,-0.021394982933998108,0.4580738842487335,0.6249113082885742,-0.01901499181985855
0.3504440188407898,0.6901205778121948,1.0452921372916535e-07,0.3679129481315613,0.6500697135925293,0.016578063368797302,0.3863911032676697,0.6212637424468994,0.01993555948138237,0.40310969948768616,0.6138186454772949,0.01831778883934021,0.41686373949050903,0.6159471273422241,0.015804702416062355,0.3902786374092102,0.594902753829956,0.011622665449976921,0.42657211422920227,0.5892953872680664,0.009383263997733593,0.4451861083507538,0.6020587682723999,0.007917588576674461,0.45713984966278076,0.6161419749259949,0.007109018508344889,0.39523792266845703,0.602238655090332,-0.0009556849836371839,0.43544474244117737,0.5860885977745056,-0.003424584399908781,0.4559538662433624,0.6007394790649414,-0.004285646136850119,0.46688205003738403,0.618553638458252,-0.004227655474096537,0.4004741609096527,0.6199864149093628,-0.012601958587765694,0.43657582998275757,0.5913839340209961,-0.014103843830525875,0.45669203996658325,0.6059893369674683,-0.01292069349437952,0.46783000230789185,0.6229315996170044,-0.01188649795949459,0.40702253580093384,0.6470764875411987,-0.023176709190011024,0.43416863679885864,0.6172657608985901,-0.023229913786053658,0.448821097612381,0.6203157305717468,-0.020195869728922844,0.4580150246620178,0.6296542882919312,-0.017746105790138245
0.3506193161010742,0.6850672364234924,1.229261954449612e-07,0.36685800552368164,0.6437217593193054,0.012832239270210266,0.3854672908782959,0.6155998706817627,0.01447124034166336,0.4019291400909424,0.6089231371879578,0.011860381811857224,0.415077805519104,0.6109477281570435,0.008626160211861134,0.39108604192733765,0.5916938781738281,0.0077527849934995174,0.42746207118034363,0.5847413539886475,0.003639367176219821,0.44606631994247437,0.5986347794532776,0.0010846927762031555,0.457539439201355,0.6137745976448059,-8.810864528641105e-05,0.3961743712425232,0.5991872549057007,-0.0030181233305484056,0.4361867904663086,0.5814003348350525,-0.007048655301332474,0.45599448680877686,0.5974854826927185,-0.008486863225698471,0.4658737778663635,0.6161705851554871,-0.00847112201154232,0.4013083577156067,0.6168725490570068,-0.013122856616973877,0.43799903988838196,0.5881748795509338,-0.015760984271764755,0.4574090838432312,0.6045318841934204,-0.014669542200863361,0.4678976833820343,0.6222212910652161,-0.013235575519502163,0.40689969062805176,0.644188404083252,-0.022458910942077637,0.4354590177536011,0.6159768104553223,-0.022937599569559097,0.45028090476989746,0.6203050017356873,-0.01977197825908661,0.45929110050201416,0.6297736763954163,-0.016928259283304214
0.3515687882900238,0.6809574961662292,1.1913304120980683e-07,0.36772429943084717,0.6406263709068298,0.012918067164719105,0.3866846561431885,0.613034188747406,0.014624915085732937,0.4027900695800781,0.6063586473464966,0.011941841803491116,0.4161689877510071,0.6072500944137573,0.00870729610323906,0.39116236567497253,0.5886523723602295,0.007258915808051825,0.4287215769290924,0.578325629234314,0.0026382210198789835,0.44722992181777954,0.5941869616508484,-4.607457412930671e-06,0.45828956365585327,0.6108120083808899,-0.0010407899972051382,0.39574387669563293,0.5951938033103943,-0.003634447231888771,0.4369785785675049,0.5767866373062134,-0.007765471935272217,0.45646169781684875,0.5949100852012634,-0.009109624661505222,0.4656481146812439,0.6150092482566833,-0.009088358841836452,0.4010477364063263,0.6124025583267212,-0.01389226969331503,0.4388270676136017,0.5833579301834106,-0.016321048140525818,0.4580759108066559,0.601744532585144,-0.015099562704563141,0.4680190682411194,0.6211849451065063,-0.013725386932492256,0.40724173188209534,0.6390431523323059,-0.023422399535775185,0.436366468667984,0.6109710931777954,-0.023457059636712074,0.450656920671463,0.6176789402961731,-0.019956501200795174,0.4586865305900574,0.6293603181838989,-0.01700577326118946
0.35149040818214417,0.6781538724899292,1.0719530507685704e-07,0.3673642873764038,0.6403281092643738,0.01268119178712368,0.38657617568969727,0.6124856472015381,0.014556074514985085,0.4030020833015442,0.6052349209785461,0.012092565186321735,0.41705435514450073,0.604436457157135,0.009120999835431576,0.3912993371486664,0.5869422554969788,0.007259749807417393,0.4293033480644226,0.574736475944519,0.0023557255044579506,0.44773250818252563,0.5906888842582703,-0.00037990143755450845,0.4581286311149597,0.6072896122932434,-0.0012853757943958044,0.3954783082008362,0.5929509401321411,-0.0034236458595842123,0.43715900182724,0.5739031434059143,-0.007664698641747236,0.45665863156318665,0.592474102973938,-0.009105953387916088,0.4655848741531372,0.613042414188385,-0.00907375942915678,0.40060731768608093,0.609717071056366,-0.013544543646275997,0.43862754106521606,0.581487238407135,-0.016021057963371277,0.45785048604011536,0.6005902886390686,-0.01493549533188343,0.46731507778167725,0.6207956075668335,-0.013574400916695595,0.40681731700897217,0.6357594132423401,-0.022965315729379654,0.4358307123184204,0.6080570220947266,-0.022862188518047333,0.45017528533935547,0.6151987314224243,-0.019409481436014175,0.45802024006843567,0.6275421380996704,-0.01647711731493473
0.3497570753097534,0.6753726601600647,9.803789424722709e-08,0.366746723651886,0.6389877200126648,0.012882903218269348,0.3862224817276001,0.6111076474189758,0.01503919716924429,0.4027227759361267,0.6037800312042236,0.012827708385884762,0.4165761172771454,0.6028683185577393,0.010044561699032784,0.39087915420532227,0.5853605270385742,0.008019858971238136,0.42881181836128235,0.5740229487419128,0.003438112558797002,0.4471173882484436,0.5900593400001526,0.0007366145728155971,0.45733171701431274,0.6063889265060425,-0.0002535892999731004,0.3949222266674042,0.5918557643890381,-0.002648064401000738,0.43679752945899963,0.5740761160850525,-0.0065726544708013535,0.4562509059906006,0.5927481055259705,-0.008256134577095509,0.46523934602737427,0.6128078699111938,-0.008539076894521713,0.3997649550437927,0.6086177229881287,-0.012746443040668964,0.4381023943424225,0.5806225538253784,-0.014994680881500244,0.45732319355010986,0.5992153286933899,-0.014222472906112671,0.4669612646102905,0.6186872124671936,-0.013251339085400105,0.40556761622428894,0.6344579458236694,-0.022109173238277435,0.43441230058670044,0.6068384051322937,-0.021986426785588264,0.44853249192237854,0.6134980320930481,-0.018766077235341072,0.456240713596344,0.6251522302627563,-0.016119565814733505
0.34921956062316895,0.6817203760147095,1.0176176346021748e-07,0.36840036511421204,0.6468074917793274,0.012237932533025742,0.38856714963912964,0.6171854734420776,0.014631390571594238,0.4059932231903076,0.6080529093742371,0.012863272801041603,0.419670045375824,0.6063680648803711,0.010725673288106918,0.3905835747718811,0.5881057977676392,0.009020348079502583,0.4274560511112213,0.5815733671188354,0.004827697761356831,0.4469113349914551,0.5971372723579407,0.001897197449579835,0.45945125818252563,0.612033486366272,0.00036070347414352,0.3939860463142395,0.5949938893318176,-0.0014611866790801287,0.43494489789009094,0.581632137298584,-0.0058425054885447025,0.45523637533187866,0.6004476547241211,-0.00830406416207552,0.4661635458469391,0.6203410029411316,-0.009069941937923431,0.3986783027648926,0.611373245716095,-0.01150380540639162,0.43513402342796326,0.5869662165641785,-0.014101472683250904,0.4552267789840698,0.6046146750450134,-0.014184894971549511,0.46668902039527893,0.6237109303474426,-0.013751808553934097,0.4045729339122772,0.635892927646637,-0.020938526839017868,0.43073004484176636,0.6079935431480408,-0.02129385992884636,0.4452850818634033,0.6125105619430542,-0.019103633239865303,0.4547702670097351,0.6234539747238159,-0.0172440055757761
0.34746456146240234,0.685405969619751,1.0144371032083654e-07,0.36762067675590515,0.6528047919273376,0.013927722349762917,0.3882307708263397,0.6243340969085693,0.016567230224609375,0.4059942960739136,0.6163210272789001,0.014703857712447643,0.4199993312358856,0.6153345108032227,0.012316307052969933,0.39035430550575256,0.5934699773788452,0.009690340608358383,0.42716431617736816,0.5869743824005127,0.0060162595473229885,0.44682642817497253,0.6022247672080994,0.003453936195001006,0.45959246158599854,0.6175503730773926,0.002028712769970298,0.392950177192688,0.5999497175216675,-0.0018617650493979454,0.4342522919178009,0.5874115228652954,-0.0057702199555933475,0.4547410011291504,0.606240451335907,-0.007955317385494709,0.465781033039093,0.625645637512207,-0.008689235895872116,0.3970758616924286,0.6159785985946655,-0.01277738343924284,0.4340266287326813,0.5919173955917358,-0.0151491304859519,0.4547675848007202,0.6099058985710144,-0.014846702106297016,0.4665137529373169,0.6291139125823975,-0.014309613965451717,0.402820885181427,0.6406031847000122,-0.022938178852200508,0.42932072281837463,0.613568127155304,-0.023347359150648117,0.4444851577281952,0.617851197719574,-0.021033959463238716,0.45442917943000793,0.6279217004776001,-0.019176069647073746
0.34456998109817505,0.6907618045806885,1.22028239957217e-07,0.3640589416027069,0.6540544629096985,0.011896255426108837,0.38518503308296204,0.6256136894226074,0.013435392640531063,0.4028463065624237,0.6169290542602539,0.010786744765937328,0.41733309626579285,0.6148549318313599,0.007732289377599955,0.38786712288856506,0.5995780229568481,0.007334149442613125,0.4245861768722534,0.5902364253997803,0.0018498596036806703,0.44483911991119385,0.6037861704826355,-0.001618513953872025,0.45829957723617554,0.61799556016922,-0.0033804713748395443,0.390345960855484,0.6061157584190369,-0.003620678326115012,0.4310949742794037,0.5904343724250793,-0.009829489514231682,0.4529324471950531,0.6079775094985962,-0.012891644611954689,0.46523699164390564,0.6271958351135254,-0.013733331114053726,0.3943375051021576,0.6227189302444458,-0.014107482507824898,0.43070170283317566,0.5957661867141724,-0.01865781471133232,0.45199599862098694,0.6126909255981445,-0.018750647082924843,0.4646938443183899,0.6312116384506226,-0.017836643382906914,0.399904727935791,0.6486414074897766,-0.02393641509115696,0.42639657855033875,0.6187326908111572,-0.025730829685926437,0.4419498145580292,0.620222270488739,-0.023652197793126106,0.45269712805747986,0.6281036734580994,-0.02156168222427368
0.3461495637893677,0.6941051483154297,1.151314066305531e-07,0.3643161952495575,0.6562902927398682,0.011666875332593918,0.38472527265548706,0.6275270581245422,0.01299696508795023,0.40228354930877686,0.6188190579414368,0.010122469626367092,0.4174525737762451,0.6160053014755249,0.006887802854180336,0.3874478042125702,0.6036170721054077,0.00636677909642458,0.42350679636001587,0.5854994058609009,-0.00015061830345075577,0.4435808062553406,0.6022953987121582,-0.004159563221037388,0.4565451145172119,0.6208084225654602,-0.0060171219520270824,0.38974711298942566,0.6105191111564636,-0.004669917747378349,0.428093284368515,0.5887165665626526,-0.011442096903920174,0.4500983953475952,0.6077859997749329,-0.014847099781036377,0.4623749852180481,0.6295361518859863,-0.01602083630859852,0.39323410391807556,0.6264362931251526,-0.01530480571091175,0.42790937423706055,0.5963642001152039,-0.020032847300171852,0.4496800899505615,0.6127561926841736,-0.02063230611383915,0.46274691820144653,0.6323894262313843,-0.020260639488697052,0.3989303708076477,0.651317834854126,-0.02531936764717102,0.4244801700115204,0.6203393936157227,-0.02756989188492298,0.4398319125175476,0.6213916540145874,-0.02597825415432453,0.4499084949493408,0.6302168965339661,-0.024254802614450455
0.3476356863975525,0.6907505989074707,1.0170489161964724e-07,0.3660506010055542,0.6515527367591858,0.01326647400856018,0.38545113801956177,0.6217912435531616,0.015357744880020618,0.4021804928779602,0.6118135452270508,0.013054082170128822,0.416714072227478,0.6088904142379761,0.010246515274047852,0.3876456320285797,0.5984776616096497,0.007693990599364042,0.4236361086368561,0.5804278254508972,0.0021464924793690443,0.44246354699134827,0.5980619788169861,-0.000899186881724745,0.45346978306770325,0.6172372102737427,-0.0021295747719705105,0.39043956995010376,0.6067585349082947,-0.003672393737360835,0.4291781187057495,0.5860292315483093,-0.009650520980358124,0.45005378127098083,0.606716513633728,-0.012475077994167805,0.46048250794410706,0.6301855444908142,-0.01322679128497839,0.39393380284309387,0.6238126754760742,-0.014464989304542542,0.4286815822124481,0.5952520370483398,-0.018253520131111145,0.4499813914299011,0.6124932765960693,-0.01836693286895752,0.46230173110961914,0.6325823068618774,-0.017840104177594185,0.39916419982910156,0.6489001512527466,-0.024484101682901382,0.424096941947937,0.6191917657852173,-0.02647974155843258,0.43911492824554443,0.6196094751358032,-0.02516808919608593,0.44913312792778015,0.6275222897529602,-0.02369198389351368
0.34745848178863525,0.687463641166687,8.895054293134308e-08,0.3662830591201782,0.6488103866577148,0.013946299441158772,0.3856930136680603,0.6205612421035767,0.01585272140800953,0.4028734266757965,0.6126711964607239,0.013070865534245968,0.41760116815567017,0.6105989217758179,0.009701032191514969,0.3873717486858368,0.5957200527191162,0.007680436596274376,0.4236370325088501,0.5783807039260864,0.0017829297576099634,0.44171789288520813,0.5976448655128479,-0.0015628819819539785,0.45184972882270813,0.6175628900527954,-0.002947495086118579,0.38972383737564087,0.6042181849479675,-0.0043523493222892284,0.4283176362514496,0.5837192535400391,-0.010560205206274986,0.44842612743377686,0.6049935221672058,-0.013671955093741417,0.4583420157432556,0.6278569102287292,-0.014707934111356735,0.3931272625923157,0.6217120289802551,-0.0157718937844038,0.42798981070518494,0.5931663513183594,-0.019604705274105072,0.44881802797317505,0.6107538938522339,-0.019949326291680336,0.4605197310447693,0.6304083466529846,-0.01966499723494053,0.39859896898269653,0.6471863985061646,-0.02638167329132557,0.4239640235900879,0.617663562297821,-0.02839086204767227,0.43934670090675354,0.6174319386482239,-0.02729555033147335,0.4496028423309326,0.624125063419342,-0.02609635517001152
0.34672418236732483,0.6841655969619751,9.382230814480863e-08,0.3670985698699951,0.6470360159873962,0.014876754023134708,0.38672545552253723,0.620174765586853,0.017445867881178856,0.40359756350517273,0.6138569116592407,0.015157738700509071,0.4174962341785431,0.613231360912323,0.012050517834722996,0.38928845524787903,0.5940197110176086,0.01016076561063528,0.4245585501194,0.5850420594215393,0.005791671108454466,0.44292736053466797,0.60215824842453,0.0030004368163645267,0.45455265045166016,0.6192466616630554,0.0015654481248930097,0.391390323638916,0.6015427112579346,-0.00225995690561831,0.42937761545181274,0.5865765810012817,-0.007408483885228634,0.44906121492385864,0.6068400144577026,-0.010314316488802433,0.45916983485221863,0.6283949613571167,-0.011327160522341728,0.39440786838531494,0.6186115741729736,-0.01400712039321661,0.4290269911289215,0.5934523344039917,-0.01767001859843731,0.4496135711669922,0.6111648082733154,-0.018022995442152023,0.461284875869751,0.630164623260498,-0.017659084871411324,0.399465948343277,0.6441523432731628,-0.024800695478916168,0.42535510659217834,0.6158775091171265,-0.026853278279304504,0.4408317804336548,0.6160814762115479,-0.02554912492632866,0.4512048661708832,0.6223267316818237,-0.024142758920788765
0.34597456455230713,0.6833351254463196,1.0293530294802622e-07,0.3668794631958008,0.6475929021835327,0.01579137146472931,0.38671258091926575,0.6215637922286987,0.018620841205120087,0.40421417355537415,0.6151292324066162,0.016229551285505295,0.418115496635437,0.6159255504608154,0.012769837863743305,0.38942092657089233,0.5930840969085693,0.011424045078456402,0.425037682056427,0.5884400606155396,0.007484199944883585,0.4442516565322876,0.6046848297119141,0.004876910243183374,0.4572080075740814,0.6210831999778748,0.0032842126674950123,0.39196670055389404,0.5992834568023682,-0.0018826324958354235,0.4307441711425781,0.5884691476821899,-0.00711675314232707,0.4508211016654968,0.6097466349601746,-0.01001198310405016,0.4619593620300293,0.6317315697669983,-0.010982478968799114,0.3956393301486969,0.6161551475524902,-0.014503370970487595,0.43085381388664246,0.592194676399231,-0.01882115565240383,0.4523320198059082,0.6120597720146179,-0.01934954710304737,0.46521979570388794,0.6319832801818848,-0.019008543342351913,0.40094131231307983,0.6420044898986816,-0.026113716885447502,0.4275873303413391,0.6131868958473206,-0.02906833216547966,0.4441685974597931,0.613932728767395,-0.028237173333764076,0.45622140169143677,0.6201890707015991,-0.027155578136444092
0.34752362966537476,0.6872350573539734,9.101378140030647e-08,0.3682017922401428,0.6499320268630981,0.015969550237059593,0.38847512006759644,0.6240264773368835,0.019232841208577156,0.4060530364513397,0.6170315146446228,0.017362484708428383,0.4202653169631958,0.6170343160629272,0.014463738538324833,0.3913174271583557,0.5946928858757019,0.012887082993984222,0.4257540702819824,0.5913805365562439,0.009346487931907177,0.4448792338371277,0.605888307094574,0.006774992682039738,0.45733535289764404,0.6221643090248108,0.005335845053195953,0.3940095901489258,0.6005349159240723,-0.00030207631061784923,0.43205490708351135,0.592025876045227,-0.004620111547410488,0.45188677310943604,0.6109002828598022,-0.0074875084683299065,0.4623943567276001,0.6321157217025757,-0.008545753546059132,0.3973659873008728,0.6165943741798401,-0.012844715267419815,0.43163517117500305,0.595055341720581,-0.01638912223279476,0.4518280625343323,0.6124968528747559,-0.016965407878160477,0.46333736181259155,0.6310518383979797,-0.01675933413207531,0.4021325707435608,0.6411710977554321,-0.024376653134822845,0.4276922047138214,0.6114779710769653,-0.026712775230407715,0.4433054029941559,0.6111522316932678,-0.025588391348719597,0.45406290888786316,0.6178522706031799,-0.024277694523334503
0.3495878279209137,0.6861701011657715,1.0662516558568313e-07,0.37079012393951416,0.6536720991134644,0.012794995680451393,0.3920879065990448,0.6271775364875793,0.0150259118527174,0.41030776500701904,0.6186529994010925,0.013084500096738338,0.4250295162200928,0.6160657405853271,0.010580437257885933,0.39301469922065735,0.5945298671722412,0.009232761338353157,0.42861950397491455,0.5899349451065063,0.004911034367978573,0.44737833738327026,0.6051638722419739,0.0018107001669704914,0.45953628420829773,0.6213961839675903,8.721053745830432e-05,0.395711749792099,0.6007578372955322,-0.0018564483616501093,0.43441736698150635,0.5900943875312805,-0.006756200920790434,0.4538424015045166,0.608626663684845,-0.010001461952924728,0.4636596143245697,0.629535436630249,-0.011351816356182098,0.39876240491867065,0.6167636513710022,-0.012360328808426857,0.43270349502563477,0.5944676995277405,-0.016053425148129463,0.45183661580085754,0.6111302971839905,-0.016665492206811905,0.46234244108200073,0.6294262409210205,-0.016559835523366928,0.40350157022476196,0.6414795517921448,-0.021999463438987732,0.4271314740180969,0.6130381226539612,-0.02419835701584816,0.44105711579322815,0.6123303174972534,-0.022999415174126625,0.4506525993347168,0.6181742548942566,-0.02165367268025875
0.35213226079940796,0.6843962669372559,9.638456077709634e-08,0.37277334928512573,0.6510240435600281,0.0161589402705431,0.39297980070114136,0.6239219903945923,0.019171442836523056,0.40987247228622437,0.6147323250770569,0.017223767936229706,0.4236203730106354,0.612345814704895,0.014352042227983475,0.3931809365749359,0.5919803380966187,0.009044092148542404,0.4305444657802582,0.5864238739013672,0.00566193088889122,0.4486599564552307,0.6029734015464783,0.0037799994461238384,0.46082255244255066,0.6192619800567627,0.002693750662729144,0.39591604471206665,0.5977585911750793,-0.003924897871911526,0.4377412796020508,0.5858520269393921,-0.008535416796803474,0.4572126865386963,0.6066580414772034,-0.01076766662299633,0.46634232997894287,0.6287596225738525,-0.011370735242962837,0.3996329605579376,0.6140693426132202,-0.01579912193119526,0.43640121817588806,0.5881655812263489,-0.018819190561771393,0.45560717582702637,0.6085605621337891,-0.018665866926312447,0.4652408957481384,0.6295537948608398,-0.018149692565202713,0.4050847887992859,0.6387088298797607,-0.026534555479884148,0.4304927587509155,0.6074249744415283,-0.028151821345090866,0.444364994764328,0.6121094822883606,-0.02641705796122551,0.4528547525405884,0.6243172883987427,-0.02479817532002926
0.35235804319381714,0.6809471249580383,7.706084659275803e-08,0.37177789211273193,0.6474220156669617,0.017621222883462906,0.39150649309158325,0.6200810074806213,0.021293049678206444,0.4079344570636749,0.6128573417663574,0.01971084251999855,0.42138975858688354,0.6129736304283142,0.017184127122163773,0.3936693072319031,0.5880584716796875,0.011842923238873482,0.43081700801849365,0.5843747854232788,0.010072506964206696,0.4474741816520691,0.6025527119636536,0.009189517237246037,0.4577714800834656,0.6202574372291565,0.008717602118849754,0.3974483609199524,0.5943285226821899,-0.0015748797450214624,0.4396151304244995,0.5808658003807068,-0.004158672410994768,0.45841941237449646,0.6025343537330627,-0.005128076300024986,0.46638578176498413,0.6256929039955139,-0.004999326542019844,0.4021154046058655,0.6115321516990662,-0.013898185454308987,0.43932807445526123,0.5844060182571411,-0.015798676759004593,0.4577769339084625,0.6068746447563171,-0.014887489378452301,0.46587157249450684,0.6294592022895813,-0.013919273391366005,0.4082769751548767,0.6369854211807251,-0.02497519552707672,0.43491536378860474,0.6082239747047424,-0.02609238773584366,0.4488672912120819,0.6158037185668945,-0.023893849924206734,0.4563777446746826,0.629714846611023,-0.021934831514954567
0.3534843623638153,0.6784647703170776,6.714639511073983e-08,0.37138697504997253,0.6418406367301941,0.016129398718476295,0.39077869057655334,0.6139283180236816,0.019530531018972397,0.4067986309528351,0.6066055297851562,0.017814168706536293,0.4189640283584595,0.6072897911071777,0.015130612999200821,0.3962364196777344,0.5850859880447388,0.011093822307884693,0.4331618547439575,0.5806406140327454,0.008006114512681961,0.4497707188129425,0.6002047657966614,0.0059120082296431065,0.4583132266998291,0.6191954016685486,0.004995772149413824,0.40028607845306396,0.591738760471344,-0.0015287803253158927,0.44242072105407715,0.578245997428894,-0.00467001274228096,0.46011459827423096,0.6011921763420105,-0.00638493150472641,0.4655430316925049,0.6249278783798218,-0.006679176818579435,0.4048462510108948,0.6095443367958069,-0.01326005905866623,0.44302958250045776,0.5831674337387085,-0.015216061845421791,0.46019962430000305,0.6072677373886108,-0.014460127800703049,0.46594879031181335,0.6307132840156555,-0.013403112068772316,0.4102877676486969,0.636348307132721,-0.023947205394506454,0.4390827715396881,0.6090589165687561,-0.02440228872001171,0.4523593783378601,0.6183428168296814,-0.02170080691576004,0.45800554752349854,0.6329886317253113,-0.019359908998012543
0.35450324416160583,0.6711791157722473,7.488104358799319e-08,0.3731147050857544,0.6354237794876099,0.014463379047811031,0.3935638666152954,0.608898937702179,0.016857879236340523,0.4103665053844452,0.6048542857170105,0.014551523141562939,0.42354336380958557,0.6078760623931885,0.011475710198283195,0.39811939001083374,0.5787198543548584,0.007920743897557259,0.4366331398487091,0.5757511854171753,0.004119268152862787,0.45244917273521423,0.5967442393302917,0.0019737351685762405,0.4593544006347656,0.6166699528694153,0.00127577711828053,0.40227362513542175,0.5862651467323303,-0.003703585360199213,0.4456658661365509,0.5745412707328796,-0.006881070323288441,0.46214815974235535,0.5994356274604797,-0.008079414255917072,0.4663143754005432,0.6232703328132629,-0.00804910995066166,0.4070090651512146,0.6053510308265686,-0.014430179260671139,0.446459025144577,0.5816612839698792,-0.01609042100608349,0.462876558303833,0.6065171957015991,-0.014778802171349525,0.4678228497505188,0.6294097304344177,-0.013426709920167923,0.41224825382232666,0.6333194971084595,-0.02420857362449169,0.4420144855976105,0.6078986525535583,-0.02389170601963997,0.4549575746059418,0.6185904145240784,-0.020325884222984314,0.45996904373168945,0.633620023727417,-0.01739106886088848
0.35459959506988525,0.6652677059173584,7.203224328122815e-08,0.3731006979942322,0.628769040107727,0.014452426694333553,0.39440423250198364,0.6021826267242432,0.016961535438895226,0.4120684862136841,0.5991331934928894,0.014894749969244003,0.4259995222091675,0.6027312874794006,0.012122771702706814,0.3991789221763611,0.5744701623916626,0.006995736621320248,0.43933066725730896,0.5711251497268677,0.00305633875541389,0.45486265420913696,0.5925774574279785,0.0013942194636911154,0.46116113662719727,0.6124559044837952,0.0012788637541234493,0.4031830430030823,0.582917332649231,-0.004328038543462753,0.4479212462902069,0.5718938708305359,-0.007796190213412046,0.46357935667037964,0.5974383354187012,-0.008504698053002357,0.4671916961669922,0.6210240125656128,-0.007869179360568523,0.40772005915641785,0.6027028560638428,-0.014687721617519855,0.4481526017189026,0.582758367061615,-0.016232404857873917,0.46458205580711365,0.607414186000824,-0.014538061805069447,0.4697021543979645,0.6290186047554016,-0.012810408137738705,0.41244128346443176,0.6307802200317383,-0.024067992344498634,0.4433557987213135,0.6067503094673157,-0.023044493049383163,0.4567095637321472,0.6173094511032104,-0.018926789984107018,0.4621754288673401,0.6314005851745605,-0.015587346628308296
0.3557940423488617,0.6629189252853394,8.525918815394107e-08,0.37462639808654785,0.624754011631012,0.014763432554900646,0.3952587842941284,0.5988672375679016,0.01700027845799923,0.412744402885437,0.5961328148841858,0.014532908797264099,0.42688485980033875,0.5992745161056519,0.011448230594396591,0.3992408215999603,0.5728955268859863,0.006669588852673769,0.43953338265419006,0.5665104389190674,0.0020267385989427567,0.455588161945343,0.5876740217208862,0.0003375006781425327,0.4627182185649872,0.6086412668228149,0.0004337489663157612,0.40266335010528564,0.5811398029327393,-0.004876090679317713,0.4472414553165436,0.5671073198318481,-0.00924700777977705,0.46368128061294556,0.5917074680328369,-0.009667236357927322,0.4690544605255127,0.6154546737670898,-0.00846773386001587,0.4068574905395508,0.6008597612380981,-0.0154701117426157,0.4470873773097992,0.5779910087585449,-0.017772700637578964,0.46431058645248413,0.6020274758338928,-0.015465321950614452,0.4709608256816864,0.6245059370994568,-0.012952118180692196,0.4113905131816864,0.6293520331382751,-0.0250883549451828,0.44211944937705994,0.6031595468521118,-0.024454064667224884,0.45581984519958496,0.6126781702041626,-0.01992887444794178,0.4623787999153137,0.626715898513794,-0.016008881852030754
0.355983704328537,0.6706485748291016,7.238218557859e-08,0.37666749954223633,0.6403087377548218,0.011874990537762642,0.397436261177063,0.6122292280197144,0.01428653858602047,0.4145824909210205,0.6028186082839966,0.012530832551419735,0.4270569980144501,0.6002088189125061,0.01044383179396391,0.39913812279701233,0.5755431652069092,0.008930563926696777,0.436752587556839,0.5724717974662781,0.004392398986965418,0.45423784852027893,0.5941875576972961,0.0009660086361691356,0.46378833055496216,0.6142010688781738,-0.0008654913981445134,0.4019758105278015,0.5802928805351257,-0.0012613738654181361,0.44427135586738586,0.5716113448143005,-0.005788241978734732,0.46135127544403076,0.5984588861465454,-0.008789759129285812,0.46792110800743103,0.623559832572937,-0.009877257980406284,0.40593254566192627,0.5959115624427795,-0.010967257432639599,0.44417569041252136,0.5765517354011536,-0.014251353219151497,0.4608389437198639,0.6032794117927551,-0.014443125575780869,0.46762335300445557,0.6284841895103455,-0.013826387003064156,0.41102170944213867,0.6206322312355042,-0.02002512849867344,0.438082218170166,0.597189724445343,-0.021330451592803,0.45085951685905457,0.60756516456604,-0.019320422783493996,0.4577287435531616,0.6226818561553955,-0.017320048063993454
0.35582366585731506,0.6821141242980957,3.987528174320687e-08,0.38395535945892334,0.6646631360054016,0.015486367978155613,0.4043141305446625,0.6347497701644897,0.02044793963432312,0.41770538687705994,0.6168984770774841,0.020057784393429756,0.4273414611816406,0.6066091060638428,0.01904274895787239,0.40050867199897766,0.5841702222824097,0.017066942527890205,0.43606844544410706,0.5807170271873474,0.014045318588614464,0.4532645642757416,0.6027705073356628,0.010962024331092834,0.4635591208934784,0.6235904693603516,0.009127499535679817,0.4004206359386444,0.5840427279472351,0.0046467543579638,0.4418729543685913,0.5786424279212952,-0.00042008032323792577,0.4590635597705841,0.6085325479507446,-0.004538457840681076,0.4658372104167938,0.636843740940094,-0.0058349487371742725,0.402972012758255,0.5951962471008301,-0.007464805152267218,0.4412569999694824,0.5799252390861511,-0.01191254798322916,0.4590476453304291,0.6088570952415466,-0.01369046326726675,0.4667437672615051,0.6353407502174377,-0.013526160269975662,0.4082178473472595,0.6145833134651184,-0.018610237166285515,0.4357328712940216,0.592086672782898,-0.021127086132764816,0.4494529962539673,0.6028926968574524,-0.02040325477719307,0.45672905445098877,0.6181202530860901,-0.019101206213235855
0.3517419099807739,0.6843089461326599,2.0203140493890714e-08,0.3759074807167053,0.6572281122207642,0.01753957010805607,0.39647430181503296,0.6275413632392883,0.02305537462234497,0.41094887256622314,0.6157183051109314,0.022984322160482407,0.42239898443222046,0.6092333197593689,0.021882938221096992,0.3972172439098358,0.5889778733253479,0.016890820115804672,0.43163469433784485,0.5837177038192749,0.01395388226956129,0.4493716359138489,0.6049894094467163,0.011375063098967075,0.4601594805717468,0.6259676814079285,0.009852873161435127,0.39881131052970886,0.5912986397743225,0.0035359561443328857,0.43818381428718567,0.581576943397522,-0.0006739758537150919,0.45658063888549805,0.6090024709701538,-0.004115114454180002,0.4643353223800659,0.6362399458885193,-0.005420076660811901,0.40158388018608093,0.6033874154090881,-0.009302587248384953,0.4359223246574402,0.581803023815155,-0.013013509102165699,0.45469778776168823,0.6079155206680298,-0.014840973541140556,0.46369874477386475,0.6331050395965576,-0.015360454097390175,0.40598350763320923,0.6224165558815002,-0.021024296060204506,0.4289429485797882,0.5957875847816467,-0.024364009499549866,0.44251611828804016,0.6036501526832581,-0.024908805266022682,0.4504604935646057,0.6178845763206482,-0.024761639535427094
0.35315418243408203,0.686371386051178,3.916423452210438e-08,0.3757118582725525,0.654823362827301,0.01861242763698101,0.3956267535686493,0.6257311701774597,0.0236794613301754,0.409676194190979,0.6136336922645569,0.02317764237523079,0.42239344120025635,0.6070055961608887,0.02180761843919754,0.39583098888397217,0.590445339679718,0.01559218019247055,0.431285560131073,0.5835620760917664,0.01307401992380619,0.4484119117259979,0.6043586134910583,0.011262676678597927,0.4592658579349518,0.6239271759986877,0.010191785171627998,0.3976364731788635,0.5945542454719543,0.0017495016800239682,0.437284916639328,0.5827613472938538,-0.0019713507499545813,0.4554367661476135,0.6101685166358948,-0.004433759488165379,0.4630551040172577,0.6381319761276245,-0.005248880945146084,0.4001436233520508,0.6076037883758545,-0.011291840113699436,0.4352741837501526,0.5862565636634827,-0.013875363394618034,0.4537575840950012,0.6112696528434753,-0.014580518007278442,0.4629187285900116,0.6354257464408875,-0.014911936596035957,0.4040912687778473,0.6269838809967041,-0.023121841251850128,0.42620277404785156,0.6014202833175659,-0.025527093559503555,0.43927234411239624,0.6080064177513123,-0.025283562019467354,0.447314977645874,0.6207143068313599,-0.02485862746834755
0.3546673059463501,0.687831461429596,3.641743973048506e-08,0.37559735774993896,0.6521575450897217,0.016780326142907143,0.3942883312702179,0.6233912706375122,0.01997404173016548,0.40848758816719055,0.609461784362793,0.018078859895467758,0.4224824905395508,0.6010417342185974,0.015408985316753387,0.39351004362106323,0.5933941006660461,0.010577584616839886,0.4291573166847229,0.5810919404029846,0.006558175664395094,0.4448191523551941,0.6040419936180115,0.0044826846569776535,0.4545597434043884,0.6252350211143494,0.00311271077953279,0.3960595428943634,0.5991348028182983,-0.002954246709123254,0.4360441565513611,0.5817268490791321,-0.00861623976379633,0.4545530676841736,0.6093574166297913,-0.011385752819478512,0.46254411339759827,0.6374843120574951,-0.012388775125145912,0.39871689677238464,0.6131842136383057,-0.015640253201127052,0.4335847795009613,0.5842079520225525,-0.019685059785842896,0.45245879888534546,0.6093521118164062,-0.020174982026219368,0.46255791187286377,0.6336820125579834,-0.020512333139777184,0.40244606137275696,0.633150577545166,-0.02722466178238392,0.42025983333587646,0.602898359298706,-0.03177463263273239,0.4324919879436493,0.6036843657493591,-0.032844942063093185,0.44164085388183594,0.6111202836036682,-0.03337248042225838
0.35358768701553345,0.6909246444702148,6.229777937960534e-08,0.3752652704715729,0.6559086441993713,0.016892045736312866,0.3939948081970215,0.6256966590881348,0.02076796442270279,0.40811365842819214,0.6102706789970398,0.019322363659739494,0.4211261570453644,0.6021255254745483,0.016922233626246452,0.3930090665817261,0.5916765928268433,0.013349112123250961,0.4281347393989563,0.584743320941925,0.009846200235188007,0.44598644971847534,0.6043170690536499,0.007284184917807579,0.4582318663597107,0.6217719316482544,0.005545263644307852,0.3952321708202362,0.5971431732177734,-0.00024035474052652717,0.4346274435520172,0.585881233215332,-0.005121177062392235,0.45426657795906067,0.6109223961830139,-0.008464107289910316,0.46398216485977173,0.6366259455680847,-0.010008247569203377,0.3981133699417114,0.6111840009689331,-0.013114006258547306,0.43236929178237915,0.590028703212738,-0.01718849316239357,0.4513116478919983,0.6138216853141785,-0.01823197491466999,0.4614293575286865,0.6365324258804321,-0.018591945990920067,0.4021196961402893,0.6311039328575134,-0.02486477792263031,0.422781765460968,0.6034976243972778,-0.028159204870462418,0.4352220892906189,0.607854962348938,-0.02785368263721466,0.4434852600097656,0.6184930801391602,-0.027311261743307114
0.35107213258743286,0.69382643699646,5.694215587936924e-08,0.37307706475257874,0.656623899936676,0.017193980515003204,0.39290106296539307,0.6292793154716492,0.020902475342154503,0.40701088309288025,0.6168683767318726,0.019186431542038918,0.4193987548351288,0.611133337020874,0.016351157799363136,0.3935309052467346,0.5947928428649902,0.015261895023286343,0.4277442991733551,0.5925717949867249,0.012327232398092747,0.44535329937934875,0.6113238334655762,0.009589754045009613,0.4574221670627594,0.6309989094734192,0.0077523658983409405,0.3961796164512634,0.5995786190032959,0.001793473493307829,0.43408873677253723,0.5935878157615662,-0.0016018588794395328,0.45282426476478577,0.6168338656425476,-0.004795085173100233,0.4625319242477417,0.6425910592079163,-0.006389009300619364,0.39910221099853516,0.6139766573905945,-0.010941362008452415,0.43249449133872986,0.5957885980606079,-0.013461900874972343,0.44971102476119995,0.6182432174682617,-0.013773474842309952,0.4591332674026489,0.6402789950370789,-0.013811754062771797,0.4030466377735138,0.6352034211158752,-0.022585852071642876,0.42253440618515015,0.6096197366714478,-0.024194451048970222,0.43387138843536377,0.6117799282073975,-0.02274579182267189,0.4416334927082062,0.6195656061172485,-0.021474231034517288
0.3540378510951996,0.7012632489204407,1.3579885660419677e-07,0.3803541660308838,0.6819632053375244,0.003061603754758835,0.4013819098472595,0.649580717086792,0.005119666922837496,0.41385865211486816,0.6249829530715942,0.0053251017816364765,0.4223921000957489,0.6080703139305115,0.00589684396982193,0.3964730203151703,0.6007004976272583,0.009968691505491734,0.43041613698005676,0.5968893766403198,0.006475088186562061,0.44916144013404846,0.6138518452644348,0.0026011548470705748,0.4614247977733612,0.6305474638938904,0.0005023280973546207,0.39645758271217346,0.6007376909255981,0.006073343101888895,0.43314796686172485,0.5963994264602661,0.0015592767158523202,0.45069029927253723,0.6190640926361084,-0.0031527497339993715,0.4604575037956238,0.6423799991607666,-0.005016769282519817,0.3982408940792084,0.6105061769485474,0.0015426764730364084,0.4301096796989441,0.6020293235778809,-0.002448901068419218,0.446919709444046,0.6215132474899292,-0.005579691845923662,0.456315815448761,0.6414468288421631,-0.006474772468209267,0.40200597047805786,0.6266065239906311,-0.0029029445722699165,0.42346006631851196,0.6099587678909302,-0.00499500660225749,0.43563312292099,0.6163293123245239,-0.00524196308106184,0.4439188539981842,0.6267531514167786,-0.004502908326685429
0.35461822152137756,0.7000210285186768,1.3289826483742218e-07,0.38033413887023926,0.6846768260002136,0.006177211180329323,0.4014013111591339,0.6542078256607056,0.009361413307487965,0.4142892360687256,0.6322704553604126,0.009978191927075386,0.42145588994026184,0.6164488196372986,0.010707316920161247,0.3955189287662506,0.6016244292259216,0.012430760078132153,0.4290066361427307,0.5992237329483032,0.00996115617454052,0.4470726549625397,0.6162611842155457,0.0064952801913022995,0.4584364891052246,0.6317455768585205,0.004332608077675104,0.396185040473938,0.6004963517189026,0.006587269250303507,0.43478867411613464,0.5932778120040894,0.003231510752812028,0.45407459139823914,0.6135752201080322,-0.00079970876686275,0.4647579789161682,0.6348303556442261,-0.0026267520152032375,0.398870587348938,0.610027015209198,0.0003284142294432968,0.4334104061126709,0.5994184017181396,-0.0038173082284629345,0.45110633969306946,0.6185558438301086,-0.006868411786854267,0.46017342805862427,0.637611985206604,-0.0077646165154874325,0.40370479226112366,0.6260117292404175,-0.005519617348909378,0.42804625630378723,0.6095122694969177,-0.008238476701080799,0.4408614933490753,0.6177821159362793,-0.008521568961441517,0.4488461911678314,0.6294838786125183,-0.007886482402682304
0.3555436134338379,0.7015621662139893,7.802227486308766e-08,0.38152629137039185,0.6795021891593933,0.017680300399661064,0.4021397531032562,0.6500934362411499,0.02324150688946247,0.41766706109046936,0.6341565251350403,0.02361537329852581,0.42925524711608887,0.6240219473838806,0.023168999701738358,0.39623215794563293,0.6040040850639343,0.017314881086349487,0.43033525347709656,0.5962947010993958,0.01657215505838394,0.44938790798187256,0.6100937724113464,0.014918026514351368,0.46255260705947876,0.6243258714675903,0.013287275098264217,0.3968658149242401,0.6049869060516357,0.004130151122808456,0.43630164861679077,0.5926997661590576,0.0024471022188663483,0.45696401596069336,0.6104031205177307,-5.151338700670749e-05,0.4686237573623657,0.6300916075706482,-0.0015797747764736414,0.399693101644516,0.6171321868896484,-0.008326630108058453,0.4341622591018677,0.5962247848510742,-0.010408569127321243,0.45362791419029236,0.6137022376060486,-0.011296621523797512,0.46464231610298157,0.6311554908752441,-0.012037173844873905,0.40552079677581787,0.6369561553001404,-0.01957649551331997,0.427711546421051,0.6119654178619385,-0.021896393969655037,0.4407554864883423,0.6161516308784485,-0.021354101598262787,0.44969427585601807,0.625300407409668,-0.020816044881939888
0.3555606007575989,0.7000883221626282,8.025105557862844e-08,0.3779815435409546,0.6737258434295654,0.015660705044865608,0.3980444073677063,0.6431820392608643,0.019994201138615608,0.4156177341938019,0.6313717365264893,0.01952919363975525,0.42796266078948975,0.6272656917572021,0.018275054171681404,0.3950980305671692,0.6029537916183472,0.012858899310231209,0.4312695860862732,0.5964803695678711,0.011839570477604866,0.4491897225379944,0.6125513315200806,0.010672252625226974,0.4608708620071411,0.6281144618988037,0.009465644136071205,0.39807361364364624,0.6064876914024353,0.000802819209638983,0.4387667179107666,0.5912649035453796,-0.00012977441656403244,0.4594053328037262,0.6092227697372437,-0.0013883947394788265,0.4702190160751343,0.628957986831665,-0.0022158934734761715,0.40265703201293945,0.6222798824310303,-0.010438542813062668,0.4382980465888977,0.59597247838974,-0.011968341656029224,0.45756882429122925,0.615437924861908,-0.012052024714648724,0.4670781195163727,0.635451078414917,-0.012244630604982376,0.4092662036418915,0.6464834213256836,-0.02061406709253788,0.4322837293148041,0.6196654438972473,-0.022334815934300423,0.44489240646362305,0.6255466938018799,-0.02113497443497181,0.45243775844573975,0.6368298530578613,-0.020133284851908684
0.3565046489238739,0.693868100643158,8.893832870171536e-08,0.37551358342170715,0.6633660197257996,0.014207940548658371,0.3957917392253876,0.6332053542137146,0.017386717721819878,0.4134153127670288,0.625674843788147,0.016064956784248352,0.42712193727493286,0.6268472671508789,0.0139126256108284,0.3961104452610016,0.597234845161438,0.008259297348558903,0.43397974967956543,0.5912837386131287,0.005839392077177763,0.45149722695350647,0.6087820529937744,0.004596003331243992,0.4619905948638916,0.6249545812606812,0.003846941515803337,0.4000701308250427,0.6033070683479309,-0.0031405254267156124,0.4430893659591675,0.5871701836585999,-0.005691444035619497,0.46208110451698303,0.6083006262779236,-0.006673343479633331,0.46995484828948975,0.629798948764801,-0.0067284745164215565,0.40541893243789673,0.6211719512939453,-0.013606288470327854,0.44309738278388977,0.5924684405326843,-0.01606251858174801,0.4610185921192169,0.6151112914085388,-0.015565031208097935,0.4679184854030609,0.6373212337493896,-0.01474137045443058,0.4120579659938812,0.6470610499382019,-0.0230373814702034,0.43828415870666504,0.618093729019165,-0.02479121834039688,0.45119526982307434,0.6260868310928345,-0.02289465069770813,0.4572770297527313,0.639755129814148,-0.02105158567428589
0.3567329943180084,0.6894505620002747,8.096171200122626e-08,0.37232452630996704,0.6508025527000427,0.014280523173511028,0.39207327365875244,0.6202630400657654,0.017260845750570297,0.40948212146759033,0.6126338243484497,0.015843989327549934,0.42361024022102356,0.6142967343330383,0.01354105956852436,0.39795419573783875,0.5928174257278442,0.007784414105117321,0.43629691004753113,0.5857096910476685,0.004561220295727253,0.45371192693710327,0.6027218103408813,0.0029147216118872166,0.4627256691455841,0.6197371482849121,0.0024165818467736244,0.4025597870349884,0.6011409759521484,-0.0032323356717824936,0.4458773136138916,0.5854976773262024,-0.005963977891951799,0.4637501835823059,0.6061054468154907,-0.0068078795447945595,0.4704817831516266,0.627041757106781,-0.0066559347324073315,0.40756893157958984,0.62031090259552,-0.01329673919826746,0.44637855887413025,0.5947340130805969,-0.014973478391766548,0.46423864364624023,0.6153674125671387,-0.013903001323342323,0.47143203020095825,0.635841429233551,-0.012845770455896854,0.4129007160663605,0.6478797793388367,-0.02236693538725376,0.44130146503448486,0.62088942527771,-0.0223755594342947,0.4544702172279358,0.6292358040809631,-0.019198087975382805,0.46062809228897095,0.6422849297523499,-0.016579197719693184
0.35526448488235474,0.6767925024032593,8.7811550031347e-08,0.3732883334159851,0.6379256248474121,0.01399658340960741,0.3945072889328003,0.6106250286102295,0.016294052824378014,0.4124681055545807,0.6067871451377869,0.014143995940685272,0.42720887064933777,0.6115047931671143,0.011258456856012344,0.39986786246299744,0.5844436287879944,0.007144112139940262,0.4392457604408264,0.5825675129890442,0.0030862935818731785,0.45591112971305847,0.6034520864486694,0.0009607026004232466,0.4636532962322235,0.623405933380127,0.00035896149347536266,0.4047328531742096,0.5938743948936462,-0.0039375824853777885,0.44899505376815796,0.5824205875396729,-0.0075436863116919994,0.465481698513031,0.606874406337738,-0.008594539947807789,0.47029852867126465,0.6303227543830872,-0.008352973498404026,0.4097338020801544,0.614573061466217,-0.014096195809543133,0.45042043924331665,0.5958844423294067,-0.01585056260228157,0.46770521998405457,0.6194047331809998,-0.014555826783180237,0.47387614846229553,0.6399381756782532,-0.013208195567131042,0.4146544933319092,0.6439576745033264,-0.02328546717762947,0.44639503955841064,0.6237637996673584,-0.022313009947538376,0.459974467754364,0.6357715725898743,-0.01825733855366707,0.46563488245010376,0.6501583456993103,-0.015030614100396633
0.35450372099876404,0.663013756275177,1.1249775155874886e-07,0.37284010648727417,0.6252294182777405,0.012435484677553177,0.3956296443939209,0.6011502146720886,0.013990156352519989,0.4153808057308197,0.6001473665237427,0.011615048162639141,0.4309520721435547,0.6075685024261475,0.008707884699106216,0.40222686529159546,0.5761817097663879,0.00423009367659688,0.44283339381217957,0.5775085091590881,-0.0006748855230398476,0.4588359594345093,0.6006625294685364,-0.0030403698328882456,0.46666812896728516,0.6214975714683533,-0.0038908934220671654,0.40677669644355774,0.5873511433601379,-0.0060800244100391865,0.45193615555763245,0.5800653100013733,-0.0102657750248909,0.46866199374198914,0.6043760776519775,-0.011192447505891323,0.47560232877731323,0.6265890598297119,-0.011111054569482803,0.410457968711853,0.6090747714042664,-0.01555575244128704,0.45253756642341614,0.5952958464622498,-0.01831054501235485,0.47060585021972656,0.619687557220459,-0.01715931110084057,0.4793602228164673,0.6406370401382446,-0.016012366861104965,0.4138946235179901,0.6396794319152832,-0.024156730622053146,0.4467014670372009,0.6268839836120605,-0.02405143715441227,0.46038490533828735,0.6400103569030762,-0.020397115498781204,0.46759235858917236,0.6536401510238647,-0.017573319375514984
0.3568004071712494,0.6595867276191711,1.174123696046081e-07,0.37429362535476685,0.6218335628509521,0.01080221589654684,0.3954565227031708,0.59836345911026,0.011705158278346062,0.4144470691680908,0.5970423817634583,0.008975306525826454,0.42941391468048096,0.6056634783744812,0.005825576838105917,0.4021250009536743,0.572428286075592,0.003415968967601657,0.4421617388725281,0.5747636556625366,-0.002094528404995799,0.4579048752784729,0.595772922039032,-0.005084790289402008,0.46636879444122314,0.6147045493125916,-0.0064643630757927895,0.407004714012146,0.5841188430786133,-0.006325093097984791,0.45054975152015686,0.575242280960083,-0.010715356096625328,0.4676532745361328,0.5955671668052673,-0.011997510679066181,0.4763972759246826,0.6155892014503479,-0.012237773276865482,0.4110088646411896,0.6061230897903442,-0.01556211244314909,0.4510077238082886,0.5902177095413208,-0.018933525308966637,0.4709126055240631,0.6086546182632446,-0.01906745508313179,0.48354268074035645,0.6252742409706116,-0.018908409401774406,0.4144885540008545,0.6368263959884644,-0.024077806621789932,0.445471853017807,0.625004231929779,-0.025328828021883965,0.4598637819290161,0.6344138979911804,-0.023274298757314682,0.4697418510913849,0.6443141102790833,-0.02159995771944523
0.35902905464172363,0.6610525250434875,1.2480363409395068e-07,0.3776128590106964,0.6245064735412598,0.011108612641692162,0.3985375165939331,0.6001922488212585,0.011793050915002823,0.4177999496459961,0.5977973341941833,0.008891209028661251,0.4321078956127167,0.6063235402107239,0.005421801935881376,0.4026172161102295,0.5756565928459167,0.0025303696747869253,0.4428940415382385,0.5782869458198547,-0.003324618563055992,0.45910677313804626,0.5975528359413147,-0.006627666298300028,0.4686056077480316,0.6150740385055542,-0.008247440680861473,0.40718910098075867,0.589002251625061,-0.007387686986476183,0.4511435031890869,0.579997181892395,-0.012257367372512817,0.46961116790771484,0.5970430374145508,-0.013912119902670383,0.4802146553993225,0.6147361993789673,-0.014433185569941998,0.41116058826446533,0.6111858487129211,-0.016657348722219467,0.45151492953300476,0.5939732789993286,-0.020281275734305382,0.4727720022201538,0.6079807877540588,-0.020631302148103714,0.48685505986213684,0.6217901706695557,-0.02063870057463646,0.41482067108154297,0.6406046152114868,-0.025126677006483078,0.4462677240371704,0.6270493865013123,-0.02687583863735199,0.4629768133163452,0.6332821846008301,-0.025308994576334953,0.47548502683639526,0.640859842300415,-0.023964228108525276
0.3598172664642334,0.669888973236084,1.7953577469143056e-07,0.37898606061935425,0.6313251256942749,0.007016191724687815,0.40232527256011963,0.6099881529808044,0.0058218021877110004,0.42275089025497437,0.6088962554931641,0.0018036728724837303,0.4381219744682312,0.615388035774231,-0.0023927914444357157,0.4052278995513916,0.5906535983085632,-0.0006776215741410851,0.44411545991897583,0.5878438949584961,-0.008280962705612183,0.4647822976112366,0.6018428206443787,-0.012750376015901566,0.478760689496994,0.6160603761672974,-0.014849182218313217,0.4079471528530121,0.6039260029792786,-0.009012743830680847,0.4506455659866333,0.5911376476287842,-0.01552422996610403,0.47194403409957886,0.6053206920623779,-0.018173346295952797,0.48493775725364685,0.6209853291511536,-0.01915730908513069,0.4111183285713196,0.6250724792480469,-0.017064210027456284,0.4506443440914154,0.607937753200531,-0.021913034841418266,0.47336527705192566,0.6191620826721191,-0.023004675284028053,0.48844408988952637,0.6317623853683472,-0.023191966116428375,0.4145503044128418,0.6528928875923157,-0.024756981059908867,0.4451005160808563,0.6402360796928406,-0.027207156643271446,0.46263933181762695,0.6450980305671692,-0.026312420144677162,0.47523751854896545,0.6524066925048828,-0.025282401591539383
0.35949912667274475,0.6872379779815674,1.670458402713848e-07,0.3773879408836365,0.6514236927032471,0.007578023709356785,0.4004666209220886,0.6284695267677307,0.007097210269421339,0.4183317720890045,0.6195833683013916,0.0037643988616764545,0.43384912610054016,0.6174615025520325,0.0003248743887525052,0.40780794620513916,0.6113970279693604,-0.0002424548874842003,0.44416147470474243,0.596406877040863,-0.008153499104082584,0.4653252363204956,0.6065049171447754,-0.012443632818758488,0.4791785478591919,0.6196843385696411,-0.013980304822325706,0.4098663926124573,0.622787356376648,-0.008765088394284248,0.450847864151001,0.6086082458496094,-0.016429368406534195,0.47391653060913086,0.6201127767562866,-0.019747231155633926,0.4885213077068329,0.6346559524536133,-0.02073173224925995,0.4118962585926056,0.6423319578170776,-0.01693270355463028,0.4508480429649353,0.6269189119338989,-0.021614650264382362,0.4739202857017517,0.6349369883537292,-0.022685205563902855,0.48961254954338074,0.6460383534431458,-0.02262769639492035,0.41366875171661377,0.668914258480072,-0.024743786081671715,0.4434216022491455,0.6550244092941284,-0.025600798428058624,0.46162858605384827,0.6559157967567444,-0.02402273565530777,0.4749223589897156,0.6611125469207764,-0.022515708580613136
0.3581472933292389,0.6974977850914001,1.5686794085922884e-07,0.3771461248397827,0.6640918850898743,0.010061206296086311,0.40029385685920715,0.6437263488769531,0.011123278178274632,0.4174526035785675,0.6369551420211792,0.009048163890838623,0.4330030381679535,0.6334574818611145,0.00695421639829874,0.40620583295822144,0.6253347992897034,0.003167534014210105,0.4418027400970459,0.6064810752868652,-0.002625131979584694,0.4622790217399597,0.6111404299736023,-0.004904190078377724,0.47614261507987976,0.6195825338363647,-0.005220505874603987,0.4091079831123352,0.6344258189201355,-0.00609692232683301,0.4504181146621704,0.6205346584320068,-0.012052483856678009,0.4739883542060852,0.6291442513465881,-0.013643848709762096,0.48987990617752075,0.6410587430000305,-0.013481385074555874,0.411298006772995,0.6514941453933716,-0.014894208870828152,0.44978752732276917,0.6371556520462036,-0.01832921802997589,0.4723104238510132,0.6428490281105042,-0.01779588870704174,0.48815399408340454,0.6518628597259521,-0.016678957268595695,0.41342371702194214,0.6763386130332947,-0.023188643157482147,0.44240784645080566,0.6603437066078186,-0.023066600784659386,0.4601433575153351,0.6587439179420471,-0.02035563252866268,0.4732709228992462,0.6615078449249268,-0.01805313490331173
0.35765907168388367,0.706449031829834,1.5971396294389706e-07,0.3761822283267975,0.6729871034622192,0.008539636619389057,0.39894551038742065,0.6508417129516602,0.009274427779018879,0.41583552956581116,0.6430928707122803,0.007240012288093567,0.4305209219455719,0.6398062109947205,0.005268279928714037,0.4066915512084961,0.6309071779251099,0.002637318568304181,0.4416082203388214,0.6135708689689636,-0.003102096961811185,0.4619969427585602,0.6169977784156799,-0.005679493770003319,0.47614172101020813,0.6238457560539246,-0.006468447390943766,0.40962550044059753,0.6407684087753296,-0.0059325192123651505,0.44947510957717896,0.6262960433959961,-0.010781492106616497,0.47306108474731445,0.6311699748039246,-0.012435318902134895,0.48982521891593933,0.6394641399383545,-0.012868300080299377,0.41117778420448303,0.6589258909225464,-0.014170347712934017,0.4473166763782501,0.6432989835739136,-0.01683395728468895,0.4687148630619049,0.6448080539703369,-0.01614348217844963,0.48442542552948,0.6504530906677246,-0.015434123575687408,0.41248250007629395,0.6850179433822632,-0.02208971604704857,0.43820133805274963,0.6668040156364441,-0.021899325773119926,0.454522043466568,0.6610367298126221,-0.019283220171928406,0.4675648808479309,0.6598965525627136,-0.01729070022702217
0.35914716124534607,0.7142606377601624,1.5095203309556382e-07,0.37703776359558105,0.6757478713989258,0.010877584107220173,0.39894595742225647,0.6517256498336792,0.012374750338494778,0.4159364104270935,0.6434652209281921,0.010481658391654491,0.43120238184928894,0.6421712040901184,0.008511039428412914,0.40584585070610046,0.6317905783653259,0.004588031675666571,0.4413502812385559,0.611487627029419,-0.0005529227782972157,0.4606053829193115,0.615268886089325,-0.0021521730814129114,0.4735395014286041,0.6236134767532349,-0.002137330360710621,0.4098441004753113,0.6420473456382751,-0.005146859213709831,0.4495326578617096,0.6235255002975464,-0.009772645309567451,0.47287848591804504,0.6276320815086365,-0.010886509902775288,0.4891234338283539,0.6368861794471741,-0.010687068104743958,0.4127717614173889,0.6612662076950073,-0.014424675144255161,0.4484235346317291,0.6419374346733093,-0.016878968104720116,0.47053587436676025,0.642184853553772,-0.01621573604643345,0.4867706298828125,0.6475260853767395,-0.01536653470247984,0.4154006242752075,0.6878567934036255,-0.023149460554122925,0.4419507682323456,0.6646488308906555,-0.02274562418460846,0.45822805166244507,0.6593918800354004,-0.01983451098203659,0.47113463282585144,0.6604516506195068,-0.0174621120095253
0.36014002561569214,0.7225305438041687,1.475380315696384e-07,0.3776553273200989,0.6814745664596558,0.010400918312370777,0.3989591598510742,0.6544621586799622,0.01112153846770525,0.41721659898757935,0.6451829075813293,0.00845094583928585,0.43291109800338745,0.6435310244560242,0.005683241877704859,0.4040845036506653,0.6324670314788818,0.002622635569423437,0.44069820642471313,0.610134482383728,-0.003707069903612137,0.4612363576889038,0.6151304244995117,-0.006352115422487259,0.4751370847225189,0.62416672706604,-0.007199217565357685,0.4081701636314392,0.6429992318153381,-0.007371789310127497,0.4477999210357666,0.6193895936012268,-0.012901542708277702,0.47101205587387085,0.623665988445282,-0.01469312235713005,0.48694413900375366,0.6325585246086121,-0.015139691531658173,0.4118040204048157,0.663147509098053,-0.016877250745892525,0.4473741948604584,0.6375470161437988,-0.020397350192070007,0.4701085686683655,0.6371420621871948,-0.01998666301369667,0.48684394359588623,0.6419941186904907,-0.01940750703215599,0.4158893823623657,0.6916948556900024,-0.02585560455918312,0.4417676329612732,0.6650387048721313,-0.026920456439256668,0.45839908719062805,0.6574811935424805,-0.02486404962837696,0.4724034070968628,0.6564496159553528,-0.023098479956388474
0.36198949813842773,0.7329763770103455,1.432409391100009e-07,0.377628892660141,0.690507709980011,0.009906092658638954,0.397816002368927,0.6590850353240967,0.010056538507342339,0.41525986790657043,0.6478858590126038,0.006855632644146681,0.4305650293827057,0.6439439058303833,0.00358209409750998,0.40357229113578796,0.6359390020370483,0.0014769468689337373,0.44064590334892273,0.6110405325889587,-0.005089696496725082,0.4621485769748688,0.6172748804092407,-0.008109462447464466,0.4762895107269287,0.6276324391365051,-0.009237968362867832,0.4071934223175049,0.6461037397384644,-0.008420350961387157,0.4464287757873535,0.6179682612419128,-0.014567556791007519,0.4688272476196289,0.6253365874290466,-0.01650085113942623,0.4831640124320984,0.6366707682609558,-0.016832327470183372,0.4110184907913208,0.6661766767501831,-0.017763953655958176,0.4464104175567627,0.6352360248565674,-0.021557169035077095,0.46900635957717896,0.6373286843299866,-0.020770402625203133,0.484862357378006,0.6445863842964172,-0.019799355417490005,0.41615596413612366,0.6955796480178833,-0.02664402313530445,0.44188252091407776,0.6652305126190186,-0.02804558537900448,0.45845091342926025,0.6572054624557495,-0.02600483037531376,0.4720292091369629,0.6558040976524353,-0.024121291935443878
0.36430874466896057,0.7431142926216125,1.2699693741069495e-07,0.3767799139022827,0.7001078724861145,0.00871798675507307,0.3955969512462616,0.6663163900375366,0.008263452909886837,0.41226470470428467,0.651939332485199,0.004562124144285917,0.4272463917732239,0.6449024081230164,0.0008168518543243408,0.4022253751754761,0.6434462070465088,-0.0003832800139207393,0.4380963444709778,0.6120350956916809,-0.008335595950484276,0.45949438214302063,0.6185563206672668,-0.012367204762995243,0.47343626618385315,0.6300151348114014,-0.014038961380720139,0.4064747989177704,0.6530267596244812,-0.010038936510682106,0.44406047463417053,0.616587221622467,-0.017756421118974686,0.4669290781021118,0.6236687898635864,-0.020664062350988388,0.4810279607772827,0.6364645957946777,-0.02139006368815899,0.41130316257476807,0.67230623960495,-0.019207695499062538,0.44521620869636536,0.6325731873512268,-0.024567347019910812,0.4679889976978302,0.6339157223701477,-0.024574536830186844,0.4837624430656433,0.6413893699645996,-0.023774772882461548,0.4178316593170166,0.700740396976471,-0.027945946902036667,0.44202834367752075,0.6657506227493286,-0.03079916536808014,0.45819324254989624,0.6555207967758179,-0.02956678532063961,0.4714849293231964,0.6525561213493347,-0.02800898812711239
0.36668267846107483,0.7471864223480225,1.3420493871763028e-07,0.3785359561443329,0.7012951374053955,0.009890386834740639,0.3962310254573822,0.6660882830619812,0.009428334422409534,0.4128682017326355,0.6506319642066956,0.005365289747714996,0.428049772977829,0.6420928239822388,0.001006587757728994,0.4015876054763794,0.6450004577636719,-0.0010541882365942001,0.436493843793869,0.6078175902366638,-0.009752307087182999,0.4591244161128998,0.6114169359207153,-0.013944125734269619,0.47404786944389343,0.6224226951599121,-0.01559066865593195,0.40593093633651733,0.6546953320503235,-0.011522254906594753,0.4427531957626343,0.612236499786377,-0.020230986177921295,0.466439813375473,0.6177128553390503,-0.02332049049437046,0.480909526348114,0.6311994791030884,-0.023976854979991913,0.4114290773868561,0.6744855046272278,-0.02133876085281372,0.44391316175460815,0.6288606524467468,-0.02751198597252369,0.46689099073410034,0.6295510530471802,-0.027674484997987747,0.4826269745826721,0.6383052468299866,-0.026793478056788445,0.41919267177581787,0.7032343149185181,-0.030577855184674263,0.44268473982810974,0.664566695690155,-0.03461938351392746,0.4590650796890259,0.653408944606781,-0.03400598093867302,0.47271066904067993,0.6506938934326172,-0.03268130123615265
0.36803120374679565,0.7454841732978821,1.3224220651864016e-07,0.37932369112968445,0.7010287642478943,0.007922358810901642,0.3960174024105072,0.6661220788955688,0.006609592121094465,0.41238704323768616,0.6504544615745544,0.0020955076906830072,0.4269886016845703,0.6412283778190613,-0.002490484854206443,0.40075474977493286,0.6436048746109009,-0.0028121008072048426,0.43467357754707336,0.6040855646133423,-0.012347179464995861,0.45703715085983276,0.6084898710250854,-0.017037315294146538,0.47112709283828735,0.6209755539894104,-0.018670398741960526,0.4049016535282135,0.6525635719299316,-0.011958603747189045,0.43999260663986206,0.6052773594856262,-0.020887140184640884,0.4628610610961914,0.6114703416824341,-0.023778529837727547,0.4764677584171295,0.6264675855636597,-0.02416415698826313,0.41061240434646606,0.6713438034057617,-0.020633498206734657,0.4414789080619812,0.6201121807098389,-0.02692550979554653,0.4637065529823303,0.6231757998466492,-0.02688285894691944,0.47867077589035034,0.6353440880775452,-0.02565895766019821,0.4186899960041046,0.6988162994384766,-0.028906017541885376,0.44074559211730957,0.6587982177734375,-0.033236097544431686,0.45700007677078247,0.6483684182167053,-0.03289269655942917,0.47042685747146606,0.6472324728965759,-0.03156961873173714
0.36872825026512146,0.7439916729927063,1.1106138941840982e-07,0.3796055018901825,0.6998754739761353,0.010570122860372066,0.3948609232902527,0.6656819581985474,0.010483914986252785,0.4105342626571655,0.6505432724952698,0.006881769746541977,0.42460545897483826,0.6426182985305786,0.0030291981529444456,0.39857974648475647,0.6420079469680786,-0.0016427430091425776,0.4318029582500458,0.6007171869277954,-0.010887295939028263,0.45406824350357056,0.6057392358779907,-0.015233512967824936,0.46822047233581543,0.6191549301147461,-0.016730252653360367,0.40304699540138245,0.6494238376617432,-0.011738094501197338,0.43733304738998413,0.5976235270500183,-0.02090100571513176,0.46040910482406616,0.6037407517433167,-0.023516053333878517,0.4736422300338745,0.6202161908149719,-0.02363831363618374,0.40905052423477173,0.666814386844635,-0.021095210686326027,0.43871378898620605,0.6120193600654602,-0.027640419080853462,0.4607491195201874,0.615740954875946,-0.027572298422455788,0.4753474295139313,0.6292403936386108,-0.026271073147654533,0.41772526502609253,0.6931911110877991,-0.02975507825613022,0.4390624463558197,0.6524571180343628,-0.034907784312963486,0.4549946188926697,0.6421579122543335,-0.03525520861148834,0.46834486722946167,0.641482949256897,-0.03434598073363304
0.36809247732162476,0.7423266172409058,1.1560682366962283e-07,0.3793061375617981,0.6980932354927063,0.01011924259364605,0.39440953731536865,0.6626994609832764,0.009284579195082188,0.4098823368549347,0.6488139033317566,0.004774907603859901,0.42409393191337585,0.6415777206420898,-6.11604773439467e-05,0.39944618940353394,0.6373266577720642,-0.002455424051731825,0.4339466691017151,0.5973067283630371,-0.012760501354932785,0.45555830001831055,0.6053293347358704,-0.017932167276740074,0.4683464467525482,0.6208403706550598,-0.01975901424884796,0.4032098352909088,0.645078182220459,-0.013021314516663551,0.4388936161994934,0.594790518283844,-0.023198401555418968,0.4624151289463043,0.6031498312950134,-0.026580626145005226,0.474882572889328,0.6212949752807617,-0.02695879153907299,0.40841221809387207,0.6637200713157654,-0.022901544347405434,0.43926748633384705,0.609542965888977,-0.030316485092043877,0.4617784023284912,0.6160672903060913,-0.03040754422545433,0.4757125973701477,0.6311020255088806,-0.02887204848229885,0.41631078720092773,0.6918994188308716,-0.032087281346321106,0.43878355622291565,0.6498954892158508,-0.03726363927125931,0.45477795600891113,0.640785813331604,-0.037007443606853485,0.46733397245407104,0.6413717865943909,-0.035500407218933105
0.36787256598472595,0.7391915917396545,1.0565185704081159e-07,0.3814375400543213,0.6925323605537415,0.011628168635070324,0.39736899733543396,0.6574488878250122,0.011507749557495117,0.41358843445777893,0.6463114619255066,0.0075638857670128345,0.42888906598091125,0.6419978737831116,0.003348415018990636,0.3996098041534424,0.6335135698318481,-0.0007762718596495688,0.43555769324302673,0.5954190492630005,-0.0099032549187541,0.45648613572120667,0.6051494479179382,-0.01416147779673338,0.46893224120140076,0.6211980581283569,-0.015549837611615658,0.4035402536392212,0.6420337557792664,-0.011671331711113453,0.44087156653404236,0.5936912894248962,-0.020410513505339622,0.46325579285621643,0.6037081480026245,-0.022833608090877533,0.47494375705718994,0.6215582489967346,-0.022790882736444473,0.40878045558929443,0.6612656116485596,-0.021725744009017944,0.44097161293029785,0.6094759106636047,-0.027681730687618256,0.4624592065811157,0.6171125769615173,-0.02643158845603466,0.47568443417549133,0.6318892240524292,-0.024340540170669556,0.416896790266037,0.6896300911903381,-0.031030096113681793,0.4395132064819336,0.649405837059021,-0.03512682020664215,0.45513176918029785,0.640292763710022,-0.03397100418806076,0.46745213866233826,0.6396136283874512,-0.03200872987508774
0.36752161383628845,0.7335256934165955,1.0654861171133234e-07,0.38247931003570557,0.6864187121391296,0.011248596012592316,0.39898356795310974,0.651950478553772,0.01101571973413229,0.41568222641944885,0.6419826149940491,0.007064152974635363,0.43122369050979614,0.6384002566337585,0.0029193370137363672,0.3997994661331177,0.6292392015457153,-0.0010668381582945585,0.4361551105976105,0.591879665851593,-0.01035652868449688,0.45682618021965027,0.6035701036453247,-0.014834926463663578,0.4687579572200775,0.6208620667457581,-0.016365285962820053,0.40381553769111633,0.6379544138908386,-0.011605494655668736,0.4415023624897003,0.5907767415046692,-0.020177729427814484,0.46350452303886414,0.6025527715682983,-0.022732019424438477,0.47475874423980713,0.6213226914405823,-0.022918643429875374,0.40931934118270874,0.6571593880653381,-0.021316800266504288,0.4415769875049591,0.6074408888816833,-0.026851054280996323,0.46278858184814453,0.6165716648101807,-0.025760168209671974,0.4758090376853943,0.6319535374641418,-0.024015052244067192,0.4173371493816376,0.6849647164344788,-0.030341612175107002,0.43978026509284973,0.6472369432449341,-0.0340430773794651,0.45525097846984863,0.6397060751914978,-0.03294294700026512,0.46753108501434326,0.6401565670967102,-0.03120066598057747
0.36606982350349426,0.7313767075538635,1.0363049085526654e-07,0.38077640533447266,0.6835565567016602,0.011116348206996918,0.398620069026947,0.6486634612083435,0.011039149016141891,0.4155534505844116,0.637485921382904,0.007244383916258812,0.4312257468700409,0.6313862204551697,0.0032902280800044537,0.3992147743701935,0.6256499886512756,-0.00042526202742010355,0.4362899959087372,0.588960587978363,-0.009244192391633987,0.45633578300476074,0.6006003618240356,-0.012986449524760246,0.4672186076641083,0.6186907291412354,-0.013610301539301872,0.40323010087013245,0.6354877352714539,-0.010616816580295563,0.4415777623653412,0.5903671979904175,-0.018221832811832428,0.46306943893432617,0.6027970314025879,-0.019867733120918274,0.47362276911735535,0.6227158904075623,-0.019252249971032143,0.4087487459182739,0.6554549932479858,-0.02004435658454895,0.44190865755081177,0.6085236072540283,-0.024957239627838135,0.46265363693237305,0.619352400302887,-0.023412009701132774,0.4742377996444702,0.6373987793922424,-0.021181480959057808,0.41660165786743164,0.6828222274780273,-0.028777815401554108,0.43982580304145813,0.6450147032737732,-0.03192054107785225,0.4554210603237152,0.6408024430274963,-0.03024616464972496,0.46667423844337463,0.6455531120300293,-0.027865175157785416
0.3643411099910736,0.731131374835968,9.673886580685576e-08,0.37912118434906006,0.6834325790405273,0.012201295234262943,0.39810702204704285,0.6497156620025635,0.012289384379982948,0.41524216532707214,0.6404326558113098,0.008529902435839176,0.43100571632385254,0.6352313160896301,0.0045749954879283905,0.4001796841621399,0.6266668438911438,-0.0015104820486158133,0.43811506032943726,0.5917943120002747,-0.010455765761435032,0.4575675129890442,0.6043845415115356,-0.013364373706281185,0.46765121817588806,0.6236457228660583,-0.012989918701350689,0.40399369597435,0.6372668743133545,-0.012250890024006367,0.4437873065471649,0.5952428579330444,-0.01980968937277794,0.4652073383331299,0.608263373374939,-0.01993510313332081,0.47499921917915344,0.6291122436523438,-0.017832374200224876,0.40881896018981934,0.6576330661773682,-0.022079654037952423,0.44407159090042114,0.6142175793647766,-0.02693229727447033,0.4642144441604614,0.6264290809631348,-0.023600894957780838,0.47445738315582275,0.6454087495803833,-0.019653890281915665,0.41547730565071106,0.6846911907196045,-0.031098531559109688,0.4399937391281128,0.6478110551834106,-0.03388956934213638,0.4554971754550934,0.6450163722038269,-0.030886249616742134,0.46573156118392944,0.6517439484596252,-0.027102705091238022
0.36200472712516785,0.7346099019050598,8.300814613448892e-08,0.37810367345809937,0.6916658282279968,0.012178338132798672,0.3979388177394867,0.6583385467529297,0.012424890883266926,0.4147503674030304,0.6468511819839478,0.008366473019123077,0.4302889108657837,0.6400632858276367,0.004027539398521185,0.40108999609947205,0.6338807344436646,0.00028709968319162726,0.43916863203048706,0.5988695025444031,-0.009599611163139343,0.4591338038444519,0.6148999929428101,-0.014059890061616898,0.46953079104423523,0.6362037658691406,-0.014831273816525936,0.4036891460418701,0.6415724754333496,-0.011229775846004486,0.4439495801925659,0.6010456085205078,-0.01992460899055004,0.46630632877349854,0.6183292865753174,-0.022117841988801956,0.4764009118080139,0.6420332789421082,-0.021443000063300133,0.4078085720539093,0.6599850058555603,-0.02204478532075882,0.4431818723678589,0.6159850358963013,-0.02777004987001419,0.4639911651611328,0.6314964294433594,-0.02618730254471302,0.4745594263076782,0.6530264019966125,-0.023412002250552177,0.41429197788238525,0.6864230036735535,-0.03214756399393082,0.4387585520744324,0.648181676864624,-0.03546561300754547,0.45464715361595154,0.6479029059410095,-0.0332980640232563,0.46489378809928894,0.6576153635978699,-0.03024492971599102
0.3605031967163086,0.7324826717376709,9.331309769322615e-08,0.3783281743526459,0.6936790347099304,0.013809731230139732,0.39923980832099915,0.6607720255851746,0.015159012749791145,0.41694366931915283,0.6497791409492493,0.01171466987580061,0.4331112205982208,0.6443744897842407,0.008157930336892605,0.40172040462493896,0.6325839757919312,0.004446257371455431,0.43979912996292114,0.5997762084007263,-0.003671082202345133,0.4598585069179535,0.6155217289924622,-0.006782653741538525,0.470401793718338,0.6366499662399292,-0.006792088970541954,0.40410465002059937,0.6384280920028687,-0.007883156649768353,0.4449651837348938,0.5996865034103394,-0.015456749126315117,0.46739569306373596,0.6174448132514954,-0.016259919852018356,0.4772997498512268,0.6419870257377625,-0.0144122876226902,0.40812039375305176,0.6554221510887146,-0.01960892416536808,0.44502943754196167,0.6170880794525146,-0.024454444646835327,0.46516725420951843,0.6362878084182739,-0.02128097601234913,0.47460365295410156,0.6599186062812805,-0.017177758738398552,0.4143712818622589,0.6810035705566406,-0.030664948746562004,0.44001075625419617,0.644913911819458,-0.03261595219373703,0.45510464906692505,0.6484155654907227,-0.02881815657019615,0.46361562609672546,0.6614353060722351,-0.024500424042344093
0.3590119183063507,0.7264020442962646,1.0080132284429055e-07,0.3786148428916931,0.6978309750556946,0.010273219086229801,0.40030768513679504,0.6644097566604614,0.01152387261390686,0.4179050624370575,0.6488469243049622,0.009100514464080334,0.43382498621940613,0.6395443677902222,0.006938425824046135,0.4026900827884674,0.6289457678794861,0.003994791768491268,0.4408251941204071,0.5988599061965942,-0.0031665058340877295,0.46126407384872437,0.6162505149841309,-0.006719695869833231,0.4722098708152771,0.6374822854995728,-0.007417724933475256,0.40407413244247437,0.6322020888328552,-0.00556964660063386,0.44507065415382385,0.5946979522705078,-0.012388934381306171,0.4677865207195282,0.6145281791687012,-0.014497311785817146,0.4784853458404541,0.6394340991973877,-0.014027378521859646,0.4074651598930359,0.6464679837226868,-0.014728063717484474,0.4444323778152466,0.6097873449325562,-0.01937801018357277,0.464566171169281,0.6308130621910095,-0.01864783465862274,0.47483590245246887,0.6543627977371216,-0.016703374683856964,0.413383811712265,0.6693848967552185,-0.02333073504269123,0.43899181485176086,0.6363170742988586,-0.02478342317044735,0.4534960687160492,0.6413296461105347,-0.02197413146495819,0.461818128824234,0.6540296673774719,-0.018941866233944893
0.36183252930641174,0.71385657787323,7.302381987983608e-08,0.3823973536491394,0.6861656308174133,0.012843075208365917,0.40475714206695557,0.6539836525917053,0.015602800995111465,0.4231830835342407,0.6400616765022278,0.014089702628552914,0.4394691586494446,0.6336857676506042,0.012420190498232841,0.40585407614707947,0.6150773763656616,0.007829884067177773,0.44573289155960083,0.5922420024871826,0.003914087079465389,0.46345284581184387,0.6107746958732605,0.0024819124955683947,0.4723275899887085,0.6303702592849731,0.0025932786520570517,0.40820640325546265,0.6181929111480713,-0.00228674802929163,0.4519776999950409,0.5907710194587708,-0.006205974146723747,0.47044825553894043,0.6169883012771606,-0.0073982346802949905,0.4767616093158722,0.6437523365020752,-0.007067312020808458,0.4119679927825928,0.6324130296707153,-0.011710886843502522,0.4512636363506317,0.6028493046760559,-0.014330601319670677,0.46743661165237427,0.6323081851005554,-0.01327796932309866,0.47246548533439636,0.6601002216339111,-0.01184143777936697,0.4170858860015869,0.6530656814575195,-0.02030624821782112,0.44462209939956665,0.6257790923118591,-0.020405573770403862,0.4571220874786377,0.6379003524780273,-0.01760704629123211,0.46213653683662415,0.6552311778068542,-0.015240605920553207
0.358252614736557,0.7031377553939819,9.192444139216605e-08,0.3789353370666504,0.6749566793441772,0.010118898935616016,0.40185442566871643,0.6452112197875977,0.01125845406204462,0.421614408493042,0.6326407194137573,0.008974694646894932,0.438666969537735,0.627129316329956,0.006624377798289061,0.40385618805885315,0.6071744561195374,0.0023632701486349106,0.44508200883865356,0.5859729051589966,-0.0033295596949756145,0.4627646803855896,0.6040753126144409,-0.005442190915346146,0.4723009467124939,0.6223224997520447,-0.005651792977005243,0.4061439037322998,0.6111891269683838,-0.006608548108488321,0.4500938653945923,0.5839308500289917,-0.01172188576310873,0.4683140516281128,0.6082435846328735,-0.01302790455520153,0.4761674106121063,0.6337457895278931,-0.012733387760818005,0.4098496735095978,0.6263899803161621,-0.014893962070345879,0.447585791349411,0.6028637886047363,-0.018525073304772377,0.4627166986465454,0.6315276622772217,-0.017710253596305847,0.46846848726272583,0.6579923033714294,-0.016366321593523026,0.4149291515350342,0.6485435366630554,-0.02252601459622383,0.4407772123813629,0.6263606548309326,-0.023742910474538803,0.4526630640029907,0.6396836042404175,-0.021631836891174316,0.458525151014328,0.6570649743080139,-0.019585100933909416
0.3599134683609009,0.697767972946167,9.946206347422049e-08,0.37762463092803955,0.6606621146202087,0.01452756579965353,0.3981877565383911,0.6311672925949097,0.016068940982222557,0.41742071509361267,0.6214204430580139,0.013211355544626713,0.43436357378959656,0.6186743974685669,0.010064800269901752,0.4014343321323395,0.5974395871162415,0.004211132880300283,0.4416970908641815,0.5778993964195251,-0.0008844462572596967,0.45935237407684326,0.5969022512435913,-0.0022659567184746265,0.4689818322658539,0.6183033585548401,-0.0019503607181832194,0.4056396186351776,0.6045013666152954,-0.007521788589656353,0.4483759105205536,0.5716896653175354,-0.011899247765541077,0.4679469168186188,0.5900135040283203,-0.012001345865428448,0.4775350093841553,0.6132498383522034,-0.011191400699317455,0.410358726978302,0.6222204566001892,-0.018202658742666245,0.4482572376728058,0.5984998941421509,-0.020737508311867714,0.46501216292381287,0.6250642538070679,-0.01868339069187641,0.4723324775695801,0.6504881978034973,-0.016986152157187462,0.4158785045146942,0.6461248993873596,-0.02793838083744049,0.44308361411094666,0.6223886013031006,-0.027750002220273018,0.4551762640476227,0.6341820955276489,-0.02415926568210125,0.46133509278297424,0.6509047746658325,-0.021404674276709557
0.3566581606864929,0.6944781541824341,8.668109074960739e-08,0.37611645460128784,0.6583092212677002,0.015158360823988914,0.39717617630958557,0.6273791193962097,0.01655569113790989,0.41644859313964844,0.6156794428825378,0.013592982664704323,0.4333934485912323,0.611271321773529,0.010265900753438473,0.40008243918418884,0.5947502255439758,0.002880309708416462,0.4399735927581787,0.5747863054275513,-0.0031039449386298656,0.45740172266960144,0.5933064222335815,-0.004968833643943071,0.4673404097557068,0.6130669713020325,-0.005031525623053312,0.4029254913330078,0.6023353934288025,-0.0097230589017272,0.44611090421676636,0.5666868090629578,-0.01594865322113037,0.46631482243537903,0.5847864747047424,-0.01643255166709423,0.4764752984046936,0.608017086982727,-0.015387289226055145,0.4065456688404083,0.620612382888794,-0.02119206078350544,0.4446292519569397,0.5935499668121338,-0.02485821768641472,0.4637613892555237,0.6165483593940735,-0.022881312295794487,0.4740840792655945,0.6390947699546814,-0.02101435326039791,0.41152745485305786,0.6459397077560425,-0.03161429613828659,0.4388774633407593,0.6198534369468689,-0.03235098719596863,0.45358526706695557,0.6269943118095398,-0.029233211651444435,0.4634264409542084,0.6391757130622864,-0.026759425178170204
0.35867518186569214,0.6999440789222717,1.0259828542302785e-07,0.37588170170783997,0.6609718203544617,0.011908252723515034,0.39703652262687683,0.6311036944389343,0.011759240180253983,0.41746410727500916,0.620842695236206,0.008147235959768295,0.43527570366859436,0.6180525422096252,0.004553699865937233,0.3995954692363739,0.596569836139679,-0.0007112755556590855,0.4406747817993164,0.5768216848373413,-0.007261073216795921,0.4586787223815918,0.5931620001792908,-0.009462316520512104,0.4688810706138611,0.6119256615638733,-0.009718594141304493,0.4029921889305115,0.60747230052948,-0.011624383740127087,0.44621407985687256,0.5733811259269714,-0.018327753990888596,0.466480553150177,0.5911785364151001,-0.019218385219573975,0.4770280718803406,0.6135290861129761,-0.018486062064766884,0.40713241696357727,0.6283339262008667,-0.021531501784920692,0.44501420855522156,0.6003578305244446,-0.025291791185736656,0.46397608518600464,0.6204574704170227,-0.02346106618642807,0.474528968334198,0.6407253742218018,-0.021808385848999023,0.41244032979011536,0.6546228528022766,-0.030631564557552338,0.43805208802223206,0.6271327137947083,-0.031081002205610275,0.45117443799972534,0.6302952170372009,-0.027888759970664978,0.46023881435394287,0.6387582421302795,-0.02539585903286934
0.358481764793396,0.7063802480697632,9.633117770135868e-08,0.37266597151756287,0.6670067310333252,0.012029904872179031,0.39183300733566284,0.6356977820396423,0.012609671801328659,0.41150960326194763,0.6241861581802368,0.009739662520587444,0.428860604763031,0.6238701343536377,0.00654305936768651,0.39964887499809265,0.605995237827301,-0.00018345990974921733,0.4405044615268707,0.5896388292312622,-0.006452322006225586,0.45958229899406433,0.604537844657898,-0.00850612297654152,0.47026193141937256,0.6216369867324829,-0.008596161380410194,0.40469101071357727,0.615809440612793,-0.010345119051635265,0.4473492205142975,0.5821663737297058,-0.016517378389835358,0.46818381547927856,0.599459707736969,-0.01696530170738697,0.4782097041606903,0.6220484375953674,-0.01588687300682068,0.4097595810890198,0.6353592872619629,-0.01944670081138611,0.4464944899082184,0.6083652973175049,-0.023612363263964653,0.465679794549942,0.6301848888397217,-0.022212259471416473,0.47487539052963257,0.6521561741828918,-0.020358797162771225,0.41517579555511475,0.6606355309486389,-0.027607202529907227,0.4417804181575775,0.636009156703949,-0.029015036299824715,0.4560501277446747,0.643669843673706,-0.026523374021053314,0.4645041823387146,0.656158447265625,-0.024058746173977852
0.35909000039100647,0.7149068713188171,9.416546475904397e-08,0.37653037905693054,0.6745232343673706,0.010437952354550362,0.3977956771850586,0.6443766355514526,0.009749390184879303,0.41681262850761414,0.6361557841300964,0.005191389936953783,0.433827668428421,0.6329219341278076,0.0003381598799023777,0.4034122824668884,0.6206209063529968,-0.0006213440792635083,0.4442381262779236,0.5954923033714294,-0.009692849591374397,0.4647331237792969,0.6110113263130188,-0.014152954332530499,0.47468629479408264,0.6304325461387634,-0.01522866915911436,0.4063881039619446,0.6292984485626221,-0.01085061114281416,0.44939109683036804,0.5972572565078735,-0.018703684210777283,0.4700758755207062,0.6182862520217896,-0.021310115233063698,0.4783027172088623,0.6420563459396362,-0.02146519348025322,0.4101255238056183,0.6467916965484619,-0.020399656146764755,0.44787630438804626,0.6139267683029175,-0.02524915337562561,0.4665738642215729,0.6352706551551819,-0.024978140369057655,0.474731981754303,0.658351719379425,-0.023717567324638367,0.4146484136581421,0.6713006496429443,-0.029307547956705093,0.4406783878803253,0.6426030993461609,-0.03197246044874191,0.4554249048233032,0.6494157314300537,-0.03071645274758339,0.4636952579021454,0.6629390120506287,-0.02881590649485588
0.35423514246940613,0.7165552973747253,1.1612227268642528e-07,0.3741317689418793,0.6789766550064087,0.011454029940068722,0.39720651507377625,0.6496997475624084,0.011278755962848663,0.41694217920303345,0.6400189399719238,0.006922209169715643,0.4343067407608032,0.6354579925537109,0.0023275043349713087,0.40162453055381775,0.6270586848258972,0.000932603026740253,0.4428171217441559,0.6036016345024109,-0.007140431087464094,0.4634566605091095,0.6177709102630615,-0.010645650327205658,0.4751204252243042,0.6360406875610352,-0.011318767443299294,0.4041200876235962,0.634518563747406,-0.010153449140489101,0.44777217507362366,0.6051098108291626,-0.01655266433954239,0.47075390815734863,0.6230469942092896,-0.01791497692465782,0.48221564292907715,0.6460859775543213,-0.017629729583859444,0.40736132860183716,0.6512910723686218,-0.0206182599067688,0.4469188451766968,0.6187516450881958,-0.024262499064207077,0.46707966923713684,0.6382201910018921,-0.022785717621445656,0.4768521189689636,0.6620691418647766,-0.021243857219815254,0.4121376872062683,0.6747986078262329,-0.030568411573767662,0.43860748410224915,0.644172191619873,-0.03265506401658058,0.45380693674087524,0.6498385667800903,-0.030716590583324432,0.4627813994884491,0.6639739274978638,-0.028559383004903793
0.3555891215801239,0.7096935510635376,1.5096178174189845e-07,0.37647247314453125,0.6757694482803345,0.01234062947332859,0.39968717098236084,0.6466489434242249,0.012372837401926517,0.41900038719177246,0.6374472379684448,0.008120721206068993,0.4367540776729584,0.6356817483901978,0.0035380329936742783,0.40167689323425293,0.6196280121803284,0.000863999652210623,0.4434594213962555,0.6000356674194336,-0.007274867966771126,0.4646504521369934,0.6151812076568604,-0.010996515862643719,0.47727903723716736,0.6339308619499207,-0.012013815343379974,0.4030941128730774,0.6268196105957031,-0.010730616748332977,0.4474138915538788,0.5989877581596375,-0.018399540334939957,0.4704594612121582,0.618798017501831,-0.02066371776163578,0.4819461703300476,0.643794059753418,-0.02093774825334549,0.405428022146225,0.6438100337982178,-0.021472569555044174,0.4458406865596771,0.6160105466842651,-0.026274075731635094,0.46546033024787903,0.6396552920341492,-0.025414297357201576,0.47509199380874634,0.664940595626831,-0.024136368185281754,0.4097035527229309,0.6677582263946533,-0.0314781628549099,0.4383813142776489,0.6411599516868591,-0.03349220007658005,0.45292988419532776,0.6482757925987244,-0.031211338937282562,0.4613936245441437,0.6616005301475525,-0.029014827683568
0.35285112261772156,0.6913709044456482,1.545539873859525e-07,0.37283849716186523,0.6544368863105774,0.009546446613967419,0.39814457297325134,0.6272285580635071,0.008845636621117592,0.4197600781917572,0.6211447715759277,0.004749183543026447,0.4386592507362366,0.6219015121459961,0.00047281492152251303,0.401865154504776,0.6050794124603271,-0.0013501006178557873,0.44476187229156494,0.5853492617607117,-0.009082003496587276,0.4647260308265686,0.601794958114624,-0.012285307049751282,0.4762018024921417,0.6204651594161987,-0.012972581200301647,0.4038386940956116,0.6160703301429749,-0.011223183944821358,0.4486437737941742,0.5917853713035583,-0.01932518370449543,0.46952497959136963,0.6165295243263245,-0.021847017109394073,0.47893449664115906,0.6436842083930969,-0.021913787350058556,0.40610963106155396,0.6357119083404541,-0.020357195287942886,0.44605299830436707,0.6100537180900574,-0.02583152987062931,0.4650792181491852,0.6346664428710938,-0.02576686628162861,0.4745326638221741,0.6592186689376831,-0.024745088070631027,0.4095774292945862,0.659574031829834,-0.028834672644734383,0.4368538558483124,0.6333469748497009,-0.0315941758453846,0.4509112238883972,0.6378681063652039,-0.030393196269869804,0.45946845412254333,0.6471372246742249,-0.028886893764138222
0.35719144344329834,0.6825228929519653,1.5962172028594068e-07,0.3750544786453247,0.6464914679527283,0.011780091561377048,0.3983137309551239,0.6187405586242676,0.012288331054151058,0.4189110994338989,0.6122840642929077,0.008833757601678371,0.4369945824146271,0.6146863102912903,0.005099787842482328,0.4042689800262451,0.591698944568634,0.0018130537355318666,0.44530221819877625,0.578205406665802,-0.00436334777623415,0.4651991128921509,0.5940701961517334,-0.006569297052919865,0.47662580013275146,0.611818790435791,-0.006730076391249895,0.4071524143218994,0.6005508899688721,-0.00871634017676115,0.4509025812149048,0.5797876715660095,-0.014744993299245834,0.470567911863327,0.6021096110343933,-0.015530035831034184,0.4795721769332886,0.6271201372146606,-0.014729643240571022,0.4100502133369446,0.6195256114006042,-0.01844686269760132,0.4490097165107727,0.6053097248077393,-0.02182578481733799,0.4657350778579712,0.6311661601066589,-0.02019495517015457,0.47341322898864746,0.6552690267562866,-0.01843767985701561,0.4134270250797272,0.6439118385314941,-0.027481621131300926,0.4432360529899597,0.6275573968887329,-0.027578914538025856,0.4566074311733246,0.6396251320838928,-0.024304069578647614,0.4641130864620209,0.6549373269081116,-0.021546674892306328
0.3546699583530426,0.6720072031021118,1.5375739792489185e-07,0.3758682608604431,0.6360916495323181,0.012351416982710361,0.39986076951026917,0.6117689609527588,0.012562013231217861,0.42103132605552673,0.6080024838447571,0.008687001653015614,0.43903905153274536,0.6107682585716248,0.004342577885836363,0.4035432040691376,0.5860462784767151,0.001097465050406754,0.4443892240524292,0.5719786286354065,-0.00623996090143919,0.4636476933956146,0.5876762866973877,-0.00907429214566946,0.4747290015220642,0.605147659778595,-0.009587888605892658,0.4057852625846863,0.5963994264602661,-0.010287302546203136,0.45050638914108276,0.5728244781494141,-0.01790083758533001,0.47067514061927795,0.5950069427490234,-0.01965423859655857,0.4806213974952698,0.619805097579956,-0.019198615103960037,0.4081931710243225,0.6166314482688904,-0.020786788314580917,0.4481494128704071,0.6016553640365601,-0.0260331928730011,0.46658825874328613,0.6272559762001038,-0.025244304910302162,0.4760311245918274,0.6495486497879028,-0.02356979064643383,0.4110855758190155,0.6426075100898743,-0.030389420688152313,0.4423014223575592,0.6281193494796753,-0.03187630698084831,0.45724165439605713,0.6404008865356445,-0.02908206172287464,0.466403603553772,0.6544150710105896,-0.026422850787639618
0.3545617461204529,0.6738312244415283,1.427198839110133e-07,0.37450239062309265,0.6361449360847473,0.011401114985346794,0.39682430028915405,0.6118582487106323,0.01083053182810545,0.4169915020465851,0.6068240404129028,0.006503705866634846,0.4339466989040375,0.6082363128662109,0.00195561652071774,0.40191516280174255,0.5846267938613892,-0.00036352279130369425,0.44248101115226746,0.5695520043373108,-0.008045876398682594,0.46164360642433167,0.5849477648735046,-0.011066794395446777,0.4726003110408783,0.6029859781265259,-0.01178664993494749,0.40442928671836853,0.5948852896690369,-0.01145739946514368,0.44837963581085205,0.569202721118927,-0.019901558756828308,0.46868494153022766,0.5900910496711731,-0.021792501211166382,0.4789697825908661,0.6143089532852173,-0.021374346688389778,0.4068734049797058,0.6154622435569763,-0.02169162593781948,0.4461473822593689,0.5981420278549194,-0.02706807479262352,0.46545034646987915,0.6220364570617676,-0.026043180376291275,0.47611770033836365,0.6441018581390381,-0.024442704394459724,0.4096031188964844,0.6427772045135498,-0.03117377497255802,0.44017672538757324,0.6267887949943542,-0.032518915832042694,0.45542028546333313,0.634861171245575,-0.02957700379192829,0.46568214893341064,0.6452726125717163,-0.0270199254155159
0.3542708158493042,0.6810093522071838,1.2908029134450771e-07,0.3748753070831299,0.6445563435554504,0.0107456985861063,0.3975054919719696,0.6193979978561401,0.009573770686984062,0.4185400903224945,0.6142578125,0.004828864708542824,0.4361281991004944,0.6155083179473877,7.454215392499464e-06,0.3994693458080292,0.5895344018936157,-0.0021048043854534626,0.44211503863334656,0.576945960521698,-0.0101388618350029,0.4607667326927185,0.5966287851333618,-0.013420735485851765,0.4711278975009918,0.6171455383300781,-0.01442001760005951,0.40195992588996887,0.6004615426063538,-0.013089523650705814,0.44775381684303284,0.5749818682670593,-0.020969374105334282,0.46817874908447266,0.5960903167724609,-0.022549264132976532,0.47877272963523865,0.6184817552566528,-0.022359536960721016,0.4051189124584198,0.6220104694366455,-0.023264313116669655,0.4459321200847626,0.5994402766227722,-0.02791554108262062,0.4660853147506714,0.6209378242492676,-0.02648758329451084,0.47735387086868286,0.6409862637519836,-0.025132620707154274,0.40923404693603516,0.6503636837005615,-0.032820023596286774,0.4392402172088623,0.6292208433151245,-0.03439005836844444,0.45576241612434387,0.6328229308128357,-0.03209322318434715,0.467532217502594,0.6395454406738281,-0.03027123026549816
0.35437068343162537,0.7009119987487793,1.213320928172834e-07,0.37518906593322754,0.6636307239532471,0.00996617041528225,0.39818301796913147,0.6364673972129822,0.009552108123898506,0.41838276386260986,0.6287519931793213,0.005601145792752504,0.4347437024116516,0.628105878829956,0.0014856618363410234,0.4023987650871277,0.6086181998252869,-0.0006188783445395529,0.44281071424484253,0.5944260954856873,-0.008838887326419353,0.46313291788101196,0.6128309369087219,-0.013143590651452541,0.4753350615501404,0.6309828162193298,-0.01481183897703886,0.40438151359558105,0.6202552318572998,-0.0107388561591506,0.4486912488937378,0.5970568656921387,-0.01844734512269497,0.4703170657157898,0.6178450584411621,-0.02101341262459755,0.48173296451568604,0.6390432715415955,-0.021471725776791573,0.4071248769760132,0.6401677131652832,-0.020192066207528114,0.4463980197906494,0.6151735782623291,-0.02511240541934967,0.46707478165626526,0.6342169642448425,-0.024842185899615288,0.47852614521980286,0.6536838412284851,-0.023859672248363495,0.41077545285224915,0.6670271158218384,-0.029125338420271873,0.4389687776565552,0.6439563035964966,-0.03127908334136009,0.45530179142951965,0.6488788723945618,-0.029769936576485634,0.46644115447998047,0.658458411693573,-0.02809024602174759
0.35482147336006165,0.7186963558197021,9.39470794492081e-08,0.3765123784542084,0.689223051071167,0.008153310976922512,0.3999876081943512,0.6602412462234497,0.008375059813261032,0.42011216282844543,0.648471474647522,0.005199525039643049,0.4355277717113495,0.643343985080719,0.002102754544466734,0.40515008568763733,0.6296197175979614,0.0018323546973988414,0.44246137142181396,0.6136895418167114,-0.00625357311218977,0.46147605776786804,0.6308009028434753,-0.011290552094578743,0.47417840361595154,0.6489688158035278,-0.013971802778542042,0.40701356530189514,0.6373628973960876,-0.007729205768555403,0.44806453585624695,0.6136963367462158,-0.01470025721937418,0.46950003504753113,0.6303039789199829,-0.018146837130188942,0.4825238883495331,0.6498202681541443,-0.019672438502311707,0.4090936779975891,0.6548633575439453,-0.01715162582695484,0.4454951584339142,0.6260442137718201,-0.02212701179087162,0.4654789865016937,0.6407542824745178,-0.02274509146809578,0.47817718982696533,0.6583590507507324,-0.02275070548057556,0.4126470983028412,0.6805476546287537,-0.026370665058493614,0.4372638761997223,0.6555582284927368,-0.02947075478732586,0.45249098539352417,0.6558876633644104,-0.029133638367056847,0.46429961919784546,0.6623281240463257,-0.028522711247205734
0.35182952880859375,0.7215999960899353,1.1359439611169364e-07,0.37325891852378845,0.6894570589065552,0.010578954592347145,0.3953467309474945,0.6607872843742371,0.01088023092597723,0.4127703309059143,0.6507638096809387,0.0073235658928751945,0.42689818143844604,0.6471425890922546,0.003558115568011999,0.402963250875473,0.6349650025367737,0.0011194907128810883,0.44187119603157043,0.6156988143920898,-0.007528594695031643,0.46149155497550964,0.6314603686332703,-0.01235224399715662,0.47371575236320496,0.6493102312088013,-0.014634962193667889,0.40454572439193726,0.6418025493621826,-0.010004505515098572,0.4463742673397064,0.6124509572982788,-0.018236476927995682,0.46837908029556274,0.6294645071029663,-0.021422944962978363,0.48075392842292786,0.6501709222793579,-0.02229570597410202,0.40651535987854004,0.6606851816177368,-0.020642342045903206,0.44391554594039917,0.6259012222290039,-0.02630988135933876,0.46512463688850403,0.6418038010597229,-0.026013394817709923,0.47866249084472656,0.6610513925552368,-0.02499082311987877,0.4099602699279785,0.6896019577980042,-0.030814774334430695,0.4355744421482086,0.658994734287262,-0.034339141100645065,0.45171883702278137,0.6567543745040894,-0.03353528305888176,0.464734822511673,0.6616492867469788,-0.032314401119947433
0.3499993681907654,0.7183708548545837,1.3688715227999637e-07,0.3731359839439392,0.6871484518051147,0.009271431714296341,0.3972795903682709,0.6589013934135437,0.008586247451603413,0.4174317419528961,0.6486544609069824,0.004485849756747484,0.43454068899154663,0.6456610560417175,0.00042735139140859246,0.4008271396160126,0.6319354176521301,-0.0003135214210487902,0.4414450228214264,0.6117696762084961,-0.009239410981535912,0.46176931262016296,0.6271507740020752,-0.014389043673872948,0.47418856620788574,0.6452552676200867,-0.01674601435661316,0.4018523097038269,0.6401407718658447,-0.010259208269417286,0.44474631547927856,0.6130803227424622,-0.017779255285859108,0.46629902720451355,0.629332423210144,-0.020980600267648697,0.47874128818511963,0.6485353708267212,-0.022284239530563354,0.4034167528152466,0.6588069200515747,-0.019727209582924843,0.44113826751708984,0.6268027424812317,-0.024262942373752594,0.46131768822669983,0.6414980888366699,-0.023764366284012794,0.47448068857192993,0.6594250798225403,-0.023269858211278915,0.406826376914978,0.6864029765129089,-0.028844866901636124,0.4319153130054474,0.6599182486534119,-0.0312952995300293,0.4474470615386963,0.6566868424415588,-0.030184483155608177,0.4603206515312195,0.6588385105133057,-0.02917768433690071
0.35197797417640686,0.7073355913162231,1.3409956522991706e-07,0.3733077347278595,0.6776170134544373,0.010596747510135174,0.39632999897003174,0.6497128009796143,0.01078455988317728,0.41582292318344116,0.6401018500328064,0.007278542034327984,0.43189454078674316,0.6381417512893677,0.003623661585152149,0.4012334942817688,0.6219660043716431,0.0006133286515250802,0.44216516613960266,0.6044714450836182,-0.007304599974304438,0.4615010619163513,0.622674822807312,-0.011498237028717995,0.47254854440689087,0.6417922377586365,-0.013258535414934158,0.40272367000579834,0.6299039125442505,-0.009664690122008324,0.44634106755256653,0.6065326929092407,-0.016381744295358658,0.4673812985420227,0.6249920129776001,-0.018676750361919403,0.47886693477630615,0.6448297500610352,-0.019509460777044296,0.40477633476257324,0.6480292081832886,-0.019381722435355186,0.4435889720916748,0.6198761463165283,-0.023516476154327393,0.4639454782009125,0.637709379196167,-0.02288539707660675,0.4763702154159546,0.657722532749176,-0.02241838164627552,0.40841689705848694,0.6739799380302429,-0.028619810938835144,0.43491703271865845,0.6499592661857605,-0.03139159083366394,0.4511854648590088,0.6498656272888184,-0.030703503638505936,0.46430882811546326,0.655295193195343,-0.030035492032766342
0.3529971241950989,0.7024210095405579,1.2840794738622208e-07,0.37594786286354065,0.6763080954551697,0.013326727785170078,0.39894795417785645,0.64830082654953,0.014727644622325897,0.4189644157886505,0.6379286050796509,0.011830479837954044,0.43542274832725525,0.6361862421035767,0.008603365160524845,0.40316474437713623,0.6159979104995728,0.003673786297440529,0.44316092133522034,0.6012285947799683,-0.0032107578590512276,0.46242210268974304,0.6198690533638,-0.006698251701891422,0.4739188849925995,0.6387143135070801,-0.00822502002120018,0.40400344133377075,0.62267005443573,-0.008216182701289654,0.4477460980415344,0.5987332463264465,-0.014735821634531021,0.46901074051856995,0.6180226802825928,-0.016703424975275993,0.4806812107563019,0.638782262802124,-0.01713981106877327,0.405207097530365,0.6408225893974304,-0.019377397373318672,0.44486096501350403,0.6148865222930908,-0.02380310371518135,0.4652397334575653,0.6347268223762512,-0.022558830678462982,0.4772096872329712,0.6548605561256409,-0.02136184647679329,0.40768304467201233,0.6676713824272156,-0.029796937480568886,0.43627941608428955,0.6447333097457886,-0.032560933381319046,0.4533182978630066,0.6461951732635498,-0.031170211732387543,0.46648678183555603,0.6525465250015259,-0.029858898371458054
0.35284578800201416,0.70161372423172,9.868090700138055e-08,0.3770817816257477,0.6766848564147949,0.015965713188052177,0.3997613787651062,0.6500732898712158,0.018689921125769615,0.4191731810569763,0.6412841081619263,0.016638396307826042,0.43467310070991516,0.6397770643234253,0.014092778787016869,0.4044803977012634,0.6133242249488831,0.007251707371324301,0.44406357407569885,0.6011248826980591,0.0023148986510932446,0.46228936314582825,0.6190423965454102,-0.00017819095228333026,0.47333675622940063,0.6371636986732483,-0.001365664997138083,0.4051934480667114,0.619300901889801,-0.005656638648360968,0.449462354183197,0.5996760129928589,-0.010177131742238998,0.4693688452243805,0.6201328039169312,-0.011411751620471478,0.4798426032066345,0.641736626625061,-0.011666824109852314,0.4062868654727936,0.6369709968566895,-0.017634443938732147,0.44697731733322144,0.6144744753837585,-0.020121386274695396,0.4658600091934204,0.6356865167617798,-0.01797824539244175,0.47641628980636597,0.6560665369033813,-0.01663871295750141,0.4085004925727844,0.6643388867378235,-0.028694646432995796,0.4375441372394562,0.6420872807502747,-0.029462847858667374,0.45327436923980713,0.6451099514961243,-0.026725126430392265,0.46474689245224,0.6522318124771118,-0.024807890877127647
0.3524918854236603,0.7027943134307861,8.786084748635403e-08,0.37836509943008423,0.6792011857032776,0.016828155145049095,0.4016115367412567,0.6530035734176636,0.020236408337950706,0.42093080282211304,0.6436691284179688,0.018505698069930077,0.4361913502216339,0.6401097178459167,0.01617751084268093,0.40472176671028137,0.6149665713310242,0.010043150745332241,0.44413116574287415,0.6017928123474121,0.005581132136285305,0.4625818431377411,0.618939995765686,0.003066392382606864,0.47395944595336914,0.6353542804718018,0.001816358184441924,0.40511319041252136,0.6207579374313354,-0.0034107156097888947,0.4494304060935974,0.6038420796394348,-0.007102734409272671,0.4692922830581665,0.623931884765625,-0.008416966535151005,0.4800291359424591,0.6442088484764099,-0.008901740424335003,0.40604332089424133,0.637917160987854,-0.016093870624899864,0.4468625485897064,0.6165381669998169,-0.01780121400952339,0.46622204780578613,0.6364592909812927,-0.01593090407550335,0.47737061977386475,0.6556848287582397,-0.015058458782732487,0.4083382189273834,0.6646572947502136,-0.027880551293492317,0.4368063807487488,0.6424584984779358,-0.028129300102591515,0.45245373249053955,0.6447187066078186,-0.025493310764431953,0.463979572057724,0.6509957909584045,-0.023865150287747383
0.35180601477622986,0.7014368772506714,9.87155033271847e-08,0.37644633650779724,0.6762109398841858,0.01398903876543045,0.40036508440971375,0.649864673614502,0.016698595136404037,0.42065662145614624,0.6415305733680725,0.014929373748600483,0.43625128269195557,0.6398679614067078,0.012726213783025742,0.40452975034713745,0.6157163381576538,0.008048877120018005,0.44338181614875793,0.6053964495658875,0.002441155957058072,0.46252739429473877,0.6229605078697205,-0.0009857147233560681,0.47445887327194214,0.6387733221054077,-0.002674761228263378,0.405325323343277,0.6215999722480774,-0.003887778613716364,0.44934186339378357,0.6072367429733276,-0.0091637521982193,0.46953314542770386,0.6275267601013184,-0.011451257392764091,0.4805252254009247,0.6473096013069153,-0.012236165814101696,0.40638136863708496,0.6388509273529053,-0.015300889499485493,0.44694316387176514,0.6210647225379944,-0.018581572920084,0.46766161918640137,0.6401159167289734,-0.01786503568291664,0.47989994287490845,0.6588266491889954,-0.017119379714131355,0.4083123207092285,0.6662020683288574,-0.025965416803956032,0.4385293126106262,0.6460358500480652,-0.026756854727864265,0.4555632770061493,0.6487057209014893,-0.024539994075894356,0.4681389331817627,0.6556267142295837,-0.022927341982722282
0.35193371772766113,0.6975989937782288,1.1819546585911667e-07,0.37582939863204956,0.673620879650116,0.012216533534228802,0.40030017495155334,0.6490097045898438,0.014563608914613724,0.4209127426147461,0.6422183513641357,0.012848248705267906,0.43696174025535583,0.6425936818122864,0.010914096608757973,0.4040912389755249,0.6151638627052307,0.007019538898020983,0.4428662955760956,0.6068090796470642,0.001340941758826375,0.46242696046829224,0.6241267323493958,-0.0023813287261873484,0.4748525023460388,0.6400597095489502,-0.0044563845731318,0.4054970145225525,0.6210005283355713,-0.0038536805659532547,0.44835153222084045,0.6067448854446411,-0.00917082093656063,0.46889007091522217,0.6269423365592957,-0.011872515082359314,0.48070982098579407,0.6465780138969421,-0.013239636085927486,0.4072064161300659,0.6380921602249146,-0.01434667594730854,0.4466955363750458,0.6210042238235474,-0.017885148525238037,0.4679584503173828,0.6398524641990662,-0.018137861043214798,0.4811829626560211,0.6579033136367798,-0.018251745030283928,0.4098060727119446,0.6643104553222656,-0.024235714226961136,0.43975830078125,0.6474596858024597,-0.02566649578511715,0.4571418762207031,0.6508998274803162,-0.02457190304994583,0.4704408347606659,0.6575173139572144,-0.023895449936389923
0.3538905382156372,0.6936097741127014,1.3289908906699566e-07,0.3773539960384369,0.6716346144676208,0.011466117575764656,0.4020906984806061,0.6473358869552612,0.013586321845650673,0.42326346039772034,0.6407003402709961,0.011725367978215218,0.4393249750137329,0.6403910517692566,0.00968537013977766,0.4064770042896271,0.6118351221084595,0.007098779547959566,0.4446207582950592,0.6049747467041016,0.0013776249252259731,0.46410199999809265,0.6244456768035889,-0.0027571830432862043,0.4764905273914337,0.6424182653427124,-0.0052045537158846855,0.4076286256313324,0.6168971657752991,-0.0033246290404349566,0.44983673095703125,0.6049610376358032,-0.00851377286016941,0.470498263835907,0.6266027688980103,-0.011451943777501583,0.482165664434433,0.6476638913154602,-0.013061105273663998,0.4087640941143036,0.6333164572715759,-0.01347451750189066,0.44795656204223633,0.6171146035194397,-0.016981415450572968,0.46928906440734863,0.6365916728973389,-0.017488177865743637,0.4825849235057831,0.6555433869361877,-0.017894912511110306,0.41088736057281494,0.6591202020645142,-0.023115696385502815,0.44018515944480896,0.6443325281143188,-0.02488712966442108,0.4574695825576782,0.6487529277801514,-0.024183833971619606,0.47069770097732544,0.6564984917640686,-0.02378261461853981
0.3537982702255249,0.6841171979904175,1.2763324264142284e-07,0.377512127161026,0.6594110131263733,0.013013992458581924,0.40211302042007446,0.6379117965698242,0.0158130694180727,0.42260029911994934,0.6339277625083923,0.014310874044895172,0.4383067786693573,0.6351941227912903,0.012414987199008465,0.4077607989311218,0.6062988042831421,0.008451778441667557,0.4456034302711487,0.6005978584289551,0.0033311969600617886,0.46405601501464844,0.619448721408844,-8.682916086399928e-05,0.4755083918571472,0.6364136934280396,-0.001832383219152689,0.4087885916233063,0.612525224685669,-0.0026694065891206264,0.450522780418396,0.602510929107666,-0.007022146135568619,0.47001224756240845,0.6234111785888672,-0.009132160805165768,0.4806382656097412,0.6435877084732056,-0.010086950846016407,0.40923741459846497,0.6297025084495544,-0.013436996378004551,0.44820117950439453,0.6179851293563843,-0.016299402341246605,0.468252032995224,0.6379243731498718,-0.016037797555327415,0.48045632243156433,0.6559645533561707,-0.015797292813658714,0.4102790057659149,0.6554856896400452,-0.02356608584523201,0.4406796991825104,0.6430864930152893,-0.02478974312543869,0.45780500769615173,0.6486904621124268,-0.023314639925956726,0.4707816243171692,0.65627521276474,-0.02222180739045143
0.35506653785705566,0.6751761436462402,1.3704556067750673e-07,0.37943196296691895,0.6523258686065674,0.011464075185358524,0.4047296345233917,0.6333358883857727,0.013268586248159409,0.42559924721717834,0.6319286823272705,0.01101931557059288,0.4417523145675659,0.636052668094635,0.008540749549865723,0.408476859331131,0.6011881232261658,0.0066649531945586205,0.4472196698188782,0.5994489192962646,0.0007639782852493227,0.4653783440589905,0.6219102740287781,-0.003224518382921815,0.4765028953552246,0.6416518092155457,-0.0053243632428348064,0.40933671593666077,0.6075579524040222,-0.003779500024393201,0.4521033763885498,0.6022369265556335,-0.008596132509410381,0.4701250493526459,0.6269974112510681,-0.011083988472819328,0.47960180044174194,0.6491425633430481,-0.012439131736755371,0.4099794924259186,0.6249196529388428,-0.013950356282293797,0.44987061619758606,0.6182888150215149,-0.016837293282151222,0.4684201776981354,0.6414551734924316,-0.016796499490737915,0.4791703522205353,0.6612787246704102,-0.0168779119849205,0.41131195425987244,0.6505107879638672,-0.02365030162036419,0.4421480894088745,0.6431728601455688,-0.02465551160275936,0.4590784013271332,0.6513349413871765,-0.023395895957946777,0.47158393263816833,0.6601177453994751,-0.02265685237944126
0.35748445987701416,0.6669420003890991,1.659792303598806e-07,0.3793741464614868,0.6421747207641602,0.008295377716422081,0.40492257475852966,0.6244373321533203,0.007832552306354046,0.4259621798992157,0.626323401927948,0.004013600759208202,0.4421888291835785,0.6333818435668945,1.665188028709963e-05,0.4104682207107544,0.5971246361732483,0.00029640449793078005,0.4497253894805908,0.5979174971580505,-0.007830425165593624,0.4677988588809967,0.6222698092460632,-0.012849239632487297,0.47840791940689087,0.6437432169914246,-0.015291273593902588,0.4104817807674408,0.604611337184906,-0.008949803188443184,0.4530317187309265,0.6011314392089844,-0.015868812799453735,0.4712309241294861,0.6282299757003784,-0.018850306048989296,0.4806775450706482,0.652249813079834,-0.020356308668851852,0.41023653745651245,0.6223264336585999,-0.017930984497070312,0.44981199502944946,0.6187952756881714,-0.02252943255007267,0.4676187038421631,0.6449604630470276,-0.02273600734770298,0.4773428738117218,0.6670470237731934,-0.022684475407004356,0.4107665717601776,0.647996187210083,-0.02661772072315216,0.4417736530303955,0.6443067789077759,-0.028549687936902046,0.4581262767314911,0.6546945571899414,-0.027417216449975967,0.4697488844394684,0.6650835871696472,-0.026621699333190918
0.36052244901657104,0.6629578471183777,1.8175224170136062e-07,0.3817080855369568,0.6380643844604492,0.008413142524659634,0.4059205651283264,0.6217129230499268,0.00709398090839386,0.42587360739707947,0.6239116787910461,0.00238747033290565,0.44187650084495544,0.6321069002151489,-0.002534895669668913,0.41092246770858765,0.593721866607666,-0.0015220970381051302,0.4495784640312195,0.5941170454025269,-0.010242262855172157,0.4677189290523529,0.617748498916626,-0.015194389037787914,0.4781040549278259,0.6389874815940857,-0.01742366887629032,0.41057515144348145,0.6004419326782227,-0.011125882156193256,0.45305556058883667,0.5941744446754456,-0.018714172765612602,0.4708777070045471,0.6223458051681519,-0.02134670317173004,0.47980576753616333,0.6474282145500183,-0.02239084430038929,0.4101907014846802,0.6182466745376587,-0.020318077877163887,0.44927895069122314,0.6155493259429932,-0.025778155773878098,0.46563032269477844,0.643732488155365,-0.02545125037431717,0.473860502243042,0.6663113236427307,-0.024716364219784737,0.4107598662376404,0.6438886523246765,-0.029114829376339912,0.44196006655693054,0.6424616575241089,-0.0315994955599308,0.45762938261032104,0.655021071434021,-0.03004053421318531,0.46825695037841797,0.6661567091941833,-0.028728464618325233
0.36035633087158203,0.6627212762832642,1.6706739813798777e-07,0.38204723596572876,0.6390082240104675,0.009361176751554012,0.4059765040874481,0.6231337189674377,0.00848241988569498,0.4257226288318634,0.6242901086807251,0.004159920383244753,0.44175615906715393,0.6304539442062378,-0.0004435967712197453,0.4104115962982178,0.5936492681503296,-0.001051414175890386,0.4482422471046448,0.5927596688270569,-0.009294228628277779,0.4665815830230713,0.6131131649017334,-0.013767248950898647,0.47704899311065674,0.6323255300521851,-0.015670733526349068,0.40988999605178833,0.6009039282798767,-0.011025171726942062,0.451948344707489,0.5935671329498291,-0.0184805765748024,0.4702502489089966,0.6199734210968018,-0.020949508994817734,0.4793604016304016,0.6439095139503479,-0.021757090464234352,0.40920644998550415,0.6189350485801697,-0.020427459850907326,0.4487854838371277,0.6152094602584839,-0.025886526331305504,0.4658958911895752,0.6422198414802551,-0.025566812604665756,0.47421422600746155,0.6637575030326843,-0.024752095341682434,0.40927526354789734,0.6448978781700134,-0.02926560677587986,0.4409139156341553,0.6432854533195496,-0.03172967955470085,0.4570879638195038,0.6548831462860107,-0.030117621645331383,0.46780121326446533,0.6648029685020447,-0.028697235509753227
0.36151719093322754,0.6753555536270142,1.6907738142890594e-07,0.3812887966632843,0.6464101672172546,0.008565393276512623,0.4041315019130707,0.6261469721794128,0.007425382267683744,0.42344558238983154,0.6232994198799133,0.003074261359870434,0.4404204785823822,0.6279795169830322,-0.0014307585079222918,0.4070424735546112,0.599984347820282,-0.0033590677194297314,0.44468700885772705,0.5858608484268188,-0.012734640389680862,0.46400630474090576,0.6011595726013184,-0.01722658798098564,0.4749240279197693,0.6190947890281677,-0.018769672140479088,0.40807151794433594,0.6080456376075745,-0.01317936833947897,0.4495620131492615,0.58603835105896,-0.02246992103755474,0.46962904930114746,0.6065717935562134,-0.025450019165873528,0.4795442819595337,0.6294574737548828,-0.0258929505944252,0.4089423716068268,0.6280388832092285,-0.022413721308112144,0.4471381604671478,0.613983690738678,-0.029835693538188934,0.46501028537750244,0.6383533477783203,-0.03013385646045208,0.47397521138191223,0.6600461006164551,-0.028919339179992676,0.4102371335029602,0.6565053462982178,-0.031014932319521904,0.44140625,0.6498423218727112,-0.03458331525325775,0.45773783326148987,0.6595444083213806,-0.03325086832046509,0.468927264213562,0.6688902974128723,-0.03160419315099716
0.359439492225647,0.6883363127708435,1.680167258655274e-07,0.3765716850757599,0.6513668298721313,0.011462880298495293,0.39833176136016846,0.6270649433135986,0.011189638637006283,0.4170379936695099,0.6212717890739441,0.007340673357248306,0.4342045187950134,0.6234506964683533,0.0032913219183683395,0.4021472930908203,0.6059959530830383,-0.0028444009367376566,0.4387185871601105,0.5794438719749451,-0.011310880072414875,0.4594433307647705,0.5863542556762695,-0.014425351284444332,0.4729825556278229,0.5993573665618896,-0.015080795623362064,0.4047049582004547,0.6152805685997009,-0.013890549540519714,0.44303905963897705,0.5752493739128113,-0.02366391383111477,0.46586620807647705,0.5865196585655212,-0.025533631443977356,0.47843387722969055,0.6061932444572449,-0.024849319830536842,0.40709322690963745,0.6357786059379578,-0.02392619103193283,0.4451534152030945,0.6118090748786926,-0.03199910372495651,0.4655866324901581,0.6343953609466553,-0.031212588772177696,0.4764091968536377,0.6561363339424133,-0.028955524787306786,0.4100194573402405,0.6645908951759338,-0.03298551216721535,0.4416782855987549,0.6555776000022888,-0.03743130713701248,0.4583792984485626,0.6652206778526306,-0.0356915146112442,0.46954506635665894,0.6744250059127808,-0.03336276486515999
0.35785096883773804,0.6969062685966492,1.6507698319401243e-07,0.37407001852989197,0.6565424799919128,0.01244853250682354,0.3949087858200073,0.6297411322593689,0.01301096472889185,0.4136980473995209,0.6237286925315857,0.009825050830841064,0.43027156591415405,0.628348708152771,0.006405054125934839,0.4005870223045349,0.6101061701774597,-0.00010799070150824264,0.43677666783332825,0.5838479399681091,-0.007070126477628946,0.45738086104393005,0.5904771685600281,-0.009603909216821194,0.47070571780204773,0.6022076606750488,-0.01037102472037077,0.4042119085788727,0.618536114692688,-0.011221147142350674,0.4414846897125244,0.5752659440040588,-0.0191341582685709,0.46379354596138,0.5861948728561401,-0.020254546776413918,0.4763360023498535,0.6061205863952637,-0.019544143229722977,0.40711891651153564,0.639343798160553,-0.02136324904859066,0.4445329010486603,0.6138177514076233,-0.028236953541636467,0.4646998345851898,0.6339603662490845,-0.02799341268837452,0.47594624757766724,0.6538702845573425,-0.026752762496471405,0.41044148802757263,0.6697878241539001,-0.030513141304254532,0.4408794939517975,0.6689756512641907,-0.03507312387228012,0.45797061920166016,0.6792452335357666,-0.03474919870495796,0.4702281951904297,0.6879847049713135,-0.03382492437958717
0.35362231731414795,0.7003642320632935,1.6111242473471066e-07,0.37068992853164673,0.6581443548202515,0.012778759934008121,0.3918476402759552,0.6326360702514648,0.013743771240115166,0.4099411368370056,0.6268579363822937,0.011044741608202457,0.42580676078796387,0.6294034123420715,0.00809723511338234,0.39898592233657837,0.6149247288703918,-0.00036892027128487825,0.43320098519325256,0.5834180116653442,-0.007429840043187141,0.4544975459575653,0.5871496200561523,-0.010057003237307072,0.4687935709953308,0.5976449847221375,-0.010917415842413902,0.40288639068603516,0.6233744025230408,-0.011487919837236404,0.43673670291900635,0.5749778747558594,-0.019597778096795082,0.45976972579956055,0.5817729830741882,-0.020615139976143837,0.4740734100341797,0.5994078516960144,-0.019911566749215126,0.4058942198753357,0.6437686085700989,-0.021619487553834915,0.44082576036453247,0.6149128675460815,-0.028711406514048576,0.46137145161628723,0.6311830282211304,-0.028596239164471626,0.4738655388355255,0.6483772397041321,-0.027494210749864578,0.4091215431690216,0.674569308757782,-0.030727045610547066,0.4389377236366272,0.6732423901557922,-0.03569919243454933,0.4566742777824402,0.6812912821769714,-0.03575870394706726,0.4700050950050354,0.6880587339401245,-0.03508390486240387
0.3508559763431549,0.7033857703208923,1.7458636136780115e-07,0.3672597110271454,0.6585038900375366,0.014557672664523125,0.3872719407081604,0.6309691667556763,0.016233891248703003,0.40439343452453613,0.6241145133972168,0.013833243399858475,0.4190077781677246,0.6276936531066895,0.011056759394705296,0.39475730061531067,0.6154858469963074,0.0007925204117782414,0.4296422600746155,0.5813212394714355,-0.006244143005460501,0.4512958228588104,0.5863575339317322,-0.008683651685714722,0.4653798043727875,0.5991961359977722,-0.009199454449117184,0.39998161792755127,0.6250804662704468,-0.010968397371470928,0.43389612436294556,0.5722616910934448,-0.019530007615685463,0.45719391107559204,0.5762240886688232,-0.020903151482343674,0.4709970951080322,0.5925636291503906,-0.02014046348631382,0.4037003219127655,0.6453572511672974,-0.021569816395640373,0.4387540817260742,0.6120087504386902,-0.028657639399170876,0.45992153882980347,0.6270828247070312,-0.028743423521518707,0.47246140241622925,0.644209623336792,-0.0275129321962595,0.40731367468833923,0.676021933555603,-0.030969245359301567,0.4375828802585602,0.6743099093437195,-0.03577088564634323,0.4554861783981323,0.6841375231742859,-0.03566015511751175,0.46864908933639526,0.6929377317428589,-0.034598227590322495
0.3509463369846344,0.706856906414032,1.6763628707394673e-07,0.3672011196613312,0.6615874171257019,0.014530571177601814,0.3867385983467102,0.6333737373352051,0.016018221154808998,0.40387141704559326,0.6260085105895996,0.013388664461672306,0.4185784161090851,0.6292428374290466,0.010349364951252937,0.3940015137195587,0.6161718964576721,0.0001939497160492465,0.4284256398677826,0.5806668400764465,-0.007427648641169071,0.4497910439968109,0.5875611901283264,-0.010491916909813881,0.46359580755233765,0.6021774411201477,-0.011376301757991314,0.3992184102535248,0.6255114674568176,-0.011573240160942078,0.43191856145858765,0.5699940323829651,-0.019992850720882416,0.4550546705722809,0.5728024840354919,-0.02169390395283699,0.46892499923706055,0.5888397097587585,-0.021449655294418335,0.40317192673683167,0.6455762982368469,-0.02219463512301445,0.4371985197067261,0.6098408699035645,-0.029126014560461044,0.4583863914012909,0.6237716674804688,-0.029879936948418617,0.4711160361766815,0.6406102180480957,-0.02942376770079136,0.40706685185432434,0.675165057182312,-0.03162011131644249,0.4362127482891083,0.6739067435264587,-0.036854036152362823,0.4538725018501282,0.6835588216781616,-0.037566881626844406,0.4671013355255127,0.6924514174461365,-0.03719790652394295
0.3520698845386505,0.7136347889900208,1.5723769308806368e-07,0.3669648766517639,0.6666085124015808,0.015270505100488663,0.38626816868782043,0.6363441944122314,0.017159491777420044,0.4034237563610077,0.6277509331703186,0.014818226918578148,0.41827183961868286,0.6295937895774841,0.012053783982992172,0.39263850450515747,0.6189241409301758,0.0011570143979042768,0.4259604215621948,0.5803150534629822,-0.005823525134474039,0.4474211037158966,0.5851858854293823,-0.0084573058411479,0.4620652496814728,0.5978268980979919,-0.009216687642037868,0.39841362833976746,0.6273272633552551,-0.01082370150834322,0.4290492534637451,0.5679231882095337,-0.018659302964806557,0.45149412751197815,0.5685007572174072,-0.019866924732923508,0.46551480889320374,0.5826063752174377,-0.01941448636353016,0.40288299322128296,0.6468609571456909,-0.021621013060212135,0.43622639775276184,0.6078808307647705,-0.028369372710585594,0.4575996398925781,0.621040940284729,-0.028819402679800987,0.4706686735153198,0.6371994018554688,-0.028236063197255135,0.40727564692497253,0.6759569644927979,-0.031166519969701767,0.43615439534187317,0.6738259196281433,-0.036454685032367706,0.453315794467926,0.6838796138763428,-0.037065912038087845,0.4659840762615204,0.6930700540542603,-0.03664330765604973
0.35297900438308716,0.7177561521530151,1.6760216681177553e-07,0.36880022287368774,0.6695648431777954,0.01403394341468811,0.3879183232784271,0.6384012699127197,0.015291698276996613,0.4045712351799011,0.6301697492599487,0.012341415509581566,0.4188021123409271,0.6313078999519348,0.008980263955891132,0.3933667838573456,0.6206860542297363,0.00019793077080976218,0.4245501160621643,0.5782592296600342,-0.007690820377320051,0.4465106725692749,0.5818164348602295,-0.01105139683932066,0.4609275162220001,0.5940873026847839,-0.012200716882944107,0.39858078956604004,0.6289891600608826,-0.011759333312511444,0.42796558141708374,0.5676543116569519,-0.02036074921488762,0.4507395029067993,0.5692834854125977,-0.022418634966015816,0.4647848606109619,0.5855598449707031,-0.022392842918634415,0.4031318426132202,0.6490156650543213,-0.022681210190057755,0.4350118637084961,0.6075073480606079,-0.03005177527666092,0.45593053102493286,0.6200065612792969,-0.03146001324057579,0.46864762902259827,0.6365470886230469,-0.0314493328332901,0.4080560505390167,0.6782544851303101,-0.032471850514411926,0.4363623857498169,0.6749531030654907,-0.038354989141225815,0.4542054831981659,0.6836187839508057,-0.03980178013443947,0.4673827290534973,0.6915889382362366,-0.03999144211411476
0.35359421372413635,0.7264724969863892,1.4852776075713336e-07,0.3691334128379822,0.6779699325561523,0.013561815023422241,0.38861164450645447,0.6453819870948792,0.01445209514349699,0.40574154257774353,0.6365364193916321,0.011247430928051472,0.42128559947013855,0.6367309093475342,0.007880337536334991,0.39360666275024414,0.6267019510269165,-0.0005718548782169819,0.4259765148162842,0.584969699382782,-0.009105309844017029,0.4475964605808258,0.5902619957923889,-0.012620263732969761,0.4612884819507599,0.6026121973991394,-0.013630271889269352,0.3981778025627136,0.6345784664154053,-0.012325901538133621,0.4289521276950836,0.5755205750465393,-0.020960330963134766,0.45155951380729675,0.580206036567688,-0.02226576767861843,0.4645887017250061,0.5971290469169617,-0.021625874564051628,0.4027443826198578,0.6544446349143982,-0.023127088323235512,0.4354502260684967,0.6145126223564148,-0.03061479888856411,0.45592087507247925,0.6273548007011414,-0.030713841319084167,0.46743854880332947,0.6429587602615356,-0.029499569907784462,0.40820783376693726,0.6843124628067017,-0.03286147490143776,0.43863633275032043,0.6761832237243652,-0.03795492649078369,0.45700064301490784,0.6828942894935608,-0.03801431879401207,0.46979838609695435,0.6893852353096008,-0.03713689744472504
0.3542007803916931,0.7348750829696655,1.4440436757467978e-07,0.37195831537246704,0.69236820936203,0.011524837464094162,0.3917904794216156,0.6586659550666809,0.01141537819057703,0.41012799739837646,0.6464573740959167,0.007478261832147837,0.42683401703834534,0.6456944942474365,0.003483892185613513,0.3942889869213104,0.6313326954841614,-0.0007683495641686022,0.42734459042549133,0.5967463254928589,-0.009423996321856976,0.44812631607055664,0.6004282832145691,-0.013589232228696346,0.46211397647857666,0.6111708283424377,-0.015336018055677414,0.3974032402038574,0.6386258006095886,-0.011980815790593624,0.43220192193984985,0.5869706273078918,-0.020424993708729744,0.45438992977142334,0.5934231281280518,-0.022608963772654533,0.4675430655479431,0.6111041307449341,-0.02277151308953762,0.40165433287620544,0.658922016620636,-0.022361742332577705,0.4374042749404907,0.6246978044509888,-0.029446151107549667,0.4574855864048004,0.6437857747077942,-0.029333947226405144,0.4686613082885742,0.6637767553329468,-0.028117092326283455,0.4073415696620941,0.688668966293335,-0.031900856643915176,0.4367629885673523,0.677670955657959,-0.03572404757142067,0.45317545533180237,0.6839617490768433,-0.034730054438114166,0.46487483382225037,0.6904155611991882,-0.03339608013629913
0.3527979254722595,0.7376571297645569,1.4751935850654263e-07,0.36961400508880615,0.6954743266105652,0.011442149989306927,0.38918763399124146,0.6621223092079163,0.011349027045071125,0.407307505607605,0.6500507593154907,0.007347780745476484,0.4238734841346741,0.6499477624893188,0.0031884557101875544,0.3926493227481842,0.6323585510253906,0.0005179326399229467,0.4249159097671509,0.5995506644248962,-0.007370338309556246,0.4454837441444397,0.6016948223114014,-0.011155116371810436,0.4595135450363159,0.6104961633682251,-0.012693757191300392,0.39552202820777893,0.6396371722221375,-0.010564455762505531,0.4311881959438324,0.5906068086624146,-0.018011564388871193,0.4525342583656311,0.5991395711898804,-0.01951676793396473,0.4652937650680542,0.6171145439147949,-0.01920781470835209,0.39979931712150574,0.6598932147026062,-0.020796632394194603,0.43598759174346924,0.6303601264953613,-0.026964200660586357,0.45328760147094727,0.6508345603942871,-0.02501118741929531,0.46207261085510254,0.6697044968605042,-0.022395525127649307,0.4056072235107422,0.6887334585189819,-0.030295437201857567,0.436177134513855,0.6759365200996399,-0.0327623151242733,0.45320019125938416,0.6792822480201721,-0.030048100277781487,0.4655636250972748,0.6817107796669006,-0.027468344196677208
0.35112863779067993,0.7316676378250122,1.4881621268614253e-07,0.3687651455402374,0.6912570595741272,0.012663437984883785,0.3890697956085205,0.6578251719474792,0.012973123230040073,0.4090225398540497,0.6468299031257629,0.009038349613547325,0.42690134048461914,0.6475764513015747,0.004728447645902634,0.39153435826301575,0.624218225479126,0.0019014283316209912,0.4260530173778534,0.5961325764656067,-0.004799181129783392,0.4473474323749542,0.5999788641929626,-0.007445582654327154,0.4612521529197693,0.6103968620300293,-0.008095971308648586,0.394333153963089,0.6307958960533142,-0.009820140898227692,0.4332200586795807,0.5870162844657898,-0.015833834186196327,0.453472763299942,0.6018289923667908,-0.01599966175854206,0.4639274775981903,0.6241989731788635,-0.014487149193882942,0.3989212214946747,0.6523035764694214,-0.020506534725427628,0.43728476762771606,0.6290960907936096,-0.02556758187711239,0.4523687958717346,0.6544188857078552,-0.021739419549703598,0.4576624929904938,0.6758056282997131,-0.017500288784503937,0.40503260493278503,0.6828529238700867,-0.030368221923708916,0.4368802607059479,0.66751629114151,-0.03145361319184303,0.453676700592041,0.6720051765441895,-0.026850804686546326,0.46464160084724426,0.6759006977081299,-0.02265426516532898
0.35006940364837646,0.7237368822097778,1.3511888141692907e-07,0.36783620715141296,0.6809076070785522,0.013925248757004738,0.38884955644607544,0.6478384733200073,0.015347955748438835,0.4098431169986725,0.638047993183136,0.012262096628546715,0.4275479316711426,0.6402637362480164,0.008633806370198727,0.3916463553905487,0.6150556206703186,0.005011395085602999,0.4285816550254822,0.5939043760299683,-0.0007472241413779557,0.44942277669906616,0.60405433177948,-0.003466505790129304,0.46240222454071045,0.618388295173645,-0.004356193821877241,0.39455848932266235,0.6232091188430786,-0.006757970899343491,0.4367603659629822,0.5908859372138977,-0.012023327872157097,0.4567487835884094,0.6103097796440125,-0.012793679721653461,0.4670756459236145,0.6334603428840637,-0.012015723623335361,0.39919745922088623,0.6446902751922607,-0.017509177327156067,0.4397521913051605,0.6285374760627747,-0.02144647017121315,0.456626296043396,0.6527228355407715,-0.019030077382922173,0.4639774262905121,0.6726182103157043,-0.01630576141178608,0.4049398899078369,0.6738263368606567,-0.027349788695573807,0.4382703900337219,0.6622544527053833,-0.027463402599096298,0.4546593725681305,0.6695392727851868,-0.023338135331869125,0.4652910828590393,0.6758050322532654,-0.01984492875635624
0.35008734464645386,0.7154505848884583,1.3043519686561922e-07,0.3662777543067932,0.6702084541320801,0.013377160765230656,0.38722795248031616,0.6395617127418518,0.015406185761094093,0.4074936509132385,0.6317901611328125,0.013101410120725632,0.42509815096855164,0.635196328163147,0.010302409529685974,0.39102306962013245,0.6087554693222046,0.007386970799416304,0.42788809537887573,0.5909534692764282,0.003085507545620203,0.44775882363319397,0.6021872758865356,0.0008389402646571398,0.4603148400783539,0.6169402003288269,0.0002114596136379987,0.39567312598228455,0.617427408695221,-0.0031653395853936672,0.4367135763168335,0.5922207832336426,-0.0060657598078250885,0.45553627610206604,0.6102707386016846,-0.006695898249745369,0.4656347632408142,0.6313132047653198,-0.0063315024599432945,0.4012119472026825,0.638451874256134,-0.012873003259301186,0.4399949312210083,0.6244109272956848,-0.01455741748213768,0.4566618502140045,0.6447730660438538,-0.012956145219504833,0.4646790623664856,0.6630303263664246,-0.011396181769669056,0.407261461019516,0.6661772727966309,-0.021774418652057648,0.438374787569046,0.6560899615287781,-0.020407777279615402,0.45290884375572205,0.6637837290763855,-0.016576962545514107,0.46225112676620483,0.6711861491203308,-0.013530360534787178
0.35169872641563416,0.7091991901397705,1.2700830609446712e-07,0.3661286532878876,0.6617463827133179,0.014667602255940437,0.3861881196498871,0.6316112279891968,0.01742858998477459,0.40541398525238037,0.6239671111106873,0.01599414087831974,0.423072874546051,0.6265925765037537,0.014230611734092236,0.38996443152427673,0.6038768887519836,0.007927827537059784,0.4255370795726776,0.5842735171318054,0.004533435218036175,0.4443623125553131,0.5940728187561035,0.0035552012268453836,0.45626139640808105,0.607721745967865,0.0038977733347564936,0.3958069086074829,0.6135932207107544,-0.002764675300568342,0.4350118041038513,0.5861140489578247,-0.005685756448656321,0.4535730183124542,0.6015740633010864,-0.0057128965854644775,0.4635022282600403,0.6217640042304993,-0.004663354717195034,0.40216749906539917,0.6349971294403076,-0.012457200326025486,0.4398975074291229,0.6216439008712769,-0.014005785807967186,0.4582008719444275,0.6387555003166199,-0.012488103471696377,0.46768683195114136,0.6553850173950195,-0.010823405347764492,0.4090270400047302,0.6635311245918274,-0.021104522049427032,0.4404869079589844,0.6522168517112732,-0.0191182978451252,0.4552636742591858,0.6601454019546509,-0.0149231543764472,0.46467381715774536,0.6690893769264221,-0.011548429727554321
0.3535626530647278,0.7097272872924805,1.0814592599217576e-07,0.36792269349098206,0.6612643599510193,0.012147246859967709,0.3876729905605316,0.6297373175621033,0.01411360688507557,0.4059271812438965,0.6212835311889648,0.012176739051938057,0.4220374524593353,0.6221582293510437,0.01019931212067604,0.3903448283672333,0.6043920516967773,0.007190951611846685,0.4256378710269928,0.5817451477050781,0.003585683647543192,0.44332972168922424,0.5920447707176208,0.0017944772262126207,0.45376643538475037,0.6063356995582581,0.0013530446449294686,0.3963119089603424,0.6159411072731018,-0.002187261125072837,0.4337449073791504,0.5935034155845642,-0.0036783141549676657,0.4513894021511078,0.6079279780387878,-0.0044890716671943665,0.4612165689468384,0.625377357006073,-0.005017134360969067,0.40273410081863403,0.6368816494941711,-0.010898428037762642,0.43838030099868774,0.6172953248023987,-0.010851625353097916,0.45613232254981995,0.6319466233253479,-0.010085415095090866,0.46661674976348877,0.6480363607406616,-0.01003844290971756,0.4102202355861664,0.6645788550376892,-0.018983585759997368,0.4391757845878601,0.6509488821029663,-0.016604255884885788,0.4536842703819275,0.6559341549873352,-0.013489014469087124,0.46367689967155457,0.6622005105018616,-0.01151039358228445
0.3546026647090912,0.7157684564590454,1.00046044337887e-07,0.36821043491363525,0.6724844574928284,0.010332210920751095,0.3879469633102417,0.6397159099578857,0.011152779683470726,0.4062151312828064,0.6297092437744141,0.008458338677883148,0.42172858119010925,0.629586398601532,0.005869656801223755,0.3907490372657776,0.6159917116165161,0.004329865798354149,0.425432026386261,0.5933824181556702,-0.0013640762772411108,0.44368499517440796,0.6073628664016724,-0.004806450568139553,0.4541650712490082,0.6244955658912659,-0.006234618369489908,0.3959830105304718,0.6260929107666016,-0.004711621440947056,0.4326908588409424,0.5971959233283997,-0.008966219611465931,0.4510522484779358,0.6127331852912903,-0.010995778255164623,0.46082785725593567,0.6312294602394104,-0.011786051094532013,0.40193936228752136,0.6451982855796814,-0.01321303192526102,0.4363446831703186,0.6158097982406616,-0.015487480908632278,0.4556359350681305,0.6283373832702637,-0.015191836282610893,0.4674299657344818,0.643459141254425,-0.014941264875233173,0.40935182571411133,0.672488272190094,-0.02120104245841503,0.437946081161499,0.6536599397659302,-0.021059392020106316,0.4548083543777466,0.6547256112098694,-0.019002635031938553,0.46714556217193604,0.6581095457077026,-0.017543207854032516
0.3548193871974945,0.7293704152107239,7.498853449305898e-08,0.3702986240386963,0.6874174475669861,0.011284386739134789,0.3897613286972046,0.6553204655647278,0.012238250114023685,0.40745845437049866,0.6440849304199219,0.009519423358142376,0.42192354798316956,0.6427555084228516,0.00667466688901186,0.3913542926311493,0.6285907626152039,0.0044471947476267815,0.4264812469482422,0.6105920672416687,-0.0008361799991689622,0.4446030557155609,0.6228920221328735,-0.003704044269397855,0.4552091658115387,0.6371728777885437,-0.00491190142929554,0.3963821828365326,0.6370052695274353,-0.005632857792079449,0.4338998794555664,0.6080918312072754,-0.010207060724496841,0.45238634943962097,0.6221597194671631,-0.011543745175004005,0.462037593126297,0.6380637884140015,-0.011613516137003899,0.40218520164489746,0.6557839512825012,-0.015126187354326248,0.4371495246887207,0.6232039332389832,-0.017974361777305603,0.45787787437438965,0.6339962482452393,-0.017228538170456886,0.47081464529037476,0.6461272835731506,-0.016452418640255928,0.4091555178165436,0.6830886602401733,-0.02395625226199627,0.43683192133903503,0.6582009196281433,-0.024625062942504883,0.4539147913455963,0.6560642719268799,-0.02256697043776512,0.46649447083473206,0.6568490862846375,-0.02096455544233322
0.3551102876663208,0.7423334121704102,8.673757179167296e-08,0.3709031939506531,0.6984201669692993,0.012152459472417831,0.38968977332115173,0.6661393046379089,0.013540491461753845,0.4069335162639618,0.6548187136650085,0.011028769426047802,0.42108067870140076,0.6540940999984741,0.008263722062110901,0.39090797305107117,0.6390829086303711,0.00624955166131258,0.4263400137424469,0.6199495792388916,0.0011992673389613628,0.44563227891921997,0.6287354826927185,-0.001613228116184473,0.4576702415943146,0.6391067504882812,-0.0029156075324863195,0.3960726857185364,0.6468607783317566,-0.0043004462495446205,0.4337264895439148,0.6180675625801086,-0.008895584382116795,0.453809529542923,0.6294363737106323,-0.01035696268081665,0.4655565917491913,0.6422276496887207,-0.010593365877866745,0.4017839729785919,0.6648399233818054,-0.014351831749081612,0.43666568398475647,0.6300448775291443,-0.01778768189251423,0.45868945121765137,0.6375656127929688,-0.017219312489032745,0.47342413663864136,0.6466646194458008,-0.016440287232398987,0.40899452567100525,0.6926939487457275,-0.023640567436814308,0.436625599861145,0.6635262966156006,-0.024778302758932114,0.4541298747062683,0.6580367684364319,-0.022827422246336937,0.4675976634025574,0.655442476272583,-0.02126358263194561
0.35688939690589905,0.7463927865028381,1.0276347239823735e-07,0.37203285098075867,0.7039645910263062,0.011492068879306316,0.39003998041152954,0.6699317097663879,0.012927254661917686,0.4073401391506195,0.6584275960922241,0.010545114986598492,0.42195406556129456,0.6561676263809204,0.007939307019114494,0.39051294326782227,0.6431347727775574,0.005780482664704323,0.42576488852500916,0.6211715936660767,0.0005232406547293067,0.4459895193576813,0.6275762319564819,-0.002318865619599819,0.4593791663646698,0.636113166809082,-0.003673169296234846,0.3955153226852417,0.6498022079467773,-0.004322851076722145,0.43262991309165955,0.617961049079895,-0.009056941606104374,0.4531474709510803,0.6275767683982849,-0.010546531528234482,0.4657788872718811,0.6396739482879639,-0.010809591971337795,0.4017523229122162,0.6674641370773315,-0.013991447165608406,0.43581321835517883,0.6299091577529907,-0.017813969403505325,0.45835599303245544,0.6352887749671936,-0.01753564178943634,0.4737406373023987,0.6430177688598633,-0.016865026205778122,0.41004663705825806,0.6952930688858032,-0.022948896512389183,0.4368751049041748,0.6639034748077393,-0.02473543956875801,0.4539816379547119,0.6570653319358826,-0.02329694665968418,0.4675943851470947,0.6535941958427429,-0.022006845101714134
0.3561047315597534,0.7445765733718872,1.076154134693752e-07,0.3706364631652832,0.6997885704040527,0.011242300271987915,0.3895314931869507,0.666033923625946,0.013013000600039959,0.40775394439697266,0.6553969979286194,0.011077575385570526,0.422580748796463,0.6531885862350464,0.008882766589522362,0.39066970348358154,0.6406482458114624,0.006985008716583252,0.42550113797187805,0.6204649209976196,0.002188136102631688,0.4455243945121765,0.6259660720825195,-0.0007075900794006884,0.4588123857975006,0.6338974237442017,-0.0021666588727384806,0.3964267075061798,0.647911787033081,-0.0028243670240044594,0.43255218863487244,0.6178730130195618,-0.006891976576298475,0.45299580693244934,0.6250583529472351,-0.008671818301081657,0.46582263708114624,0.6357784867286682,-0.009265926666557789,0.40311774611473083,0.6660564541816711,-0.012254757806658745,0.4360984265804291,0.6301648616790771,-0.015676109120249748,0.4585130214691162,0.6328170299530029,-0.01590253971517086,0.474009245634079,0.6381670236587524,-0.015648510307073593,0.41150030493736267,0.6939805150032043,-0.020979583263397217,0.43768563866615295,0.6614710092544556,-0.022545963525772095,0.4541228413581848,0.6545867323875427,-0.021033670753240585,0.4672751724720001,0.6515782475471497,-0.019658159464597702
0.356355756521225,0.7417590618133545,1.2862973619576223e-07,0.37078943848609924,0.6956408619880676,0.011467034928500652,0.38939565420150757,0.6627013087272644,0.013249974697828293,0.40767455101013184,0.6520506143569946,0.011242332868278027,0.42276430130004883,0.650590717792511,0.00883469544351101,0.3905809223651886,0.6367226839065552,0.007246559951454401,0.42601126432418823,0.6187300682067871,0.0022885610815137625,0.44690603017807007,0.6241779923439026,-0.0008667735382914543,0.46109938621520996,0.6325464248657227,-0.002504105679690838,0.39686039090156555,0.6439912915229797,-0.0027112362440675497,0.43346405029296875,0.6150209307670593,-0.007204179652035236,0.45464420318603516,0.6222075819969177,-0.009300807490944862,0.4681207537651062,0.6334967613220215,-0.009948702529072762,0.403688907623291,0.6621565222740173,-0.012253578752279282,0.4366985261440277,0.6265159845352173,-0.01595338247716427,0.4591716527938843,0.6297479271888733,-0.016306664794683456,0.4748919606208801,0.6354278326034546,-0.01596914604306221,0.4119861423969269,0.6905103921890259,-0.021066593006253242,0.438586950302124,0.6573815941810608,-0.022771822288632393,0.4549856185913086,0.651496946811676,-0.021138355135917664,0.46812450885772705,0.6496855616569519,-0.01951945200562477
0.3572523593902588,0.740974485874176,1.1979977898590732e-07,0.37185102701187134,0.6954212784767151,0.012985550798475742,0.3905269205570221,0.6625306010246277,0.015418045222759247,0.40880924463272095,0.6514739394187927,0.01380633469671011,0.42426711320877075,0.6505762338638306,0.011852586641907692,0.3907683193683624,0.6346301436424255,0.008646385744214058,0.42672112584114075,0.6174843311309814,0.004363460931926966,0.4476947486400604,0.6239913105964661,0.0015615613665431738,0.46219566464424133,0.6326389908790588,3.4694787700573215e-06,0.39693325757980347,0.641064465045929,-0.001973554026335478,0.43450722098350525,0.6137665510177612,-0.005720298271626234,0.45584744215011597,0.6225690841674805,-0.0073238518089056015,0.4691975712776184,0.6344165802001953,-0.007881246507167816,0.4038463532924652,0.6585814356803894,-0.012088648043572903,0.438268780708313,0.6249570250511169,-0.015153413638472557,0.46084141731262207,0.6301177740097046,-0.015041172504425049,0.4762091040611267,0.637148916721344,-0.014642096124589443,0.4125116169452667,0.6865396499633789,-0.02137821353971958,0.4404849708080292,0.6561417579650879,-0.022397827357053757,0.45730409026145935,0.6520542502403259,-0.020402831956744194,0.47021058201789856,0.6510640978813171,-0.018778949975967407
0.35722634196281433,0.7392491102218628,1.221761039005287e-07,0.3724495768547058,0.6929975152015686,0.013157332316040993,0.39182722568511963,0.6597269773483276,0.015759076923131943,0.4097647964954376,0.6486062407493591,0.014241321943700314,0.4252764582633972,0.6481059789657593,0.012522094883024693,0.39205315709114075,0.6320676207542419,0.010706686414778233,0.427798867225647,0.6171750426292419,0.007113220170140266,0.44865837693214417,0.6250106692314148,0.004322911612689495,0.4627451002597809,0.6345102787017822,0.002644927939400077,0.39832803606987,0.638425350189209,0.00014746129454579204,0.43593737483024597,0.6134510040283203,-0.002706034341827035,0.457141250371933,0.6241390109062195,-0.004345153458416462,0.470044881105423,0.6373484134674072,-0.005085465963929892,0.4052504599094391,0.6558516025543213,-0.009969054721295834,0.44000911712646484,0.6245251297950745,-0.012049115262925625,0.4623540937900543,0.6321889162063599,-0.011800982058048248,0.4771695137023926,0.6410113573074341,-0.011552681215107441,0.41372814774513245,0.683926522731781,-0.019329214468598366,0.44162648916244507,0.6571281552314758,-0.019431618973612785,0.45821815729141235,0.6554744243621826,-0.017137248069047928,0.47051382064819336,0.656350314617157,-0.015493002720177174
0.3574056625366211,0.7349495887756348,1.1633350283091204e-07,0.3725155293941498,0.6888729929924011,0.013735919259488583,0.39277637004852295,0.6563066840171814,0.01672849804162979,0.41063323616981506,0.6472691297531128,0.015471757389605045,0.4258769154548645,0.6475946307182312,0.014146538451313972,0.39262717962265015,0.6304609179496765,0.012227770872414112,0.42788025736808777,0.6148096323013306,0.00925647933036089,0.4479566514492035,0.6252924203872681,0.006757359951734543,0.4609391987323761,0.6379001140594482,0.005343050230294466,0.39927271008491516,0.6366996765136719,0.0018413879442960024,0.4366709291934967,0.6111807823181152,0.000501550268381834,0.4565514326095581,0.6226426362991333,-0.0005414969637058675,0.46847695112228394,0.6363527774810791,-0.001249645254574716,0.40623313188552856,0.6534922122955322,-0.00812673568725586,0.4416010081768036,0.6221400499343872,-0.008995972573757172,0.46302586793899536,0.6308169960975647,-0.008420830592513084,0.4770539402961731,0.641315221786499,-0.008361889980733395,0.4150269031524658,0.6815041303634644,-0.01732860505580902,0.44376713037490845,0.6595194935798645,-0.01629498228430748,0.4598176181316376,0.6624634861946106,-0.013304422609508038,0.47085699439048767,0.6672150492668152,-0.011438622139394283
0.35705626010894775,0.732357919216156,1.3387493424943386e-07,0.37203750014305115,0.6815772652626038,0.01490199938416481,0.3899027109146118,0.6496838331222534,0.018448546528816223,0.407564252614975,0.6417716145515442,0.017201034352183342,0.4224907159805298,0.643100380897522,0.015615525655448437,0.38968920707702637,0.6288061738014221,0.015260038897395134,0.42323702573776245,0.6103847622871399,0.012214061804115772,0.44369858503341675,0.619596004486084,0.008992425166070461,0.4571424126625061,0.6325809359550476,0.00700164632871747,0.3980421721935272,0.635530412197113,0.004266104660928249,0.4331301152706146,0.6057004928588867,0.002757690381258726,0.45311203598976135,0.6145281791687012,0.0008018602966330945,0.46533653140068054,0.6286911368370056,-0.00038476279587484896,0.40652042627334595,0.6523041129112244,-0.006339922547340393,0.4385879635810852,0.6160022020339966,-0.007329931482672691,0.45897674560546875,0.6201298832893372,-0.007392301224172115,0.47288745641708374,0.6285287737846375,-0.0076496535912156105,0.4163497984409332,0.6810662746429443,-0.016156945377588272,0.44437968730926514,0.6611332297325134,-0.015453871339559555,0.459867000579834,0.6643347144126892,-0.012711198069155216,0.470914751291275,0.6700072288513184,-0.010857281275093555
0.3571629524230957,0.7293907999992371,1.3018005518006248e-07,0.3697996735572815,0.6789321899414062,0.015648195520043373,0.38691404461860657,0.6459486484527588,0.01946178451180458,0.40364494919776917,0.6372104287147522,0.018389858305454254,0.41905567049980164,0.6393383145332336,0.016860898584127426,0.3886690139770508,0.6242147088050842,0.014845632947981358,0.4213542938232422,0.6023401618003845,0.01223871298134327,0.4408711791038513,0.6140363216400146,0.009362908080220222,0.4532572329044342,0.6289145946502686,0.0074751717038452625,0.3974665105342865,0.6307166218757629,0.0034396809060126543,0.43156668543815613,0.5983366370201111,0.0025885305367410183,0.4514431655406952,0.6086422801017761,0.0007806486682966352,0.4631347060203552,0.6253722310066223,-0.0005451430333778262,0.4059528112411499,0.6481401324272156,-0.007421544753015041,0.4378657937049866,0.6094582080841064,-0.008359185419976711,0.45772963762283325,0.6153745055198669,-0.009304948151111603,0.4706149697303772,0.6266433596611023,-0.010469937697052956,0.4158642888069153,0.6778379678726196,-0.01735537126660347,0.44399943947792053,0.6637159585952759,-0.017890017479658127,0.45921051502227783,0.6711236834526062,-0.01648103818297386,0.46939942240715027,0.6807253360748291,-0.015596914105117321
0.35664045810699463,0.7237389087677002,9.131447598065279e-08,0.36869585514068604,0.675701916217804,0.015328685753047466,0.3873487710952759,0.6420226097106934,0.019225263968110085,0.4048909544944763,0.6325006484985352,0.01869134046137333,0.4204765558242798,0.6340382695198059,0.017610901966691017,0.3899860680103302,0.6213095188140869,0.011630358174443245,0.4226230978965759,0.5962016582489014,0.009177833795547485,0.4399772882461548,0.6075688600540161,0.007471494842320681,0.450339138507843,0.6210857033729553,0.006485010497272015,0.3983200788497925,0.6287256479263306,0.0008904903661459684,0.43290117383003235,0.5934760570526123,4.352853466116358e-06,0.45025694370269775,0.6045580506324768,-0.0009922926547005773,0.4602232277393341,0.6203973293304443,-0.0016875368310138583,0.4061596989631653,0.6475166082382202,-0.009118262678384781,0.4395869970321655,0.6100343465805054,-0.010500782169401646,0.45946282148361206,0.6152443885803223,-0.012089861556887627,0.4725843071937561,0.625138521194458,-0.013784073293209076,0.41464027762413025,0.6776866316795349,-0.01798585057258606,0.4428444504737854,0.6682313680648804,-0.01959219016134739,0.4594215452671051,0.6751775145530701,-0.019794892519712448,0.4713599681854248,0.6828096508979797,-0.020136237144470215
0.3571408987045288,0.720491349697113,1.2951517192050233e-07,0.37040621042251587,0.6722689270973206,0.013353887014091015,0.3890037536621094,0.6391522288322449,0.015867477282881737,0.40760985016822815,0.6312340497970581,0.014330921694636345,0.42385435104370117,0.6345102190971375,0.012326592579483986,0.39080825448036194,0.6190944910049438,0.007714790292084217,0.425811767578125,0.5947912335395813,0.0035290296655148268,0.4447934031486511,0.6070926785469055,0.0008878472726792097,0.45657268166542053,0.6216079592704773,-0.0006198557675816119,0.39868536591529846,0.6276546716690063,-0.0024415927473455667,0.43612855672836304,0.5920958518981934,-0.00552913686260581,0.4547387659549713,0.6057053804397583,-0.007212371099740267,0.465191125869751,0.6238932609558105,-0.00792130921036005,0.4062097668647766,0.6473227739334106,-0.011857936158776283,0.44108298420906067,0.6094905138015747,-0.014586716890335083,0.4613664150238037,0.6173465847969055,-0.016168924048542976,0.4746236801147461,0.6286818981170654,-0.017462436109781265,0.4139384925365448,0.6775922775268555,-0.020289376378059387,0.4429776072502136,0.6688265800476074,-0.022712165489792824,0.45928755402565,0.6759958863258362,-0.02305230312049389,0.4711431860923767,0.683292806148529,-0.023222235962748528
0.35531115531921387,0.7170958518981934,1.4308525919659587e-07,0.3692846894264221,0.6695390939712524,0.01230653002858162,0.3885846734046936,0.6367259621620178,0.01440983172506094,0.40791282057762146,0.6303970813751221,0.01270286738872528,0.4237551987171173,0.6355084180831909,0.010643224231898785,0.3926960527896881,0.6150130033493042,0.006487040314823389,0.4289630055427551,0.5920392870903015,0.00152344920206815,0.44869640469551086,0.6047683358192444,-0.001817073905840516,0.46062517166137695,0.6198049783706665,-0.003740500658750534,0.40026021003723145,0.6249933242797852,-0.0033375245984643698,0.4380285143852234,0.5899207592010498,-0.007082673255354166,0.45697158575057983,0.6039076447486877,-0.009168858639895916,0.46726930141448975,0.6219127774238586,-0.010050799697637558,0.4071047902107239,0.6455920338630676,-0.012461896985769272,0.44174396991729736,0.6096915006637573,-0.015611827373504639,0.461584210395813,0.61869215965271,-0.016848929226398468,0.4742944538593292,0.630414605140686,-0.017707427963614464,0.4139494001865387,0.6772390007972717,-0.0207569170743227,0.4424673616886139,0.6695731282234192,-0.023433532565832138,0.4584936499595642,0.6764177083969116,-0.02352404221892357,0.4702663719654083,0.6831200122833252,-0.02331218123435974
0.35558903217315674,0.7147749662399292,1.4742758480679186e-07,0.3703463673591614,0.6641008853912354,0.014381757006049156,0.3888622224330902,0.6325162649154663,0.01693611778318882,0.40673694014549255,0.6248599886894226,0.015181162394583225,0.42207837104797363,0.6281608939170837,0.012893486768007278,0.3923286497592926,0.613568127155304,0.0077505167573690414,0.42584335803985596,0.5859659910202026,0.0028048749081790447,0.44598618149757385,0.5963772535324097,-0.00041083813994191587,0.4585686922073364,0.6117537021636963,-0.0020949039608240128,0.40045416355133057,0.6232239007949829,-0.0032376565504819155,0.43569135665893555,0.5813724398612976,-0.006859964225441217,0.4562346637248993,0.5912570953369141,-0.008732980117201805,0.46788352727890015,0.6096090078353882,-0.009483080357313156,0.4075675904750824,0.6435238718986511,-0.013384571298956871,0.44046831130981445,0.6052745580673218,-0.01648659259080887,0.460245281457901,0.6133567094802856,-0.017617082223296165,0.47268757224082947,0.6263372302055359,-0.018430372700095177,0.4145132005214691,0.6750175356864929,-0.022556528449058533,0.4420773684978485,0.6684669852256775,-0.025361444801092148,0.45817703008651733,0.6756846308708191,-0.025558866560459137,0.4699608385562897,0.6839606165885925,-0.025388499721884727
0.3556557595729828,0.7184180617332458,1.4384102087205974e-07,0.3691122233867645,0.6665910482406616,0.015343159437179565,0.3871583640575409,0.6340818405151367,0.018106609582901,0.4043492376804352,0.6264494061470032,0.016462163999676704,0.4197373390197754,0.6302408576011658,0.014333353377878666,0.39164119958877563,0.6144952774047852,0.0074941497296094894,0.4248589277267456,0.5842050313949585,0.0025371538940817118,0.44526955485343933,0.5936862230300903,-0.00036116319824941456,0.45839935541152954,0.6081585884094238,-0.0017378327902406454,0.39987310767173767,0.6241203546524048,-0.003929536789655685,0.4343213438987732,0.5803847908973694,-0.007379618007689714,0.4553954303264618,0.5887832045555115,-0.008381451480090618,0.4676448404788971,0.6050198674201965,-0.008592305704951286,0.406838595867157,0.6446700692176819,-0.01443514320999384,0.4395911991596222,0.6063145995140076,-0.017385262995958328,0.45910343527793884,0.6145712733268738,-0.017236612737178802,0.4709411561489105,0.627244234085083,-0.017149286344647408,0.4138568341732025,0.6764655709266663,-0.023907369002699852,0.4428236484527588,0.6682961583137512,-0.026170583441853523,0.45902541279792786,0.675818681716919,-0.025188419967889786,0.470254510641098,0.684025764465332,-0.024146324023604393
0.3571159243583679,0.721549928188324,1.2716321862171753e-07,0.3710337281227112,0.6719423532485962,0.013962977565824986,0.38957104086875916,0.6388726234436035,0.015681346878409386,0.4071016013622284,0.6305774450302124,0.013471721671521664,0.42313939332962036,0.632591962814331,0.01091782096773386,0.39402326941490173,0.6170293688774109,0.002242912305518985,0.42799943685531616,0.5838096737861633,-0.004192006774246693,0.4475541412830353,0.5916725397109985,-0.006908749230206013,0.45983457565307617,0.6044831871986389,-0.007748792413622141,0.4003720283508301,0.6266015768051147,-0.00869958009570837,0.43632739782333374,0.5808989405632019,-0.01392588671296835,0.4568508267402649,0.5924745202064514,-0.014521664008498192,0.4675957262516022,0.6112775206565857,-0.01392549928277731,0.4065335988998413,0.6486993432044983,-0.018501296639442444,0.4412412643432617,0.6160686016082764,-0.022703828290104866,0.4597761929035187,0.6323660016059875,-0.021233009174466133,0.46940678358078003,0.6492446660995483,-0.019532280042767525,0.4132101535797119,0.6804928183555603,-0.02723517082631588,0.4438011944293976,0.6692455410957336,-0.02917349897325039,0.459451824426651,0.6761938333511353,-0.02677326090633869,0.4694027006626129,0.6831432580947876,-0.024449680000543594
0.3574230670928955,0.7283884286880493,1.2674846061599965e-07,0.3720715641975403,0.6809056997299194,0.012366344220936298,0.3907627463340759,0.6461784243583679,0.013223009184002876,0.4090365767478943,0.6358168721199036,0.010256326757371426,0.4261853098869324,0.6377161741256714,0.007112435065209866,0.39333781599998474,0.6201785206794739,0.001478827092796564,0.42817309498786926,0.5886658430099487,-0.005926518235355616,0.4486037790775299,0.5973973274230957,-0.009582942351698875,0.46142154932022095,0.6102421879768372,-0.011008093133568764,0.398796409368515,0.6288500428199768,-0.009098093025386333,0.43660810589790344,0.5869159698486328,-0.015340087935328484,0.45689094066619873,0.6036919951438904,-0.01665523275732994,0.4669022560119629,0.6262239813804626,-0.01626819558441639,0.4051905572414398,0.650365948677063,-0.018710147589445114,0.4402918517589569,0.621925413608551,-0.023014262318611145,0.4586384892463684,0.6399171948432922,-0.02197428233921528,0.46781715750694275,0.6573382616043091,-0.02052825316786766,0.41257208585739136,0.68015056848526,-0.02749239280819893,0.44212082028388977,0.6698821783065796,-0.02904989756643772,0.457282155752182,0.677612841129303,-0.026776937767863274,0.46708476543426514,0.6848938465118408,-0.024591198191046715
0.35397273302078247,0.7287062406539917,1.1409952804797285e-07,0.3686385452747345,0.68292635679245,0.014634411782026291,0.38787585496902466,0.6471150517463684,0.01730855368077755,0.4066818058490753,0.6363052129745483,0.015499508008360863,0.4235723614692688,0.6388124227523804,0.013190126977860928,0.3921666741371155,0.6202862858772278,0.007291494403034449,0.42576682567596436,0.5918516516685486,0.0026693374384194613,0.445467084646225,0.5983296036720276,0.0007231323979794979,0.4576859772205353,0.6107999086380005,0.00042662021587602794,0.3977839946746826,0.6272517442703247,-0.004092525690793991,0.4350445866584778,0.5846079587936401,-0.00782956276088953,0.45412567257881165,0.5990990996360779,-0.008182643912732601,0.46397510170936584,0.6219084858894348,-0.00692353118211031,0.4042856991291046,0.6483067274093628,-0.014430013485252857,0.44050320982933044,0.6270937323570251,-0.017225544899702072,0.45698827505111694,0.6472260355949402,-0.015509521588683128,0.46502989530563354,0.6652550101280212,-0.013306047767400742,0.41130220890045166,0.6779009699821472,-0.023731138557195663,0.44165873527526855,0.6673250198364258,-0.02366117760539055,0.4573158919811249,0.6749248504638672,-0.020196476951241493,0.46789637207984924,0.6820993423461914,-0.016994435340166092
0.3541537821292877,0.7333030700683594,9.75541922798584e-08,0.37043800950050354,0.6875438094139099,0.01596987061202526,0.38886040449142456,0.6504724621772766,0.019008221104741096,0.40766283869743347,0.637589693069458,0.017122065648436546,0.42528602480888367,0.6383519768714905,0.014753432944417,0.3906466066837311,0.621155321598053,0.009094986133277416,0.4253971576690674,0.5931873917579651,0.004618697799742222,0.44579729437828064,0.6022180914878845,0.0024810340255498886,0.45854663848876953,0.6168057918548584,0.001921177259646356,0.39575737714767456,0.6284589767456055,-0.003031871747225523,0.4351632595062256,0.5887026190757751,-0.006813330575823784,0.45379775762557983,0.6067948937416077,-0.0074660899117589,0.46340107917785645,0.630519688129425,-0.006719348020851612,0.4024448096752167,0.6492590308189392,-0.014104814268648624,0.4400140643119812,0.6287644505500793,-0.016167432069778442,0.4559420645236969,0.6506395936012268,-0.014058215543627739,0.4636686444282532,0.6695530414581299,-0.01203868631273508,0.40983468294143677,0.6775777339935303,-0.024170294404029846,0.4410112798213959,0.664173424243927,-0.023357007652521133,0.45783761143684387,0.6697110533714294,-0.01972079835832119,0.46968910098075867,0.6750259399414062,-0.016825485974550247
0.35246041417121887,0.7338012456893921,7.118884326473562e-08,0.36934733390808105,0.6893423795700073,0.018712550401687622,0.3881133496761322,0.652925431728363,0.02339613251388073,0.4073083698749542,0.6399787664413452,0.022767670452594757,0.4248446822166443,0.63935786485672,0.021298181265592575,0.3908388912677765,0.6224002838134766,0.01158910896629095,0.42636966705322266,0.5944092869758606,0.00856033992022276,0.4461071491241455,0.605731725692749,0.007567486725747585,0.45794546604156494,0.6216920018196106,0.00777755631133914,0.3958035111427307,0.6289389133453369,-0.0014352076686918736,0.43599042296409607,0.5913099646568298,-0.0035961440298706293,0.45485416054725647,0.6089323163032532,-0.003282615216448903,0.46428894996643066,0.6314637660980225,-0.00207020272500813,0.4019688665866852,0.6493963003158569,-0.013220710679888725,0.4410415291786194,0.6288706660270691,-0.01419450156390667,0.4580863118171692,0.6498754620552063,-0.011593145318329334,0.4661104083061218,0.6682131290435791,-0.009410344995558262,0.4088893532752991,0.677717924118042,-0.023726193234324455,0.4408055543899536,0.6598012447357178,-0.02263861708343029,0.45871278643608093,0.6620657444000244,-0.01890742965042591,0.4715821444988251,0.6648619771003723,-0.01599590666592121
0.3523212969303131,0.7353706955909729,8.648471805372537e-08,0.3665810823440552,0.6887610554695129,0.016457580029964447,0.3854959011077881,0.651864230632782,0.02014441415667534,0.4049631953239441,0.6398374438285828,0.018952729180455208,0.4230589270591736,0.6422192454338074,0.016951577737927437,0.3898027837276459,0.6226745843887329,0.010040819644927979,0.4257204532623291,0.5946646332740784,0.005762934684753418,0.44625699520111084,0.6054568886756897,0.0037819957360625267,0.45884010195732117,0.6213652491569519,0.003562194760888815,0.3952377438545227,0.6296312808990479,-0.001990090822800994,0.435958594083786,0.5918304920196533,-0.005269820801913738,0.4547159969806671,0.609162449836731,-0.005910984706133604,0.4643515944480896,0.6311371922492981,-0.005151103250682354,0.4016011357307434,0.6496589779853821,-0.01303311251103878,0.44026657938957214,0.6283674240112305,-0.014999698847532272,0.4576109051704407,0.6484273672103882,-0.013448760844767094,0.466342568397522,0.6666980385780334,-0.011689030565321445,0.4083562195301056,0.6770012378692627,-0.022942429408431053,0.43952545523643494,0.6580089330673218,-0.022251321002840996,0.4570748507976532,0.6590722799301147,-0.019037041813135147,0.4698335528373718,0.6608278751373291,-0.01639532670378685
0.3539503216743469,0.7387030124664307,8.379426219562447e-08,0.36753973364830017,0.6911468505859375,0.015497175976634026,0.3858034312725067,0.6539235711097717,0.018496308475732803,0.40498271584510803,0.6405629515647888,0.016841061413288116,0.42270857095718384,0.6414862871170044,0.014485802501440048,0.3894098699092865,0.6241266131401062,0.00881046149879694,0.4250713884830475,0.5959479808807373,0.003933322615921497,0.44557636976242065,0.6062939763069153,0.0015781542751938105,0.45830023288726807,0.621343731880188,0.0011032375041395426,0.3947891294956207,0.6314377784729004,-0.0030064531601965427,0.43497055768966675,0.593092679977417,-0.007041480857878923,0.4537432789802551,0.6092820167541504,-0.007953513413667679,0.463765412569046,0.6297312378883362,-0.007315995637327433,0.40137332677841187,0.6513066291809082,-0.013949745334684849,0.4391735792160034,0.6268866062164307,-0.01630227081477642,0.457818865776062,0.6439998149871826,-0.015002298168838024,0.4681752324104309,0.6601420640945435,-0.013476537540555,0.4085962176322937,0.6781819462776184,-0.023858964443206787,0.4389689862728119,0.6564463973045349,-0.023414388298988342,0.45648059248924255,0.6548676490783691,-0.020503979176282883,0.46966904401779175,0.6543518900871277,-0.01815829798579216
0.3556055426597595,0.7407475709915161,7.657170897346077e-08,0.36780762672424316,0.6920435428619385,0.014938775449991226,0.3852234482765198,0.6544334292411804,0.017665425315499306,0.40337860584259033,0.6402261853218079,0.01598481275141239,0.4204409420490265,0.639345645904541,0.013643342070281506,0.39031529426574707,0.6256434917449951,0.007716107647866011,0.4257212281227112,0.598658561706543,0.002904585562646389,0.4454123079776764,0.6087673902511597,0.0006425731698982418,0.4571951627731323,0.6225107908248901,0.00018039788119494915,0.3955545127391815,0.6336742639541626,-0.003562244586646557,0.43469205498695374,0.5969255566596985,-0.007477263920009136,0.45281127095222473,0.6126024723052979,-0.008227452635765076,0.46257567405700684,0.6314709186553955,-0.0076331221498548985,0.40205180644989014,0.6534783244132996,-0.013919292017817497,0.4388188123703003,0.6273831725120544,-0.01633351296186447,0.4565884470939636,0.6431812644004822,-0.014730150811374187,0.46647751331329346,0.6583248376846313,-0.013048904947936535,0.4092186987400055,0.6800532937049866,-0.02326127700507641,0.4387136697769165,0.6573955416679382,-0.023128045722842216,0.4557545483112335,0.6542657017707825,-0.020305050536990166,0.46887314319610596,0.6522848010063171,-0.018002139404416084
0.35372447967529297,0.7416197657585144,5.6678299387158404e-08,0.36633002758026123,0.6923314929008484,0.01603754423558712,0.3842240571975708,0.6560380458831787,0.019687429070472717,0.40330708026885986,0.6425539255142212,0.018603237345814705,0.42002344131469727,0.6429447531700134,0.016695009544491768,0.38857918977737427,0.6295526623725891,0.011209405958652496,0.4249398708343506,0.6089047193527222,0.008487461134791374,0.4437251091003418,0.6186185479164124,0.007222643122076988,0.4551742374897003,0.629283607006073,0.006846345029771328,0.3945426344871521,0.637088418006897,-0.0005439838278107345,0.4349479377269745,0.6059121489524841,-0.002790585858747363,0.45187658071517944,0.6228781342506409,-0.0031271411571651697,0.46099716424942017,0.6404179930686951,-0.002588045084849,0.4017007350921631,0.6560511589050293,-0.011377789080142975,0.4390402138233185,0.6310096383094788,-0.012214230373501778,0.4567973017692566,0.6456536650657654,-0.010497195646166801,0.4670114815235138,0.6584683656692505,-0.009316169656813145,0.40955445170402527,0.6823731064796448,-0.021191168576478958,0.4387975335121155,0.6585018634796143,-0.019882772117853165,0.4553617835044861,0.6557511687278748,-0.01668177731335163,0.4681535065174103,0.6536179780960083,-0.014575320295989513
0.3554343581199646,0.7421587705612183,4.552539323299243e-08,0.3670801520347595,0.6916288137435913,0.019036980345845222,0.38353514671325684,0.6553118228912354,0.023746619001030922,0.40082311630249023,0.6424568891525269,0.023114174604415894,0.4162667393684387,0.6420393586158752,0.02163989096879959,0.3873955011367798,0.6297003030776978,0.013955093920230865,0.4247717559337616,0.6094843149185181,0.012545053847134113,0.4425800144672394,0.6215832829475403,0.012161588296294212,0.4527413249015808,0.634149432182312,0.01240675151348114,0.3936191499233246,0.6364240050315857,0.0012926723575219512,0.43464428186416626,0.6098018288612366,0.00043412629747763276,0.45118749141693115,0.6279398202896118,0.0008053552592173219,0.45868924260139465,0.6468824744224548,0.0016363986069336534,0.4005937874317169,0.6540433168411255,-0.010193217545747757,0.4381977319717407,0.6293073296546936,-0.008820121176540852,0.45608457922935486,0.644045352935791,-0.006051835138350725,0.4653763473033905,0.6583545207977295,-0.004572977311909199,0.40878379344940186,0.679132878780365,-0.020508021116256714,0.4371080994606018,0.6534980535507202,-0.016666319221258163,0.45167481899261475,0.6535117030143738,-0.011904225684702396,0.46135491132736206,0.656022310256958,-0.00895015150308609
0.35206860303878784,0.7350531220436096,3.963347339208667e-08,0.3668079376220703,0.6863735914230347,0.020073559135198593,0.38453996181488037,0.6513516902923584,0.026017293334007263,0.40221646428108215,0.6386386156082153,0.026521671563386917,0.4165426194667816,0.6378504037857056,0.025964029133319855,0.38913899660110474,0.6237844228744507,0.0185404010117054,0.4239926338195801,0.6063680052757263,0.01905219629406929,0.44160258769989014,0.6145928502082825,0.018945353105664253,0.4526382088661194,0.6208045482635498,0.018595261499285698,0.395237535238266,0.6310911178588867,0.0051227714866399765,0.4319785237312317,0.6107490658760071,0.005910200998187065,0.4491165578365326,0.6228539943695068,0.005856115370988846,0.45834437012672424,0.6335825324058533,0.005806054919958115,0.401304692029953,0.6480180621147156,-0.0073087261989712715,0.4342237710952759,0.6209530830383301,-0.005477371159940958,0.45429033041000366,0.6219897270202637,-0.0036740233190357685,0.4676000475883484,0.6233370900154114,-0.0033559068106114864,0.4087177515029907,0.6736912131309509,-0.018534358590841293,0.43400248885154724,0.6425977945327759,-0.016239332035183907,0.45024946331977844,0.6311304569244385,-0.012971684336662292,0.46334144473075867,0.6220047473907471,-0.011193225160241127
0.35568273067474365,0.7337530255317688,2.913781393942827e-08,0.3714013993740082,0.6881206035614014,0.022294027730822563,0.38821864128112793,0.6528041362762451,0.028072437271475792,0.40492457151412964,0.6375748515129089,0.02764650620520115,0.41939425468444824,0.6348132491111755,0.026054564863443375,0.3906571865081787,0.6244937777519226,0.018316343426704407,0.42560091614723206,0.6063363552093506,0.01828320324420929,0.44326093792915344,0.6185379028320312,0.01858649030327797,0.4550369679927826,0.628537654876709,0.01867413893342018,0.39518824219703674,0.6307983994483948,0.0030921604484319687,0.43321073055267334,0.6105560660362244,0.0010019915644079447,0.4506389796733856,0.6316409111022949,0.00048961176071316,0.45855215191841125,0.652411937713623,0.0013175462372601032,0.4002557396888733,0.646927535533905,-0.01080386620014906,0.4339384436607361,0.6169631481170654,-0.010105242021381855,0.4543454349040985,0.6257008910179138,-0.0074287112802267075,0.4666074812412262,0.6359239816665649,-0.005924945697188377,0.40744125843048096,0.6714231371879578,-0.023341162130236626,0.4320254325866699,0.6378138065338135,-0.021396109834313393,0.44864174723625183,0.6261000037193298,-0.0180598646402359,0.4619349241256714,0.6186415553092957,-0.016020502895116806
0.35591480135917664,0.7321458458900452,2.8626551795696287e-08,0.37170663475990295,0.6871199011802673,0.02197064273059368,0.38938817381858826,0.6515917778015137,0.028176849707961082,0.4070947468280792,0.6368558406829834,0.028258470818400383,0.42228439450263977,0.6349846124649048,0.02712429128587246,0.39095163345336914,0.6237894892692566,0.01868767850100994,0.4262802302837372,0.6074050068855286,0.018825998529791832,0.44463855028152466,0.6186938285827637,0.01899511180818081,0.4567068815231323,0.6279857754707336,0.01888735219836235,0.3954896926879883,0.6302588582038879,0.0036477248650044203,0.4339306354522705,0.6116961240768433,0.0013582090614363551,0.4517802298069,0.6330504417419434,8.59684296301566e-05,0.4601758122444153,0.6537225246429443,0.00018566646031104028,0.40070927143096924,0.6463561654090881,-0.010067674331367016,0.43470069766044617,0.6192017197608948,-0.010049534030258656,0.4552888572216034,0.6323432922363281,-0.008428264409303665,0.4671838879585266,0.6457126140594482,-0.007619574666023254,0.40783655643463135,0.6703758239746094,-0.02240772731602192,0.4332227110862732,0.6378327012062073,-0.020755624398589134,0.450166791677475,0.6267910003662109,-0.018073344603180885,0.463351309299469,0.6191143989562988,-0.01675792969763279
0.3556784987449646,0.7297815084457397,5.7100326245063115e-08,0.37183257937431335,0.6859346032142639,0.02063612826168537,0.38925087451934814,0.6510354280471802,0.026176560670137405,0.4072965383529663,0.6369907855987549,0.02592824213206768,0.4218933582305908,0.6349927186965942,0.024606121703982353,0.3904474377632141,0.6239466667175293,0.017139095813035965,0.42588528990745544,0.6079176068305969,0.016592947766184807,0.4447425305843353,0.6167479753494263,0.01648632064461708,0.4574955999851227,0.6244382858276367,0.016223158687353134,0.3949795663356781,0.6302184462547302,0.0026467612478882074,0.4327295422554016,0.609677791595459,0.0006794047658331692,0.45109593868255615,0.6248898506164551,0.00023818810586817563,0.46108466386795044,0.6400853395462036,0.0006917996215634048,0.4003574848175049,0.6462011933326721,-0.010753095149993896,0.4338298738002777,0.6184224486351013,-0.011058771051466465,0.45486605167388916,0.6258825063705444,-0.00876249372959137,0.46802422404289246,0.6340340971946716,-0.0074456362053751945,0.40782421827316284,0.6712031960487366,-0.022913776338100433,0.43323278427124023,0.639263391494751,-0.021753255277872086,0.4503821134567261,0.6278751492500305,-0.01879207231104374,0.4641929268836975,0.6198365688323975,-0.0170903317630291
0.3555673360824585,0.7272032499313354,6.424262011250903e-08,0.37163785099983215,0.6847385168075562,0.016990525647997856,0.38936105370521545,0.6508721709251404,0.02131148986518383,0.40739065408706665,0.6375476717948914,0.02066734991967678,0.42192280292510986,0.6348060965538025,0.0192420557141304,0.39076969027519226,0.6240614652633667,0.013722284696996212,0.42550212144851685,0.605993926525116,0.011766666546463966,0.44384264945983887,0.6128434538841248,0.01075842883437872,0.45600438117980957,0.6195794939994812,0.010074750520288944,0.3953419029712677,0.6302834749221802,0.0010943704983219504,0.4318411648273468,0.6050249934196472,-0.0017368155531585217,0.4497819244861603,0.6150565147399902,-0.0028429855592548847,0.4600791335105896,0.6268224716186523,-0.002758543938398361,0.4009605944156647,0.6465281844139099,-0.010745937936007977,0.4329937994480133,0.6147987842559814,-0.012104448862373829,0.4539487361907959,0.6165816783905029,-0.01097935438156128,0.4676642417907715,0.6205832958221436,-0.01019250974059105,0.4085342288017273,0.6720980405807495,-0.02155548892915249,0.43239712715148926,0.6384396553039551,-0.02140471152961254,0.4486020803451538,0.6272774934768677,-0.019139520823955536,0.46200841665267944,0.6204003095626831,-0.01764473132789135
0.3562695384025574,0.7277494072914124,9.910061038453932e-08,0.3715864419937134,0.6841605305671692,0.014542450197041035,0.3881648778915405,0.6512146592140198,0.01722191832959652,0.4056116044521332,0.6380860805511475,0.015315758064389229,0.419714093208313,0.6356097459793091,0.012651760131120682,0.3897571861743927,0.6240078806877136,0.010304439812898636,0.4242514371871948,0.6051759123802185,0.006700335536152124,0.44421470165252686,0.6099389791488647,0.00461912527680397,0.45754730701446533,0.6172926425933838,0.0034012827090919018,0.3945070803165436,0.6297420859336853,-0.0014650369994342327,0.4310089647769928,0.6023125052452087,-0.00588858500123024,0.4512477219104767,0.6104533076286316,-0.007827757857739925,0.46341022849082947,0.6229896545410156,-0.008149277418851852,0.4005751609802246,0.6458674669265747,-0.012571841478347778,0.4323274791240692,0.6111215949058533,-0.015482820570468903,0.4534470736980438,0.6140308380126953,-0.015069243498146534,0.46744295954704285,0.620624303817749,-0.014293561689555645,0.40851280093193054,0.6716415882110596,-0.022807715460658073,0.4320083260536194,0.6355985403060913,-0.02378952130675316,0.44740498065948486,0.6269431114196777,-0.0218864306807518,0.46016737818717957,0.6245039105415344,-0.020217586308717728
0.35673579573631287,0.7274671792984009,9.322862126737164e-08,0.3718014657497406,0.6830695867538452,0.013754798099398613,0.38845282793045044,0.6503846645355225,0.01632339134812355,0.40525877475738525,0.6377958059310913,0.014382405206561089,0.4191208779811859,0.6355559825897217,0.011767547577619553,0.3895670175552368,0.6236997246742249,0.010480685159564018,0.42382514476776123,0.6056636571884155,0.006529073230922222,0.44364428520202637,0.6112663149833679,0.003946157172322273,0.45695436000823975,0.6196786165237427,0.0024054041132330894,0.39511173963546753,0.6288800835609436,-0.0009284738334827125,0.43134769797325134,0.6014236211776733,-0.005468663759529591,0.4512940049171448,0.6104580760002136,-0.00770113430917263,0.46308547258377075,0.6229401230812073,-0.008357487618923187,0.401807963848114,0.6442064046859741,-0.011844281107187271,0.4336555600166321,0.6085181832313538,-0.015212851576507092,0.4545506238937378,0.6148931980133057,-0.015065513551235199,0.46803951263427734,0.6244286298751831,-0.014422360807657242,0.41012313961982727,0.66927170753479,-0.021963514387607574,0.4341418743133545,0.6343570351600647,-0.023391233757138252,0.44991418719291687,0.6277367472648621,-0.021739942952990532,0.4624990224838257,0.6267892122268677,-0.02026580460369587
0.3570563793182373,0.7283961176872253,8.166203002701877e-08,0.3729856014251709,0.6837424635887146,0.014906312339007854,0.39007768034935,0.6509252786636353,0.017688369378447533,0.40674275159835815,0.6389070749282837,0.015601941384375095,0.4209985136985779,0.636798083782196,0.012782502919435501,0.39055508375167847,0.6244696974754333,0.01120054628700018,0.4257342517375946,0.6064785122871399,0.007467061746865511,0.44511228799819946,0.6150685548782349,0.005210193805396557,0.45758792757987976,0.6260825395584106,0.003977835178375244,0.39557403326034546,0.6297348737716675,-0.0008232519030570984,0.43332576751708984,0.6031210422515869,-0.005730099510401487,0.45284706354141235,0.6171234846115112,-0.008058232255280018,0.46318334341049194,0.634474515914917,-0.008409436792135239,0.4020770490169525,0.6455068588256836,-0.012175267562270164,0.43490150570869446,0.6079774498939514,-0.015620682388544083,0.4559023082256317,0.6182935833930969,-0.015313861891627312,0.4684690833091736,0.6322464346885681,-0.014317247085273266,0.410412460565567,0.6711292266845703,-0.02259446121752262,0.43506014347076416,0.6350382566452026,-0.023947501555085182,0.45085409283638,0.630959153175354,-0.021990831941366196,0.4625377058982849,0.6335894465446472,-0.020129583775997162
0.3569867014884949,0.7292657494544983,6.210972713915908e-08,0.37311941385269165,0.6857925057411194,0.016224289312958717,0.3892839848995209,0.6538406610488892,0.019376136362552643,0.4051941931247711,0.6414121985435486,0.017274988815188408,0.419514000415802,0.6385732293128967,0.014446184039115906,0.3905505836009979,0.625905454158783,0.012250915169715881,0.4260217845439911,0.608812153339386,0.008830550126731396,0.44459888339042664,0.6218162775039673,0.0067857401445508,0.4556271731853485,0.6375203728675842,0.0057435533963143826,0.3957657814025879,0.6305855512619019,-0.0005153961246833205,0.43315836787223816,0.6025053262710571,-0.00470703886821866,0.45325717329978943,0.6161293387413025,-0.006450397428125143,0.46369194984436035,0.633624255657196,-0.006589470896869898,0.4026029109954834,0.6461496949195862,-0.012603437528014183,0.43520551919937134,0.6045340895652771,-0.015620404854416847,0.4554094076156616,0.6170463562011719,-0.014825419522821903,0.4669701159000397,0.6337804198265076,-0.013592458330094814,0.41174137592315674,0.6711016893386841,-0.023696573451161385,0.4357224106788635,0.6333006620407104,-0.02560712769627571,0.45070505142211914,0.6309727430343628,-0.023912804201245308,0.4614272117614746,0.6360532641410828,-0.022076427936553955
0.3575265407562256,0.7277804613113403,5.4162786256028994e-08,0.3719775676727295,0.6824829578399658,0.0173127930611372,0.38641831278800964,0.6512959003448486,0.020498286932706833,0.39957576990127563,0.6382034420967102,0.01826305501163006,0.4129040241241455,0.634080171585083,0.01515249814838171,0.3912352919578552,0.6254115104675293,0.012293350882828236,0.42510080337524414,0.6076058149337769,0.008227972313761711,0.4428923726081848,0.6202803254127502,0.005982230883091688,0.45354118943214417,0.6378338932991028,0.005007395055145025,0.3968319594860077,0.630709171295166,-0.001086408388800919,0.4322308301925659,0.5977879762649536,-0.006172825116664171,0.45236045122146606,0.6091300249099731,-0.007746141403913498,0.46330371499061584,0.6266255974769592,-0.007518780417740345,0.4035912752151489,0.6460903286933899,-0.013721946626901627,0.4348312318325043,0.5997431874275208,-0.017523115500807762,0.4542135000228882,0.6112926602363586,-0.016335181891918182,0.46583569049835205,0.6280203461647034,-0.01466712448745966,0.4128616154193878,0.6707507967948914,-0.025224490091204643,0.4361701011657715,0.6321929097175598,-0.028202718123793602,0.45033544301986694,0.6302811503410339,-0.02665267139673233,0.4607143700122833,0.6361107230186462,-0.024663183838129044
0.3576600253582001,0.7233151197433472,4.3028933305322425e-08,0.37345412373542786,0.6773127317428589,0.020431088283658028,0.38738536834716797,0.6474639177322388,0.02511165663599968,0.3997437059879303,0.6364541053771973,0.023870227858424187,0.4111859202384949,0.6314215064048767,0.021723218262195587,0.3925500214099884,0.6207577586174011,0.015854327008128166,0.42591527104377747,0.6035991907119751,0.013161477632820606,0.44310110807418823,0.6161990761756897,0.012041140347719193,0.4529743790626526,0.6341838836669922,0.01192534901201725,0.3981860280036926,0.6261012554168701,0.0012920708395540714,0.43258777260780334,0.589978039264679,-0.00254096114076674,0.45265740156173706,0.6004738211631775,-0.002624108223244548,0.46321791410446167,0.6187113523483276,-0.0011366106336936355,0.40439388155937195,0.6416518092155457,-0.012381311506032944,0.43502962589263916,0.5924429893493652,-0.014906165190041065,0.4545441269874573,0.6032009720802307,-0.012032177299261093,0.4662292003631592,0.6196714639663696,-0.009126405231654644,0.4129922389984131,0.6668258309364319,-0.024771714583039284,0.43557435274124146,0.6266470551490784,-0.02717091701924801,0.45017433166503906,0.623677670955658,-0.024949371814727783,0.46128425002098083,0.6289692521095276,-0.02228417806327343
0.3598390221595764,0.7181910276412964,1.860725795665985e-08,0.37515050172805786,0.6738877296447754,0.020373066887259483,0.3876033425331116,0.6428191661834717,0.025824017822742462,0.39939048886299133,0.6285244822502136,0.025755049660801888,0.4102770984172821,0.6239254474639893,0.024714961647987366,0.3924686908721924,0.6153954863548279,0.013435006141662598,0.42667466402053833,0.5975016355514526,0.010427090339362621,0.4436463713645935,0.6108335256576538,0.009503028355538845,0.45316430926322937,0.6285462975502014,0.009395080618560314,0.39820006489753723,0.6208855509757996,-0.0006471603410318494,0.43429136276245117,0.5836576819419861,-0.00501553388312459,0.45345985889434814,0.59534752368927,-0.0051679471507668495,0.46284809708595276,0.6131010055541992,-0.004051664378494024,0.40491604804992676,0.6368687152862549,-0.013686280697584152,0.4366205036640167,0.5887908339500427,-0.016933245584368706,0.45525580644607544,0.6009521484375,-0.014939735643565655,0.46620526909828186,0.6172813177108765,-0.012905875220894814,0.4142046272754669,0.662560224533081,-0.025255946442484856,0.43832093477249146,0.6253628134727478,-0.028668342158198357,0.4530925750732422,0.6232798099517822,-0.02772890217602253,0.4643542766571045,0.6280308365821838,-0.02628372795879841
0.36082231998443604,0.7149754166603088,5.610238318354277e-08,0.3747572600841522,0.6704056859016418,0.014253982342779636,0.38964998722076416,0.6371402144432068,0.017175277695059776,0.4021720290184021,0.6244720220565796,0.015555688180029392,0.41345053911209106,0.6207406520843506,0.013249577954411507,0.3947591483592987,0.6117231845855713,0.008559951558709145,0.42986631393432617,0.5921573042869568,0.0036174380220472813,0.4478229284286499,0.6053697466850281,0.000990085769444704,0.45736390352249146,0.6222342252731323,7.402096525765955e-05,0.4001713991165161,0.6169250011444092,-0.0025886069051921368,0.43791085481643677,0.5853396058082581,-0.0072256154380738735,0.45699384808540344,0.5998194813728333,-0.008727924898266792,0.4653773903846741,0.6185621619224548,-0.008659549988806248,0.406749963760376,0.6329168677330017,-0.013119249604642391,0.43993648886680603,0.5897578001022339,-0.016653863713145256,0.4587634801864624,0.603590190410614,-0.016134807839989662,0.4685029983520508,0.620976448059082,-0.01500728540122509,0.41501447558403015,0.6586742401123047,-0.022673655301332474,0.44117724895477295,0.6254721879959106,-0.025293756276369095,0.45695096254348755,0.6259360909461975,-0.02412436716258526,0.4672139286994934,0.6326931715011597,-0.022591304033994675
0.3630392253398895,0.7080850601196289,5.975406480729362e-08,0.3782537579536438,0.6621695160865784,0.014815803617238998,0.393965482711792,0.6293590068817139,0.01758980005979538,0.4085999131202698,0.6193461418151855,0.01573585532605648,0.4211004972457886,0.6186091899871826,0.013076052069664001,0.3963175117969513,0.6042414903640747,0.0076736449263989925,0.432436466217041,0.5869796872138977,0.0029149779584258795,0.4494985044002533,0.6009061336517334,0.0004926485707983375,0.45783761143684387,0.6174632906913757,-0.00018874403031077236,0.40192654728889465,0.6113494038581848,-0.0036518548149615526,0.44093284010887146,0.5819371342658997,-0.007558850105851889,0.45870792865753174,0.5975996851921082,-0.008609849959611893,0.4649629592895508,0.6168791651725769,-0.008333297446370125,0.4085250198841095,0.6294784545898438,-0.014086026698350906,0.4432903230190277,0.5893977880477905,-0.016878576949238777,0.46088993549346924,0.6051007509231567,-0.015491155907511711,0.4681287407875061,0.6235696077346802,-0.013758071698248386,0.4162921607494354,0.6568942666053772,-0.02342924289405346,0.44351083040237427,0.6226122379302979,-0.024977240711450577,0.4582025408744812,0.6249411106109619,-0.022315502166748047,0.46645796298980713,0.6332540512084961,-0.01962641440331936
0.3639918565750122,0.7014154195785522,5.898632338130483e-08,0.3791487514972687,0.6576109528541565,0.015154808759689331,0.3958750069141388,0.62527996301651,0.017721427604556084,0.4125525653362274,0.6162933707237244,0.015672313049435616,0.42665281891822815,0.6175681352615356,0.012742644175887108,0.39818257093429565,0.6006240844726562,0.007027365267276764,0.43552926182746887,0.5845918655395508,0.002523802686482668,0.4521198868751526,0.5994229316711426,0.00030572141986340284,0.4603196978569031,0.6168150901794434,-0.00024267633853014559,0.4036976993083954,0.6086353659629822,-0.004382203798741102,0.4440240263938904,0.5804293155670166,-0.008225912228226662,0.4614720940589905,0.5963306427001953,-0.009140042588114738,0.4679567813873291,0.6159040331840515,-0.008733516559004784,0.40999144315719604,0.6276174783706665,-0.014726333320140839,0.446045845746994,0.5892422199249268,-0.01713315211236477,0.46346113085746765,0.6043913960456848,-0.01546680647879839,0.4707564413547516,0.62242192029953,-0.013630668632686138,0.4174434244632721,0.6556859612464905,-0.023925676941871643,0.44571998715400696,0.6226787567138672,-0.024417918175458908,0.4604763090610504,0.6250163316726685,-0.021008124575018883,0.46878254413604736,0.6327186226844788,-0.01796325109899044
0.36433926224708557,0.6958757638931274,5.687138582288753e-08,0.37925082445144653,0.6526956558227539,0.016193626448512077,0.39547979831695557,0.6224244236946106,0.01927468366920948,0.412401020526886,0.6146374940872192,0.017719868570566177,0.42599624395370483,0.617749810218811,0.015256674960255623,0.39904293417930603,0.5991347432136536,0.006908010225743055,0.4380158483982086,0.5840746164321899,0.0022829435765743256,0.4545632302761078,0.5996203422546387,0.000722668890375644,0.46231770515441895,0.6190058588981628,0.0008793810848146677,0.4052908718585968,0.608545184135437,-0.004651955328881741,0.446564257144928,0.5769572257995605,-0.009601793251931667,0.4640927314758301,0.592690110206604,-0.009786086156964302,0.47046685218811035,0.6129089593887329,-0.008169274777173996,0.4116617739200592,0.6280010938644409,-0.015008100308477879,0.4487035870552063,0.5876898169517517,-0.01825864613056183,0.46632814407348633,0.6029953360557556,-0.015798846259713173,0.4738216996192932,0.6217188835144043,-0.0128012178465724,0.41870713233947754,0.6564602255821228,-0.024072958156466484,0.44741353392601013,0.6227329969406128,-0.02525838278234005,0.462682843208313,0.625194251537323,-0.02183322049677372,0.4716740846633911,0.6336674690246582,-0.0183046143501997
0.36557072401046753,0.6970252990722656,6.779068684181766e-08,0.3797832727432251,0.652172327041626,0.014345919713377953,0.39680173993110657,0.6209377646446228,0.01595989614725113,0.4132900536060333,0.6138864159584045,0.013316879980266094,0.42654770612716675,0.6175205707550049,0.010014034807682037,0.4009932577610016,0.5989848971366882,0.0027906501200050116,0.4412415623664856,0.5794799327850342,-0.0033279508352279663,0.45766642689704895,0.5965331792831421,-0.0053055924363434315,0.46477484703063965,0.6176305413246155,-0.004958225879818201,0.40703442692756653,0.6104931831359863,-0.0081812534481287,0.449343204498291,0.5782772302627563,-0.014204717241227627,0.46728283166885376,0.5956789255142212,-0.014570838771760464,0.4733482301235199,0.6177000999450684,-0.012814752757549286,0.4133351445198059,0.6315378546714783,-0.017930641770362854,0.4510926306247711,0.5929591655731201,-0.021324478089809418,0.4690978527069092,0.6095446348190308,-0.01863720826804638,0.47656306624412537,0.6290406584739685,-0.015408085659146309,0.41961097717285156,0.660058856010437,-0.026550741866230965,0.4478919804096222,0.6262916326522827,-0.02715834230184555,0.4627075791358948,0.6287552118301392,-0.023145020008087158,0.47111523151397705,0.6373239159584045,-0.019108286127448082
0.36558541655540466,0.6992193460464478,6.373235095225027e-08,0.3794868290424347,0.6534047722816467,0.014902602881193161,0.39626216888427734,0.6229487657546997,0.01662159524857998,0.41297176480293274,0.6157946586608887,0.014144365675747395,0.42671844363212585,0.619626522064209,0.010930459946393967,0.4016534984111786,0.600710928440094,0.0011148926569148898,0.44291210174560547,0.5800567269325256,-0.00528259901329875,0.4593103528022766,0.5978400707244873,-0.0069086747244000435,0.4663997292518616,0.6195870637893677,-0.006170045584440231,0.4077456593513489,0.6136998534202576,-0.010089929215610027,0.4508819878101349,0.5805288553237915,-0.016947666183114052,0.4689638316631317,0.5990318059921265,-0.01696736179292202,0.47458910942077637,0.622063159942627,-0.014588464982807636,0.4134593904018402,0.6358274817466736,-0.019841885194182396,0.45216989517211914,0.5966370105743408,-0.024077871814370155,0.4698013663291931,0.6141695380210876,-0.020773475989699364,0.47668352723121643,0.6336328387260437,-0.016699722036719322,0.4187524914741516,0.6652714014053345,-0.028311284258961678,0.44781598448753357,0.6307672262191772,-0.029850220307707787,0.4623025953769684,0.6326870322227478,-0.025740429759025574,0.4700736403465271,0.6404080390930176,-0.021209124475717545
0.3640543222427368,0.7022349238395691,7.886533381906702e-08,0.3799149990081787,0.6537847518920898,0.015486451797187328,0.3968287408351898,0.6248358488082886,0.017173582687973976,0.4144294857978821,0.6185867190361023,0.014602023176848888,0.42838025093078613,0.6240988969802856,0.011243547312915325,0.4007248282432556,0.6028326153755188,0.0028935386799275875,0.44148457050323486,0.5867666006088257,-0.0024791762698441744,0.45836207270622253,0.6026298999786377,-0.003887734143063426,0.4674781560897827,0.6215009689331055,-0.003648090874776244,0.407817006111145,0.6168814897537231,-0.008903484791517258,0.45055732131004333,0.5831197500228882,-0.01527851540595293,0.46899980306625366,0.5986782312393188,-0.01547425240278244,0.4773484170436859,0.6184902787208557,-0.01360619068145752,0.41410017013549805,0.639837384223938,-0.01922035403549671,0.4522329568862915,0.5990471839904785,-0.023064550012350082,0.4704667031764984,0.6140283346176147,-0.019959185272455215,0.4802704453468323,0.630408763885498,-0.016494547948241234,0.4196901321411133,0.6703091263771057,-0.028268912807106972,0.44817668199539185,0.6368480324745178,-0.029557419940829277,0.4633634090423584,0.6362850069999695,-0.025575652718544006,0.4737204909324646,0.6400589942932129,-0.021548090502619743
0.3637177348136902,0.7050246596336365,8.449440258573304e-08,0.3789682388305664,0.654670238494873,0.014995998702943325,0.39578932523727417,0.6250603795051575,0.016672305762767792,0.4133750796318054,0.6185614466667175,0.014273090288043022,0.427890419960022,0.6228381991386414,0.011009156703948975,0.3994477093219757,0.6038888096809387,0.0029019643552601337,0.4395797848701477,0.586807131767273,-0.0019709300249814987,0.4571033716201782,0.5995376110076904,-0.0031178188510239124,0.4673929214477539,0.6152673363685608,-0.002890618285164237,0.4064623713493347,0.6180801391601562,-0.008465465158224106,0.44840067625045776,0.5843943953514099,-0.014243599027395248,0.46660810708999634,0.5970722436904907,-0.014350376091897488,0.47546955943107605,0.6147735714912415,-0.012671069242060184,0.4131104052066803,0.6409640312194824,-0.01842533051967621,0.45011836290359497,0.6001306176185608,-0.021927636116743088,0.46916553378105164,0.6106279492378235,-0.019668910652399063,0.48061060905456543,0.6242338418960571,-0.017062043771147728,0.41910842061042786,0.6716181635856628,-0.027110323309898376,0.44701847434043884,0.6375550627708435,-0.028553318232297897,0.4618990123271942,0.6366680860519409,-0.025180937722325325,0.4723969101905823,0.6409028768539429,-0.02171388454735279
0.3622696101665497,0.7027523517608643,8.928181927103651e-08,0.3770601749420166,0.6513555645942688,0.01394516322761774,0.3941938579082489,0.6218951344490051,0.015613891184329987,0.4122771620750427,0.6162324547767639,0.013165656477212906,0.42723724246025085,0.6187748908996582,0.010118773207068443,0.39698299765586853,0.6030067205429077,0.005310497246682644,0.4350162446498871,0.582682728767395,0.0005238894955255091,0.4528998136520386,0.5941834449768066,-0.0014017728390172124,0.4629811644554138,0.6092700958251953,-0.001679611741565168,0.4050752520561218,0.6164746284484863,-0.005343696102499962,0.4441111385822296,0.5813100337982178,-0.009747108444571495,0.4621365964412689,0.5915018916130066,-0.010457019321620464,0.4708695113658905,0.6070883274078369,-0.009715151973068714,0.4128705561161041,0.6380374431610107,-0.014938924461603165,0.44720029830932617,0.5968009233474731,-0.01746220886707306,0.46550101041793823,0.6047391891479492,-0.015710795298218727,0.476499080657959,0.6166812181472778,-0.013822156935930252,0.42001092433929443,0.6675253510475159,-0.023503920063376427,0.4468180537223816,0.6349738836288452,-0.024054326117038727,0.461286336183548,0.6343845129013062,-0.020612766966223717,0.4713895618915558,0.6386494040489197,-0.017358293756842613
0.3597153425216675,0.6977291703224182,7.872326079905179e-08,0.3742530047893524,0.6468878984451294,0.014432297088205814,0.3909188210964203,0.6193140149116516,0.016857938840985298,0.4094318449497223,0.6150532960891724,0.015172628685832024,0.42436838150024414,0.619143545627594,0.012921405024826527,0.3944014012813568,0.6001120805740356,0.007600311655551195,0.4318975806236267,0.5822429656982422,0.004594460595399141,0.448636919260025,0.5940071940422058,0.003768390044569969,0.4579491913318634,0.6089438199996948,0.003939087502658367,0.40412986278533936,0.6135066151618958,-0.0027325942646712065,0.441150963306427,0.5777615308761597,-0.005641797091811895,0.458021879196167,0.5867962837219238,-0.005748906638473272,0.46646764874458313,0.601683497428894,-0.004773758817464113,0.41271549463272095,0.6345076560974121,-0.011963016353547573,0.44521287083625793,0.5913762450218201,-0.013156670145690441,0.46229732036590576,0.5993453860282898,-0.010688433423638344,0.47282564640045166,0.6111069321632385,-0.008541502058506012,0.4199807643890381,0.6632131934165955,-0.02019110880792141,0.44498640298843384,0.6296874284744263,-0.019731035456061363,0.45831751823425293,0.6286570429801941,-0.01575075462460518,0.4679034650325775,0.6318903565406799,-0.012216961942613125
0.36038705706596375,0.6986882090568542,6.994242340851997e-08,0.3737887740135193,0.6478748917579651,0.01295715756714344,0.3900272250175476,0.6190031170845032,0.014890052378177643,0.4085067808628082,0.6133060455322266,0.013190540485084057,0.4229903519153595,0.6167882680892944,0.011069824919104576,0.3931329846382141,0.5988152027130127,0.005601672455668449,0.43016675114631653,0.5823444724082947,0.0018931246595457196,0.4463079571723938,0.5946331024169922,0.0005870777531526983,0.45502912998199463,0.6092490553855896,0.0005530412890948355,0.40285056829452515,0.6118375062942505,-0.0037593990564346313,0.4394928514957428,0.5782219767570496,-0.007122922223061323,0.4560583829879761,0.5874839425086975,-0.007241296116262674,0.46413418650627136,0.6018056869506836,-0.006197454873472452,0.41157737374305725,0.6326693892478943,-0.012109382078051567,0.4429565668106079,0.5913909077644348,-0.013769388198852539,0.4598895311355591,0.5992650389671326,-0.011721396818757057,0.4702931344509125,0.6107926964759827,-0.009761013090610504,0.41866937279701233,0.6605876088142395,-0.0194958858191967,0.4428281784057617,0.6284496784210205,-0.0193304605782032,0.4554278552532196,0.6283254027366638,-0.015634268522262573,0.46433308720588684,0.6328511834144592,-0.012259043753147125
0.35972583293914795,0.7019867897033691,4.821221466499992e-08,0.372032105922699,0.6523585319519043,0.014795870520174503,0.38779035210609436,0.6222788691520691,0.017750652506947517,0.40510329604148865,0.6157894134521484,0.016769729554653168,0.4195210039615631,0.6196171045303345,0.015193113125860691,0.391841322183609,0.601608395576477,0.008501222357153893,0.42673951387405396,0.58795166015625,0.006838087923824787,0.44215595722198486,0.5993234515190125,0.00700357323512435,0.45097675919532776,0.6130622625350952,0.007671873550862074,0.40141576528549194,0.6128877997398376,-0.0015762255061417818,0.43761003017425537,0.582274854183197,-0.0035705205518752337,0.45316648483276367,0.592583954334259,-0.0025680935941636562,0.460820734500885,0.606905996799469,-0.0007345674675889313,0.41016796231269836,0.6327377557754517,-0.010534168221056461,0.4413470923900604,0.5943326950073242,-0.011115847155451775,0.4580848813056946,0.6022754311561584,-0.008400563150644302,0.4682943522930145,0.6131523251533508,-0.0060874540358781815,0.4175906777381897,0.6606688499450684,-0.01834246888756752,0.44163551926612854,0.628198504447937,-0.017097221687436104,0.45422011613845825,0.6282259821891785,-0.012681759893894196,0.4626416563987732,0.6326892971992493,-0.00892871618270874
0.35909417271614075,0.7018109560012817,3.741592280448458e-08,0.3705672323703766,0.6516393423080444,0.015792226418852806,0.3858417570590973,0.6218824982643127,0.019348900765180588,0.40227892994880676,0.6156619787216187,0.018849320709705353,0.41706031560897827,0.6210339665412903,0.017766153439879417,0.38969239592552185,0.6029803156852722,0.010317359119653702,0.4223097562789917,0.5921274423599243,0.010857817716896534,0.4365064799785614,0.6038042306900024,0.013133533298969269,0.4437862038612366,0.618171751499176,0.015197164379060268,0.4000864028930664,0.6130183339118958,0.00018702166562434286,0.4355775713920593,0.5850294828414917,0.0001491749717388302,0.4503626525402069,0.5952531695365906,0.002346429508179426,0.4576801657676697,0.6097092032432556,0.004947538021951914,0.40975674986839294,0.6323381662368774,-0.008640938438475132,0.440690279006958,0.596132755279541,-0.007459885906428099,0.45623457431793213,0.6040837168693542,-0.003777990583330393,0.4651873707771301,0.6151639223098755,-0.0009999399771913886,0.41804376244544983,0.6601038575172424,-0.016228698194026947,0.4418224096298218,0.6283633708953857,-0.013028556481003761,0.4537070393562317,0.6291306614875793,-0.007212821859866381,0.4611612856388092,0.6345997452735901,-0.0026198222767561674
0.3575964570045471,0.6975336074829102,4.942338804880819e-08,0.36892157793045044,0.6490157246589661,0.014725258573889732,0.3844117224216461,0.6208147406578064,0.018107647076249123,0.40134739875793457,0.6150726675987244,0.017672698944807053,0.4161281883716583,0.6205190420150757,0.01663307473063469,0.3878411054611206,0.6014578342437744,0.00998513214290142,0.4204198122024536,0.5906299948692322,0.01006956584751606,0.436104953289032,0.5999908447265625,0.011719225905835629,0.44501808285713196,0.6126497983932495,0.01324401330202818,0.39880216121673584,0.6112673878669739,0.0004711936053354293,0.4331400692462921,0.5838707685470581,0.0005877455114386976,0.447854220867157,0.5933002829551697,0.002531572012230754,0.45546653866767883,0.606959879398346,0.00467838067561388,0.40891677141189575,0.630200207233429,-0.00790450256317854,0.43904057145118713,0.5944651961326599,-0.006829718593508005,0.45481860637664795,0.6015340685844421,-0.003169228555634618,0.4643237888813019,0.6117613911628723,-0.0005670819082297385,0.4174669086933136,0.6573255658149719,-0.015171835198998451,0.4401284158229828,0.6249192357063293,-0.012647926807403564,0.45193278789520264,0.6234649419784546,-0.007417424116283655,0.4600016474723816,0.6258684992790222,-0.0032720675226300955
0.3575826585292816,0.6958569884300232,6.610276415131011e-08,0.3686688244342804,0.6470771431922913,0.015056089498102665,0.38354963064193726,0.6191271543502808,0.01823091320693493,0.4001014232635498,0.6123990416526794,0.01755467802286148,0.4152371287345886,0.6179375648498535,0.01622418314218521,0.3880210816860199,0.6004371643066406,0.009265536442399025,0.4204860031604767,0.5907413959503174,0.00951989647001028,0.43650510907173157,0.5997500419616699,0.011544067412614822,0.445419043302536,0.6129950284957886,0.013438559137284756,0.39851143956184387,0.6101576089859009,-0.00030134382541291416,0.433711439371109,0.5848280787467957,0.00015741847164463252,0.4495655596256256,0.5940496325492859,0.002395675517618656,0.4579964578151703,0.6078618764877319,0.00472894636914134,0.4081747531890869,0.6291105151176453,-0.008536694571375847,0.43881139159202576,0.5950046181678772,-0.0069499569945037365,0.45439043641090393,0.6027675271034241,-0.0029641108121722937,0.4634901285171509,0.6141049861907959,-0.0002050775074167177,0.41627487540245056,0.6562755107879639,-0.015616366639733315,0.43960070610046387,0.6244944930076599,-0.012448531575500965,0.4512319564819336,0.6241739392280579,-0.006616139318794012,0.45880094170570374,0.6284067034721375,-0.0020145955495536327
0.3561108112335205,0.6939173936843872,5.562152338711712e-08,0.366256982088089,0.6455307006835938,0.014268086291849613,0.38209232687950134,0.6169194579124451,0.01728604920208454,0.39875584840774536,0.6105453372001648,0.01664288528263569,0.4138302803039551,0.6160848140716553,0.015455136075615883,0.3875137269496918,0.5975073575973511,0.008705506101250648,0.4194905459880829,0.5896070599555969,0.009207393042743206,0.43385595083236694,0.6008557081222534,0.011464715003967285,0.44126561284065247,0.6151487827301025,0.013539651408791542,0.3982106149196625,0.607850193977356,-0.0005773343145847321,0.43374931812286377,0.585791826248169,1.8760581951937638e-05,0.4492023289203644,0.5964815616607666,0.0021737501956522465,0.45708557963371277,0.6113724708557129,0.004475564230233431,0.40790656208992004,0.6275689005851746,-0.00856474693864584,0.439228355884552,0.5965533256530762,-0.0072144619189202785,0.45471733808517456,0.6063749194145203,-0.0036715478636324406,0.46313801407814026,0.6192144155502319,-0.0010851062834262848,0.41574689745903015,0.6550354361534119,-0.015396005474030972,0.4393623173236847,0.6245110630989075,-0.012002505362033844,0.4507598876953125,0.6256753206253052,-0.006003710441291332,0.4574470818042755,0.6314364075660706,-0.0013089664280414581
0.35682785511016846,0.692614734172821,6.237153371557724e-08,0.3659359812736511,0.6438393592834473,0.014412944205105305,0.3813951015472412,0.6146707534790039,0.017440469935536385,0.3973703682422638,0.6079091429710388,0.016769640147686005,0.41247430443763733,0.6132168173789978,0.015474710613489151,0.3892844021320343,0.5955609679222107,0.008010121062397957,0.4220503270626068,0.587729811668396,0.00820387713611126,0.4359854459762573,0.600349485874176,0.010137436911463737,0.4429228603839874,0.6155592203140259,0.012083545327186584,0.39973342418670654,0.6056095361709595,-0.0014675382990390062,0.4364193081855774,0.5859372019767761,-0.0010852726409211755,0.4521958529949188,0.5983229875564575,0.0009255349286831915,0.45967283844947815,0.6146646738052368,0.0031917067244648933,0.40906277298927307,0.6252427101135254,-0.009609352797269821,0.44168543815612793,0.5969637036323547,-0.008519737981259823,0.45709291100502014,0.6092148423194885,-0.005307769402861595,0.4646284878253937,0.6234622001647949,-0.0028034618590027094,0.4163632392883301,0.6520879864692688,-0.016552137210965157,0.44115570187568665,0.622803270816803,-0.013372676447033882,0.45222023129463196,0.6259196996688843,-0.00747778220102191,0.4578520655632019,0.6337594985961914,-0.002727220766246319
0.35616642236709595,0.6914182305335999,5.720334783632097e-08,0.36525970697402954,0.6434500813484192,0.014125894755125046,0.3816981613636017,0.6142138838768005,0.017266593873500824,0.3983827531337738,0.6070430278778076,0.016801126301288605,0.4131013751029968,0.6115874648094177,0.015703776851296425,0.39135491847991943,0.5935196876525879,0.008169957436621189,0.423971951007843,0.5891839265823364,0.008653859607875347,0.43819937109947205,0.6028692126274109,0.010546006262302399,0.44557803869247437,0.6183993220329285,0.012322695925831795,0.4017288088798523,0.6052976846694946,-0.0012790582841262221,0.4385826587677002,0.5884907245635986,-0.0009217179613187909,0.4542793333530426,0.6015245914459229,0.0008377584163099527,0.4616931676864624,0.6181610226631165,0.0028502922505140305,0.4103449881076813,0.6264786124229431,-0.00941604282706976,0.44334226846694946,0.6000729203224182,-0.008529563434422016,0.4591189920902252,0.6126331686973572,-0.005687081720679998,0.46710288524627686,0.6269625425338745,-0.0035076590720564127,0.41656383872032166,0.6544732451438904,-0.016370857134461403,0.4422270655632019,0.6262663006782532,-0.013544496148824692,0.45378369092941284,0.6297751069068909,-0.008015129715204239,0.4598137140274048,0.6377653479576111,-0.003613756038248539
0.35586223006248474,0.6891799569129944,5.193475516307444e-08,0.3667815327644348,0.6412767767906189,0.014740712940692902,0.38335365056991577,0.6126868724822998,0.018072329461574554,0.4000706970691681,0.6067037582397461,0.017816608771681786,0.41466036438941956,0.6124682426452637,0.01696872152388096,0.3927784562110901,0.5929651856422424,0.007711276412010193,0.42598024010658264,0.5898162126541138,0.008929765783250332,0.43948888778686523,0.6038501262664795,0.012090513482689857,0.4458164572715759,0.6197349429130554,0.014750217087566853,0.4029066264629364,0.6058148741722107,-0.0017336246091872454,0.4403266906738281,0.5894271731376648,-0.0011014655465260148,0.4548267424106598,0.6027783155441284,0.0015660034259781241,0.461007684469223,0.6192206144332886,0.004385946784168482,0.4111994504928589,0.6278234720230103,-0.009693047031760216,0.44494983553886414,0.6020323634147644,-0.00824369303882122,0.459941029548645,0.613889753818512,-0.004668342415243387,0.46737349033355713,0.6271880865097046,-0.001975457649677992,0.4168575406074524,0.6564438343048096,-0.016382716596126556,0.4432051181793213,0.6292423009872437,-0.0132911903783679,0.4549473822116852,0.6314257979393005,-0.007660171948373318,0.4614855945110321,0.6377723217010498,-0.0031016641296446323
0.3567584753036499,0.6891682147979736,3.861362785073652e-08,0.3694884777069092,0.6454258561134338,0.015085462480783463,0.386677086353302,0.6174997687339783,0.01877867616713047,0.40244224667549133,0.6105270981788635,0.018782276660203934,0.41536036133766174,0.6143304109573364,0.018097233027219772,0.39640337228775024,0.597924530506134,0.007290797773748636,0.4314902126789093,0.592960774898529,0.00795604009181261,0.444395512342453,0.6082170605659485,0.010611237026751041,0.45046594738960266,0.6243062615394592,0.012902234680950642,0.40459662675857544,0.6093897223472595,-0.0024201178457587957,0.4440087378025055,0.5921188592910767,-0.0028237265069037676,0.45799553394317627,0.6078481674194336,-0.00036233189166523516,0.46363139152526855,0.6252133846282959,0.0025898171588778496,0.4117649793624878,0.6308782696723938,-0.01066592987626791,0.44729524850845337,0.6046243906021118,-0.01003942545503378,0.46239206194877625,0.6178159713745117,-0.006811263505369425,0.4698540270328522,0.6314733028411865,-0.004190802574157715,0.41698822379112244,0.6595267057418823,-0.017599333077669144,0.44387203454971313,0.6323005557060242,-0.015049018897116184,0.45563003420829773,0.6342803239822388,-0.010061845183372498,0.46219903230667114,0.6403442621231079,-0.006007873918861151
0.35504138469696045,0.6891607642173767,2.737205662128872e-08,0.36963754892349243,0.646507203578949,0.014360597357153893,0.3877394199371338,0.6193663477897644,0.01782260276377201,0.4044983685016632,0.6148722171783447,0.01785794459283352,0.4180073142051697,0.6206914782524109,0.017270203679800034,0.39945483207702637,0.6010076999664307,0.005847830791026354,0.436815083026886,0.5945452451705933,0.005159371066838503,0.4490409791469574,0.60899817943573,0.007034785114228725,0.45419812202453613,0.6239197850227356,0.009046167135238647,0.4064379036426544,0.6152105331420898,-0.003587718354538083,0.4464806318283081,0.5956003665924072,-0.0052568200044333935,0.45926815271377563,0.6123991012573242,-0.0031131808646023273,0.4635755717754364,0.6304358839988708,3.194388045812957e-05,0.41203948855400085,0.6386300921440125,-0.011632580310106277,0.4477701485157013,0.6112152338027954,-0.012178344652056694,0.4628661870956421,0.6235050559043884,-0.009029491804540157,0.4704749286174774,0.6364507675170898,-0.006040023639798164,0.41550683975219727,0.6685464382171631,-0.018384141847491264,0.44171252846717834,0.6408303380012512,-0.017498308792710304,0.454163134098053,0.6411691904067993,-0.013416033238172531,0.4617089033126831,0.6455203890800476,-0.009594399482011795
0.3553108274936676,0.692141592502594,4.730328484470192e-08,0.3706949055194855,0.6485716700553894,0.012131517753005028,0.38992998003959656,0.6226654648780823,0.014097021892666817,0.40694430470466614,0.6167159676551819,0.012852161191403866,0.42210114002227783,0.6194772124290466,0.011332299560308456,0.39850661158561707,0.6023481488227844,0.0038593283388763666,0.43537062406539917,0.5906505584716797,0.0009499412262812257,0.4500059187412262,0.6049281358718872,0.000875360332429409,0.4576391279697418,0.6206873655319214,0.0016867407830432057,0.40489256381988525,0.6158670783042908,-0.005259728524833918,0.4440159201622009,0.5939784646034241,-0.00851652305573225,0.458911657333374,0.6094004511833191,-0.008143848739564419,0.4650442898273468,0.6278069615364075,-0.006473090499639511,0.41052308678627014,0.6385851502418518,-0.013263650238513947,0.4450913369655609,0.6110630631446838,-0.014418127946555614,0.4613603353500366,0.621760368347168,-0.012148421257734299,0.47096389532089233,0.6350241303443909,-0.010050495155155659,0.4147031605243683,0.6682301759719849,-0.02032211236655712,0.4406496286392212,0.6403588652610779,-0.019272828474640846,0.45372772216796875,0.6396396160125732,-0.015275453217327595,0.4625386595726013,0.6445506811141968,-0.011789582669734955
0.3538469076156616,0.68879234790802,4.8384162454340185e-08,0.36865097284317017,0.6470569372177124,0.011278514750301838,0.3888273239135742,0.6210728287696838,0.013530930504202843,0.40664389729499817,0.614337146282196,0.012847413308918476,0.42251095175743103,0.6151498556137085,0.012105521745979786,0.39786767959594727,0.6037288904190063,0.00351159181445837,0.4341963231563568,0.5859746932983398,0.00018358563829679042,0.44907286763191223,0.5997993350028992,8.310419070767239e-05,0.4562954902648926,0.6163100600242615,0.0011425731936469674,0.40394917130470276,0.6168626546859741,-0.004871394485235214,0.4422942101955414,0.5910911560058594,-0.008714437484741211,0.4582217037677765,0.6052371263504028,-0.00859643891453743,0.46496936678886414,0.6233313083648682,-0.006904422305524349,0.4094312787055969,0.6390305757522583,-0.01225487794727087,0.44322922825813293,0.6099388003349304,-0.01419027615338564,0.46031248569488525,0.6194949150085449,-0.01223925594240427,0.4705651104450226,0.6323679685592651,-0.010035324841737747,0.4137042164802551,0.6681397557258606,-0.018729951232671738,0.4392179548740387,0.639137327671051,-0.017966391518712044,0.452597051858902,0.6379194259643555,-0.01410622801631689,0.46164804697036743,0.6432766914367676,-0.010592255741357803
0.3526765704154968,0.6844174265861511,5.777939193762904e-08,0.3673900067806244,0.6447953581809998,0.010860071517527103,0.3885960280895233,0.6194512248039246,0.01297026313841343,0.40708234906196594,0.6116622686386108,0.012292934581637383,0.42361411452293396,0.6108200550079346,0.01176134217530489,0.397330105304718,0.6010445356369019,0.0029713590629398823,0.43380028009414673,0.5823172926902771,-0.0001972902682609856,0.4483688175678253,0.5971257090568542,0.0002801620285026729,0.4552794098854065,0.614367663860321,0.0019377205753698945,0.4029883146286011,0.6140340566635132,-0.0050140912644565105,0.441795289516449,0.5884981751441956,-0.009101448580622673,0.45853927731513977,0.6022656559944153,-0.008584166876971722,0.46593761444091797,0.6202470660209656,-0.006374473217874765,0.40829893946647644,0.6357086300849915,-0.01200788002461195,0.44261544942855835,0.6059364676475525,-0.014185141772031784,0.45967671275138855,0.6158986687660217,-0.012098707258701324,0.4693376421928406,0.6298621892929077,-0.009505854919552803,0.41242608428001404,0.6636239886283875,-0.01808914914727211,0.4381040036678314,0.6335276365280151,-0.01692989096045494,0.4507303535938263,0.6346241235733032,-0.012579907663166523,0.45811334252357483,0.6437793970108032,-0.00857702735811472
0.35231733322143555,0.6782124042510986,8.00302686343457e-08,0.3703101575374603,0.6487498879432678,0.007636026944965124,0.3937094211578369,0.6258791089057922,0.009276419878005981,0.41429293155670166,0.6173703074455261,0.00892648845911026,0.43156296014785767,0.6148369908332825,0.009208917617797852,0.39835381507873535,0.595910906791687,0.0029555766377598047,0.4347577393054962,0.5802671909332275,0.00025435746647417545,0.44976428151130676,0.5954862236976624,0.00017682417819742113,0.45762404799461365,0.611525297164917,0.0010068097617477179,0.40216532349586487,0.6056187748908997,-0.003188889240846038,0.44122350215911865,0.5837636590003967,-0.006570447236299515,0.4577259421348572,0.5994194149971008,-0.007084745913743973,0.4656863212585449,0.6175739169120789,-0.006139365490525961,0.4062323272228241,0.6252061724662781,-0.008714386261999607,0.44055575132369995,0.5996119379997253,-0.010489351116120815,0.45811927318573,0.6111792922019958,-0.009583634324371815,0.4684045910835266,0.6254984140396118,-0.008459728211164474,0.41050177812576294,0.6509131193161011,-0.013658326119184494,0.4352530241012573,0.6244699358940125,-0.013449354097247124,0.4488251507282257,0.6244096755981445,-0.011042767204344273,0.45810413360595703,0.6315528154373169,-0.008813923224806786
0.3512701988220215,0.6721200942993164,6.794159190803839e-08,0.3705480098724365,0.6339680552482605,0.011858632788062096,0.3915977478027344,0.6106206178665161,0.014295746572315693,0.41090211272239685,0.6069151759147644,0.013376748189330101,0.42644599080085754,0.6094410419464111,0.01237547118216753,0.3947986662387848,0.5877615213394165,0.006082581356167793,0.4324381649494171,0.5764926075935364,0.0031338161788880825,0.44743990898132324,0.5922943353652954,0.002563048154115677,0.45518070459365845,0.6087092161178589,0.0028900273609906435,0.3999670743942261,0.6005082130432129,-0.002968036802485585,0.43999922275543213,0.5791890621185303,-0.006309621501713991,0.45596811175346375,0.5956684350967407,-0.007085060700774193,0.46320345997810364,0.6144033074378967,-0.006443629506975412,0.4051664173603058,0.622571587562561,-0.011163989081978798,0.4400025010108948,0.5958468914031982,-0.012814932502806187,0.45721134543418884,0.6092258095741272,-0.011643246747553349,0.46721914410591125,0.6242122054100037,-0.010471906512975693,0.40987685322761536,0.6502853035926819,-0.018529385328292847,0.43429508805274963,0.6219735741615295,-0.01854224130511284,0.4475124180316925,0.6202059984207153,-0.016083097085356712,0.4573897123336792,0.6244386434555054,-0.013922986574470997
0.3491825461387634,0.6757760047912598,8.016429120516477e-08,0.36899909377098083,0.6396049857139587,0.010619684122502804,0.39080002903938293,0.6153402328491211,0.012391608208417892,0.410558819770813,0.6117379069328308,0.011194736696779728,0.42634034156799316,0.6151341199874878,0.009932003915309906,0.3938661813735962,0.5870633721351624,0.003604960860684514,0.43289726972579956,0.580427885055542,0.0007812046096660197,0.44753530621528625,0.5950070023536682,0.00044234495726414025,0.4561942219734192,0.6096835136413574,0.0006892768433317542,0.39810892939567566,0.5992900729179382,-0.005116471089422703,0.439495325088501,0.5835211873054504,-0.00816474761813879,0.45506250858306885,0.5990745425224304,-0.008600769564509392,0.4631206691265106,0.61651211977005,-0.007863102480769157,0.40269237756729126,0.6217412352561951,-0.012981581501662731,0.4380853772163391,0.5990923643112183,-0.014433943666517735,0.4550386369228363,0.6111015677452087,-0.013254380784928799,0.4659516513347626,0.6237478256225586,-0.01231443602591753,0.40713632106781006,0.6500200033187866,-0.020084023475646973,0.4308984577655792,0.6228785514831543,-0.020213089883327484,0.4430338442325592,0.6212824583053589,-0.01774250715970993,0.4525231719017029,0.6248831152915955,-0.015651391819119453
0.34957432746887207,0.6859781742095947,6.138561303714596e-08,0.36796244978904724,0.6504306793212891,0.009912223555147648,0.39015889167785645,0.6247187256813049,0.011836903169751167,0.4104357361793518,0.6186709403991699,0.011340562254190445,0.426378071308136,0.6214494705200195,0.011094753630459309,0.39168161153793335,0.5923140048980713,0.0021035107783973217,0.43152299523353577,0.5837578177452087,-0.0002274865546496585,0.4450605511665344,0.6002610325813293,-7.261721475515515e-05,0.452345073223114,0.6163907647132874,0.0005238305893726647,0.396560937166214,0.6036273241043091,-0.005552962422370911,0.43774113059043884,0.5877875685691833,-0.007939109578728676,0.45286279916763306,0.6043310165405273,-0.0077318851836025715,0.4605240225791931,0.6220504641532898,-0.006683507468551397,0.4015677571296692,0.6250988245010376,-0.012240425683557987,0.4372418522834778,0.6008520722389221,-0.013103405945003033,0.45412346720695496,0.6124482154846191,-0.011718484573066235,0.46518412232398987,0.6246574521064758,-0.010833578184247017,0.4063306152820587,0.6524856090545654,-0.018130553886294365,0.4299784302711487,0.6262826919555664,-0.017825661227107048,0.4418999254703522,0.6253234148025513,-0.015317224897444248,0.4512234926223755,0.6289116144180298,-0.013256339356303215
0.34793829917907715,0.6978685855865479,6.387664797102843e-08,0.36227652430534363,0.6529979705810547,0.011907991021871567,0.37975573539733887,0.6236899495124817,0.013857148587703705,0.3959794044494629,0.6159907579421997,0.01246401946991682,0.4081146717071533,0.6202546954154968,0.01046194788068533,0.3880535662174225,0.6015540361404419,0.003613074077293277,0.42456719279289246,0.5912443399429321,0.00020084981224499643,0.4396617114543915,0.6052443385124207,-0.0007234779768623412,0.44822001457214355,0.6212537884712219,-0.000688802741933614,0.3953426778316498,0.6153699159622192,-0.005823904648423195,0.4335665702819824,0.5910846590995789,-0.009462406858801842,0.4508408308029175,0.6038322448730469,-0.009713233448565006,0.4593959450721741,0.6204240322113037,-0.008567387238144875,0.40155029296875,0.637831449508667,-0.014199660159647465,0.43493330478668213,0.6052080988883972,-0.016343416646122932,0.4524489641189575,0.61518394947052,-0.014971836470067501,0.46309518814086914,0.6275071501731873,-0.013339239172637463,0.4061683416366577,0.666342556476593,-0.0216351505368948,0.4299018681049347,0.6354422569274902,-0.022225260734558105,0.4427090585231781,0.634697437286377,-0.01929234154522419,0.4515141546726227,0.6394124031066895,-0.016351917758584023
0.3450665771961212,0.7098218202590942,4.9487411502013856e-08,0.3607243001461029,0.6674667000770569,0.0147653603926301,0.3779904544353485,0.6376767158508301,0.018095193430781364,0.39404353499412537,0.629442036151886,0.017422566190361977,0.4073386490345001,0.6332087516784668,0.015989627689123154,0.3846333622932434,0.6137397885322571,0.006219258066266775,0.42081138491630554,0.5994453430175781,0.0030415516812354326,0.4372943937778473,0.6125229597091675,0.0023510768078267574,0.4471665620803833,0.6293070912361145,0.0024002757854759693,0.39123860001564026,0.6244696974754333,-0.004802258685231209,0.42948099970817566,0.5947911739349365,-0.009395727887749672,0.44829559326171875,0.6064955592155457,-0.00968759972602129,0.4578161835670471,0.62364262342453,-0.008418281562626362,0.39724141359329224,0.6448133587837219,-0.014671878889203072,0.4307894706726074,0.6071927547454834,-0.017622895538806915,0.4492873549461365,0.6165904402732849,-0.016004282981157303,0.46081092953681946,0.6295074224472046,-0.014091861434280872,0.40256354212760925,0.6727747321128845,-0.02340506948530674,0.4265662133693695,0.6378611922264099,-0.02483982965350151,0.44024962186813354,0.635686457157135,-0.022381959483027458,0.4501194953918457,0.6406506896018982,-0.01977679133415222
0.3442082405090332,0.7166747450828552,6.464925661475718e-08,0.35913902521133423,0.6737276315689087,0.01449228823184967,0.37433311343193054,0.6434722542762756,0.016902461647987366,0.3890831768512726,0.6324893236160278,0.015169731341302395,0.4022602140903473,0.6333207488059998,0.012708676978945732,0.38231611251831055,0.6189098358154297,0.005616030190140009,0.41878482699394226,0.6011165976524353,0.0017698949668556452,0.4358484447002411,0.6131518483161926,0.0007109572761692107,0.446498304605484,0.6288168430328369,0.0004693273513112217,0.38827836513519287,0.6273899674415588,-0.005845183506608009,0.42703473567962646,0.5953168869018555,-0.010693931952118874,0.44618111848831177,0.6065632104873657,-0.01083612721413374,0.45623189210891724,0.6237013936042786,-0.009513158351182938,0.3940582275390625,0.6469721794128418,-0.016252031549811363,0.4280852973461151,0.6061816215515137,-0.019253596663475037,0.44656553864479065,0.6151881814002991,-0.01684558391571045,0.45864617824554443,0.6278404593467712,-0.0144606102257967,0.39992088079452515,0.6762396097183228,-0.025629833340644836,0.4237959384918213,0.6400002837181091,-0.02703915350139141,0.4372655749320984,0.6360535621643066,-0.024039965122938156,0.44763362407684326,0.638918936252594,-0.021048814058303833
0.34373292326927185,0.7228590250015259,5.999142160817428e-08,0.35664820671081543,0.6786116361618042,0.014709673821926117,0.37126004695892334,0.6471341252326965,0.016994373872876167,0.3848644196987152,0.6337750554084778,0.01502304058521986,0.39684057235717773,0.6300105452537537,0.01231036614626646,0.38200438022613525,0.6206979751586914,0.005432994570583105,0.418314665555954,0.6004511713981628,0.0010955763282254338,0.43538692593574524,0.612422525882721,-0.00024934031534940004,0.44598588347435,0.6278444528579712,-0.0005172190722078085,0.3872915208339691,0.6292619109153748,-0.006539796479046345,0.42615923285484314,0.5973384976387024,-0.011621146462857723,0.4458175003528595,0.6083436608314514,-0.011958232149481773,0.4562361240386963,0.6256387233734131,-0.010735931806266308,0.39294469356536865,0.6488966345787048,-0.017516085878014565,0.4269620478153229,0.6085707545280457,-0.02051408588886261,0.4462982714176178,0.6169494986534119,-0.01825009472668171,0.45891860127449036,0.6295957565307617,-0.016000540927052498,0.3991820514202118,0.6778945326805115,-0.02750619500875473,0.42296725511550903,0.6406411528587341,-0.028877049684524536,0.4366294741630554,0.6363157629966736,-0.02596253901720047,0.44696247577667236,0.6394988894462585,-0.02306872233748436
0.34453079104423523,0.7246950268745422,4.9944155477987806e-08,0.35805007815361023,0.6795738339424133,0.0169528815895319,0.3734194338321686,0.6473908424377441,0.020625879988074303,0.3877153694629669,0.6352823376655579,0.019531147554516792,0.40035954117774963,0.6330644488334656,0.017667990177869797,0.38045230507850647,0.6213774085044861,0.00939321517944336,0.41594070196151733,0.6008063554763794,0.006528084632009268,0.4334280788898468,0.6121765971183777,0.005997632164508104,0.44433000683784485,0.6271822452545166,0.0061095342971384525,0.38621023297309875,0.6275905966758728,-0.0031245462596416473,0.42468124628067017,0.5952994227409363,-0.0064556491561234,0.4439848065376282,0.6062270998954773,-0.005791866220533848,0.45446470379829407,0.6224887371063232,-0.00416927644982934,0.39261993765830994,0.6451259255409241,-0.014641718938946724,0.4258650243282318,0.604888379573822,-0.016048775985836983,0.44519439339637756,0.6137045621871948,-0.013170945458114147,0.45786890387535095,0.6267758011817932,-0.010911195538938046,0.4000197947025299,0.6722196936607361,-0.02510915696620941,0.42336562275886536,0.6353731751441956,-0.025532569736242294,0.43726760149002075,0.6326474547386169,-0.022344399243593216,0.4477618932723999,0.6378285884857178,-0.01953316107392311
0.3460838794708252,0.7261781692504883,5.831306637560374e-08,0.3587609529495239,0.682129979133606,0.015544491820037365,0.37420547008514404,0.6490710973739624,0.018839742988348007,0.38882413506507874,0.6366205811500549,0.017536133527755737,0.4021000266075134,0.6341273188591003,0.01556359138339758,0.38036975264549255,0.622409999370575,0.009867934510111809,0.4159190356731415,0.6012523174285889,0.006638128310441971,0.4340738356113434,0.6107625961303711,0.005281225312501192,0.44544631242752075,0.6238351464271545,0.004833311308175325,0.3863809108734131,0.6286518573760986,-0.001959497109055519,0.42445108294487,0.5973407626152039,-0.005258980207145214,0.44371938705444336,0.6078016757965088,-0.005540439859032631,0.4545172452926636,0.6230872869491577,-0.004804378841072321,0.39309537410736084,0.645404577255249,-0.013030455447733402,0.4259863793849945,0.6079531311988831,-0.014345520175993443,0.4452642500400543,0.6159422397613525,-0.012137056328356266,0.4578667879104614,0.6276777982711792,-0.010557616129517555,0.4009554088115692,0.671419620513916,-0.023199833929538727,0.424389123916626,0.6365322470664978,-0.022796470671892166,0.438303142786026,0.6339308619499207,-0.019356226548552513,0.44850820302963257,0.6380001306533813,-0.01671314239501953
0.3470422029495239,0.7244372367858887,6.68629809297272e-08,0.3576374351978302,0.679320216178894,0.014106517657637596,0.3732704818248749,0.6463848948478699,0.01662692241370678,0.3887331783771515,0.6347612142562866,0.014891224913299084,0.4026899039745331,0.6336827874183655,0.012477847747504711,0.380321204662323,0.6219848990440369,0.007065187208354473,0.4161710739135742,0.6000768542289734,0.0029954093042761087,0.43423303961753845,0.6103357076644897,0.0013716979883611202,0.44516679644584656,0.6235800981521606,0.0009162771166302264,0.3869282007217407,0.6287662386894226,-0.004024212248623371,0.42467162013053894,0.5975955724716187,-0.008007790893316269,0.44386568665504456,0.6084803342819214,-0.008400543592870235,0.45441916584968567,0.6235191822052002,-0.007720910012722015,0.39366471767425537,0.6458720564842224,-0.014349179342389107,0.42687278985977173,0.6092644929885864,-0.016649145632982254,0.4465748965740204,0.6177501678466797,-0.014860914088785648,0.45923206210136414,0.6296660900115967,-0.013312224298715591,0.4011387228965759,0.6722900867462158,-0.02376466616988182,0.4260491728782654,0.6384402513504028,-0.02407360076904297,0.4403999447822571,0.6370139122009277,-0.020775962620973587,0.45052263140678406,0.641448438167572,-0.01805266924202442
0.3482392728328705,0.7229013442993164,7.194154960643573e-08,0.3585396111011505,0.6778547167778015,0.014541059732437134,0.37303104996681213,0.6446354985237122,0.01738761179149151,0.3871839642524719,0.6327531933784485,0.015951696783304214,0.39991122484207153,0.6316053867340088,0.013795032165944576,0.380765825510025,0.6198254227638245,0.007582451216876507,0.4165134131908417,0.5999549627304077,0.0038250184152275324,0.43473386764526367,0.6106564402580261,0.002440511481836438,0.44575235247612,0.6240454316139221,0.0020964303985238075,0.3875117599964142,0.6268103718757629,-0.0035896780900657177,0.4252331852912903,0.5967740416526794,-0.007444459944963455,0.4444580674171448,0.6079169511795044,-0.007673222571611404,0.4548886716365814,0.6231762766838074,-0.006853122264146805,0.3943433165550232,0.6441442370414734,-0.013971568085253239,0.4275050759315491,0.6087226867675781,-0.016253968700766563,0.4473082721233368,0.6177331805229187,-0.014548713341355324,0.4599563777446747,0.6298431754112244,-0.013000277802348137,0.4018680453300476,0.6710202693939209,-0.023384032770991325,0.4272119998931885,0.638708233833313,-0.023776035755872726,0.44171133637428284,0.6381157636642456,-0.020665844902396202,0.45186635851860046,0.6430772542953491,-0.01804651878774166
0.34621015191078186,0.7214376330375671,6.905288074676719e-08,0.3568941056728363,0.677495539188385,0.013963733799755573,0.3723357319831848,0.6440015435218811,0.017082462087273598,0.3867393434047699,0.6328235268592834,0.016021771356463432,0.39927616715431213,0.632548451423645,0.01417536474764347,0.3813846707344055,0.6197039484977722,0.00854551512748003,0.41637495160102844,0.6010015606880188,0.0049337162636220455,0.4346545934677124,0.6107410192489624,0.003135069040581584,0.4457721710205078,0.6223284602165222,0.0023875520564615726,0.38800594210624695,0.6264483332633972,-0.0022876840084791183,0.4250636100769043,0.5977925658226013,-0.0057796938344836235,0.4443874657154083,0.6087697744369507,-0.0066436599008738995,0.455209344625473,0.6231203675270081,-0.00639879098162055,0.39452049136161804,0.6435070633888245,-0.012470335699617863,0.4273907542228699,0.6084194779396057,-0.014995858073234558,0.44771963357925415,0.6170347332954407,-0.014239171519875526,0.46094071865081787,0.6284304857254028,-0.013318382203578949,0.40160122513771057,0.6704061031341553,-0.021711640059947968,0.42677515745162964,0.638798713684082,-0.02261820249259472,0.4417853355407715,0.6373329162597656,-0.020305650308728218,0.4525092840194702,0.6408799886703491,-0.018305987119674683
0.34663504362106323,0.7208333015441895,7.073186480965887e-08,0.35849541425704956,0.6776586174964905,0.014531833119690418,0.3745664060115814,0.6455985307693481,0.017782388255000114,0.3892136812210083,0.6346073150634766,0.01661706529557705,0.40201133489608765,0.634219765663147,0.014741454273462296,0.3825891315937042,0.6202139854431152,0.010059358552098274,0.41727736592292786,0.6026407480239868,0.006609121337532997,0.43586283922195435,0.6127673387527466,0.00471846479922533,0.44737690687179565,0.6250141859054565,0.0038562589325010777,0.38883867859840393,0.6263175010681152,-0.001169637544080615,0.4259812831878662,0.5987763404846191,-0.0044574858620762825,0.4454735815525055,0.6099215745925903,-0.005311543121933937,0.45640692114830017,0.6241549849510193,-0.00516598392277956,0.39518293738365173,0.6427216529846191,-0.011807907372713089,0.42807888984680176,0.6081750392913818,-0.014098837971687317,0.44823959469795227,0.6173121929168701,-0.013128070160746574,0.46131935715675354,0.6292780637741089,-0.012190560810267925,0.4024272859096527,0.6693848371505737,-0.021531928330659866,0.427743524312973,0.6385314464569092,-0.022211961448192596,0.4427390992641449,0.6379909515380859,-0.019646136090159416,0.45341426134109497,0.6428350210189819,-0.01753900945186615
0.3468359112739563,0.7210677862167358,7.571505022951897e-08,0.35766416788101196,0.6780674457550049,0.013664389960467815,0.3736952543258667,0.6464601159095764,0.01635514385998249,0.3882923722267151,0.6354838013648987,0.01469703670591116,0.4009535014629364,0.634505569934845,0.012372753582894802,0.3824571669101715,0.6217265129089355,0.009714076295495033,0.4161716103553772,0.6047108173370361,0.005703690927475691,0.4349299371242523,0.6145276427268982,0.0032376220915466547,0.4466475546360016,0.6270008087158203,0.0020875027403235435,0.3889714777469635,0.6276440024375916,-0.0012668465496972203,0.42517539858818054,0.5985144376754761,-0.004980712663382292,0.44485464692115784,0.608959436416626,-0.006176989059895277,0.45586228370666504,0.6234285831451416,-0.006196935195475817,0.3954058289527893,0.6436372995376587,-0.011788257397711277,0.4276793897151947,0.6074729561805725,-0.0146446218714118,0.4477576017379761,0.6166216135025024,-0.013985877856612206,0.4606747031211853,0.629059910774231,-0.013101480901241302,0.40275534987449646,0.6699470281600952,-0.02147531695663929,0.42831072211265564,0.6397796273231506,-0.022627420723438263,0.4433966279029846,0.6399036645889282,-0.020325908437371254,0.4538727402687073,0.645121693611145,-0.01830250397324562
0.347551167011261,0.7227070331573486,7.740035812275892e-08,0.3587801456451416,0.6787943840026855,0.012916144914925098,0.37577521800994873,0.647905170917511,0.01504455041140318,0.3910326063632965,0.6377784013748169,0.012983456254005432,0.4045102000236511,0.6360679864883423,0.010384497232735157,0.38279858231544495,0.6250728368759155,0.007736255880445242,0.41698765754699707,0.6044888496398926,0.0029529777821153402,0.4355716109275818,0.6142582297325134,0.0003693111357279122,0.4469545781612396,0.6276403665542603,-0.0006040198495611548,0.3888666331768036,0.6315723061561584,-0.0028572543524205685,0.4250917136669159,0.599389374256134,-0.0072628287598490715,0.44446393847465515,0.6097370982170105,-0.008582481183111668,0.4550720751285553,0.6244124174118042,-0.008515995927155018,0.3950619399547577,0.6476666927337646,-0.012929691933095455,0.4275103807449341,0.6088696122169495,-0.016254160553216934,0.4474572241306305,0.6183512210845947,-0.015582269988954067,0.45996546745300293,0.6318557858467102,-0.014513944275677204,0.4023780822753906,0.673734188079834,-0.022183595225214958,0.42805853486061096,0.6420891880989075,-0.023614799603819847,0.4431993365287781,0.6423631310462952,-0.021281538531184196,0.4533804953098297,0.648108184337616,-0.019081490114331245
0.34772518277168274,0.7219904661178589,7.766660559127558e-08,0.35967856645584106,0.6786609888076782,0.01293736882507801,0.3769136369228363,0.6477128267288208,0.015254855155944824,0.3922584652900696,0.6376558542251587,0.013350209221243858,0.4053228199481964,0.6355772614479065,0.01095068734139204,0.3833880126476288,0.6251163482666016,0.00788789615035057,0.4178779721260071,0.6037799119949341,0.0031477520242333412,0.43636131286621094,0.6139548420906067,0.0007188404561020434,0.44733569025993347,0.6275623440742493,-6.189397390699014e-05,0.38919079303741455,0.6313936114311218,-0.0026379344053566456,0.4256928563117981,0.6000939607620239,-0.007060613948851824,0.4448617696762085,0.6117783784866333,-0.008255145512521267,0.455055296421051,0.6272688508033752,-0.007976719178259373,0.3952907919883728,0.6474705934524536,-0.01265218947082758,0.4277074635028839,0.6101434230804443,-0.015799684450030327,0.4477996528148651,0.6203773617744446,-0.014976941049098969,0.4603636860847473,0.6341183185577393,-0.013745691627264023,0.4024863541126251,0.6731648445129395,-0.02186955139040947,0.42819875478744507,0.641377329826355,-0.022945139557123184,0.4431803524494171,0.6418570876121521,-0.020360153168439865,0.4532586336135864,0.6477817296981812,-0.01795441284775734
0.3482864499092102,0.7249236702919006,8.704018483740583e-08,0.36219629645347595,0.6834869980812073,0.012644761241972446,0.37882041931152344,0.6516280174255371,0.014560870826244354,0.3940540552139282,0.6407660245895386,0.012261747382581234,0.4073900580406189,0.6380988955497742,0.009504410438239574,0.3832765221595764,0.627976655960083,0.007662324700504541,0.4176899194717407,0.6081063151359558,0.0031155128963291645,0.43694618344306946,0.615742564201355,0.0009138776804320514,0.44906285405158997,0.6268901824951172,4.715920294984244e-05,0.3880831003189087,0.6336862444877625,-0.00292630260810256,0.4254116117954254,0.6041356325149536,-0.007229040842503309,0.4455263912677765,0.6145025491714478,-0.008180043660104275,0.45708638429641724,0.6289809942245483,-0.007830663584172726,0.3939111828804016,0.6493362188339233,-0.013027835637331009,0.42698734998703003,0.6118096709251404,-0.015806050971150398,0.4474884569644928,0.6209216117858887,-0.014489461667835712,0.46090632677078247,0.6338703036308289,-0.013119591400027275,0.4011133015155792,0.6737163066864014,-0.02245110459625721,0.42494815587997437,0.6403958201408386,-0.023467756807804108,0.4396124482154846,0.6376372575759888,-0.021111398935317993,0.4505971074104309,0.6413865089416504,-0.018991142511367798
0.34807294607162476,0.7260395288467407,8.12316685028236e-08,0.36171865463256836,0.6835619211196899,0.014129295013844967,0.3791455924510956,0.6520954370498657,0.017126023769378662,0.3945007622241974,0.6413689851760864,0.015358954668045044,0.40816977620124817,0.6374339461326599,0.013108251616358757,0.38420984148979187,0.6303836703300476,0.012948291376233101,0.41548389196395874,0.6094666123390198,0.009064620360732079,0.4353165030479431,0.6168497800827026,0.006573164369910955,0.4481954574584961,0.6284117102622986,0.005547269247472286,0.38865596055984497,0.6350705027580261,0.0016929568955674767,0.423301100730896,0.6064335107803345,-0.002058034995570779,0.44370168447494507,0.6171892285346985,-0.003622359363362193,0.45584970712661743,0.6322450637817383,-0.0037020952440798283,0.39417365193367004,0.6491029262542725,-0.0092775858938694,0.4255056083202362,0.6144135594367981,-0.011762736365199089,0.4462417960166931,0.6235259771347046,-0.010982607491314411,0.4595147967338562,0.6370167136192322,-0.009863056242465973,0.4016408622264862,0.6724657416343689,-0.019539518281817436,0.4258120357990265,0.6398938298225403,-0.01966381072998047,0.44088804721832275,0.6381873488426208,-0.01690937764942646,0.45143839716911316,0.6436175107955933,-0.014557048678398132
0.34953710436820984,0.723901093006134,7.673521906781389e-08,0.36169981956481934,0.6802730560302734,0.013257076032459736,0.37956100702285767,0.6495597958564758,0.01591247133910656,0.39456796646118164,0.6386216282844543,0.014105597510933876,0.4082198739051819,0.632139265537262,0.01206341665238142,0.38516905903816223,0.6291862726211548,0.01105566043406725,0.4159872829914093,0.6058605313301086,0.0065435608848929405,0.4345197081565857,0.6161870360374451,0.004081366583704948,0.44589439034461975,0.6309930086135864,0.003452587639912963,0.3901780843734741,0.6341913342475891,0.0003818094846792519,0.42388227581977844,0.6053568124771118,-0.0038511615712195635,0.44352447986602783,0.6174728870391846,-0.005195982288569212,0.4548397660255432,0.6339468359947205,-0.004894510842859745,0.3958503007888794,0.6485046744346619,-0.010007369332015514,0.4270801544189453,0.6154459118843079,-0.012671799398958683,0.4475717842578888,0.624800980091095,-0.011676248162984848,0.4604889452457428,0.6390420198440552,-0.01018778420984745,0.40352529287338257,0.6726437211036682,-0.019724013283848763,0.4287866950035095,0.6414734125137329,-0.01966414973139763,0.444026917219162,0.6409872174263,-0.016566773876547813,0.4543592929840088,0.6477763056755066,-0.013783762231469154
0.35223299264907837,0.7216128706932068,6.411748643131432e-08,0.3631272315979004,0.6767900586128235,0.014266940765082836,0.3803586959838867,0.6461458802223206,0.017145343124866486,0.39487212896347046,0.6334378123283386,0.015473609790205956,0.40907037258148193,0.6269974112510681,0.013683180324733257,0.38471680879592896,0.6263954043388367,0.010767854750156403,0.4125325679779053,0.5929127335548401,0.006582153961062431,0.4294555187225342,0.6034311652183533,0.004907915368676186,0.44001221656799316,0.6202470064163208,0.005017251241952181,0.39067894220352173,0.6318580508232117,1.9675922885653563e-05,0.42284566164016724,0.5986341834068298,-0.0032061459496617317,0.4421525001525879,0.6101784706115723,-0.003839166834950447,0.4536813199520111,0.6278347373008728,-0.003213939955458045,0.39716029167175293,0.6456688046455383,-0.01026206649839878,0.42706188559532166,0.6110420823097229,-0.011381600983440876,0.44674408435821533,0.6198123097419739,-0.009880864061415195,0.45961177349090576,0.6349542140960693,-0.008428900502622128,0.40532130002975464,0.6670564413070679,-0.01984643191099167,0.42801186442375183,0.6353516578674316,-0.019005633890628815,0.44238972663879395,0.6347705721855164,-0.01599840074777603,0.4528297185897827,0.6425541043281555,-0.013320369645953178
0.34992387890815735,0.7123467326164246,7.335063401114894e-08,0.36200451850891113,0.6686801910400391,0.014544602483510971,0.3800683319568634,0.6393151879310608,0.01799161545932293,0.39459869265556335,0.6293091177940369,0.016667287796735764,0.4085763692855835,0.6244109272956848,0.015110697597265244,0.38462701439857483,0.6193929314613342,0.012399748899042606,0.41350114345550537,0.5879818201065063,0.008024975657463074,0.4309879243373871,0.5997319221496582,0.005665491800755262,0.4419262409210205,0.6176221966743469,0.005255533382296562,0.39044269919395447,0.6249333024024963,0.0013170887250453234,0.42281368374824524,0.5940560698509216,-0.0025162547826766968,0.4428768754005432,0.6065213084220886,-0.004218622110784054,0.45445579290390015,0.6254088282585144,-0.004246455151587725,0.3964734375476837,0.6385543942451477,-0.009398473426699638,0.42669886350631714,0.6060142517089844,-0.011165195144712925,0.44675135612487793,0.6157264113426208,-0.010449666529893875,0.4594494700431824,0.6313318610191345,-0.009314944967627525,0.4042852222919464,0.6600052118301392,-0.019394658505916595,0.4274740517139435,0.6291670203208923,-0.018639469519257545,0.4416816830635071,0.6296641826629639,-0.015569339506328106,0.4513798654079437,0.638430655002594,-0.012803408317267895
0.35132941603660583,0.7043054699897766,1.1150944345672542e-07,0.3643916845321655,0.6608752608299255,0.011631648056209087,0.3821171224117279,0.6309170126914978,0.013531806878745556,0.39711567759513855,0.6213762760162354,0.011214750818908215,0.4113443195819855,0.6174337863922119,0.00865242350846529,0.3861934244632721,0.6124569773674011,0.007986119948327541,0.4184029698371887,0.5875539183616638,0.002253061393275857,0.43739911913871765,0.6002354621887207,-0.0009697973728179932,0.44931983947753906,0.6176043152809143,-0.0019404194317758083,0.39106565713882446,0.6185441613197327,-0.0019245652947574854,0.4257628321647644,0.5901104211807251,-0.007524178363382816,0.4462929368019104,0.6046443581581116,-0.009960288181900978,0.45721739530563354,0.6249182820320129,-0.010187648236751556,0.3966831564903259,0.6331923604011536,-0.01151979248970747,0.4285288453102112,0.6009901165962219,-0.014750858768820763,0.4488629400730133,0.61329585313797,-0.014732911251485348,0.4608162045478821,0.6306512355804443,-0.013715196400880814,0.4038427472114563,0.655660092830658,-0.020541680976748466,0.42886000871658325,0.6255408525466919,-0.020990747958421707,0.4432959258556366,0.6272179484367371,-0.018609415739774704,0.4524937868118286,0.6370944380760193,-0.0161164291203022
0.35232362151145935,0.6970809102058411,1.0194175814604023e-07,0.3668915629386902,0.6543139219284058,0.013540562242269516,0.3851565420627594,0.6253448724746704,0.016369806602597237,0.4001900851726532,0.6167773604393005,0.014585749246180058,0.4140649139881134,0.6140592694282532,0.012403701432049274,0.3884907066822052,0.6045719981193542,0.011320673860609531,0.42108646035194397,0.5856263637542725,0.006975102238357067,0.43964922428131104,0.5997571349143982,0.00408239895477891,0.45111826062202454,0.6176517009735107,0.0030581012833863497,0.3931557834148407,0.6113629937171936,0.000599160382989794,0.4279230535030365,0.5872195959091187,-0.003436643397435546,0.4477229714393616,0.602870762348175,-0.00572124682366848,0.45788952708244324,0.6237643361091614,-0.006279992870986462,0.3983302712440491,0.626592218875885,-0.009720605798065662,0.43083181977272034,0.5980386734008789,-0.011634556576609612,0.4504697322845459,0.6122981905937195,-0.011571074835956097,0.46132344007492065,0.6301689147949219,-0.010990678332746029,0.40495187044143677,0.6497607827186584,-0.01933503895998001,0.4310317635536194,0.6222825646400452,-0.0184289813041687,0.4449531137943268,0.6266746520996094,-0.015368367545306683,0.45272618532180786,0.6380481719970703,-0.012814571149647236
0.351750910282135,0.692338228225708,1.0812942008442405e-07,0.3664897680282593,0.6505897045135498,0.013074522837996483,0.38509905338287354,0.6210929155349731,0.015557271428406239,0.40037423372268677,0.6117924451828003,0.013531962409615517,0.41429516673088074,0.6088314652442932,0.01109213288873434,0.3884442448616028,0.5994779467582703,0.010185061022639275,0.42209959030151367,0.5821391940116882,0.005688067059963942,0.440611332654953,0.5971964597702026,0.0028973249718546867,0.4516298174858093,0.6152734160423279,0.0020439813379198313,0.39269474148750305,0.6068049073219299,-0.0003529287059791386,0.42852044105529785,0.5850411057472229,-0.004275196231901646,0.4482588469982147,0.6013579964637756,-0.006339786108583212,0.4583549201488495,0.6219453811645508,-0.006748980842530727,0.397521436214447,0.6223211288452148,-0.010469556786119938,0.43080419301986694,0.5958390831947327,-0.012281333096325397,0.4502771496772766,0.6107857823371887,-0.01200012769550085,0.460709810256958,0.6289311051368713,-0.011219111271202564,0.4037454128265381,0.645553469657898,-0.01991824246942997,0.43007534742355347,0.6182143092155457,-0.019043046981096268,0.4441906809806824,0.622977614402771,-0.015951482579112053,0.45198121666908264,0.6345022916793823,-0.013271738775074482
0.35169845819473267,0.6887673139572144,7.378447008932199e-08,0.3675016462802887,0.6461576223373413,0.01488043088465929,0.38575994968414307,0.6173431873321533,0.01805703155696392,0.4013637900352478,0.609009861946106,0.016209924593567848,0.4156702756881714,0.6083503365516663,0.013901399448513985,0.3883066177368164,0.5962022542953491,0.012592928484082222,0.4214484989643097,0.5778419375419617,0.007885942235589027,0.43874290585517883,0.5967731475830078,0.004790799226611853,0.44778114557266235,0.6188411116600037,0.003957401029765606,0.39269760251045227,0.6040562391281128,0.0011707365047186613,0.42848339676856995,0.5838988423347473,-0.003132728161290288,0.4471281170845032,0.6052390933036804,-0.005668266676366329,0.4555225670337677,0.6292065382003784,-0.006181574426591396,0.39781221747398376,0.6196408271789551,-0.009810562245547771,0.4312743842601776,0.5964650511741638,-0.011674857698380947,0.4506359100341797,0.6147496104240417,-0.011465732008218765,0.46031060814857483,0.6356785297393799,-0.010604294948279858,0.404631644487381,0.6430612206459045,-0.020035656169056892,0.4318091571331024,0.6183093786239624,-0.019000103697180748,0.4467197358608246,0.6256148815155029,-0.015861647203564644,0.45481571555137634,0.6391957998275757,-0.01313169114291668
0.35174185037612915,0.6881042718887329,6.378090944281212e-08,0.3661155700683594,0.6446728110313416,0.014481297694146633,0.38362085819244385,0.6164410710334778,0.017683284357190132,0.39891964197158813,0.60694819688797,0.016037408262491226,0.4126254618167877,0.6052119135856628,0.013857676647603512,0.3879229724407196,0.59677654504776,0.012744268402457237,0.41981998085975647,0.5754212141036987,0.008578182198107243,0.4362684488296509,0.5921739339828491,0.0056941513903439045,0.4453364908695221,0.6109281778335571,0.004728641826659441,0.3929571509361267,0.6044477820396423,0.0016416063299402595,0.42733433842658997,0.5843731760978699,-0.001869444502517581,0.44478005170822144,0.6037158370018005,-0.004319216124713421,0.4536658227443695,0.6240134835243225,-0.005113012623041868,0.3983098268508911,0.619929850101471,-0.00906897522509098,0.4297563433647156,0.59659743309021,-0.010326840914785862,0.44846561551094055,0.6119515895843506,-0.010233156383037567,0.4593125581741333,0.6296670436859131,-0.009868720546364784,0.40485212206840515,0.6429151892662048,-0.01907459646463394,0.4303925037384033,0.6179746389389038,-0.01794314570724964,0.44563695788383484,0.6208184957504272,-0.015250216238200665,0.4557390511035919,0.6289640665054321,-0.013124201446771622
0.35261058807373047,0.690662145614624,4.753017179837116e-08,0.3657555878162384,0.6470949053764343,0.015769783407449722,0.38157200813293457,0.6181824207305908,0.01950940303504467,0.39650455117225647,0.6077759861946106,0.01819092407822609,0.4098861813545227,0.6062052249908447,0.01608211360871792,0.3862464129924774,0.5990279316902161,0.013485434465110302,0.41787686944007874,0.5776200890541077,0.010148189030587673,0.4337504506111145,0.5909754633903503,0.008524295873939991,0.44309285283088684,0.6053332090377808,0.008298404514789581,0.39205753803253174,0.6058341264724731,0.0016540533397346735,0.42669734358787537,0.5854495167732239,-0.002060903003439307,0.44293200969696045,0.6042755246162415,-0.003732962068170309,0.45087504386901855,0.6238060593605042,-0.0034805075265467167,0.3980973958969116,0.6213800311088562,-0.00963918212801218,0.4290783405303955,0.5957528948783875,-0.01139193493872881,0.44729116559028625,0.6086564660072327,-0.010323189198970795,0.458107590675354,0.6234791278839111,-0.008944601751863956,0.4048863649368286,0.644519031047821,-0.020073654130101204,0.429649293422699,0.6165251731872559,-0.020071588456630707,0.44575557112693787,0.6115103363990784,-0.017801906913518906,0.4580799639225006,0.6114127039909363,-0.0157525185495615
0.3529950976371765,0.6912115216255188,-5.017011250885162e-09,0.36627623438835144,0.6488279104232788,0.017087362706661224,0.3823968768119812,0.6195260286331177,0.021901845932006836,0.39839473366737366,0.6084315180778503,0.021623170003294945,0.41247761249542236,0.6082630753517151,0.02042878419160843,0.3874635100364685,0.6005971431732178,0.01388685405254364,0.41896265745162964,0.5792918801307678,0.011375567875802517,0.43405094742774963,0.5926402807235718,0.010706876404583454,0.44268232583999634,0.6062788963317871,0.010970845818519592,0.3926466405391693,0.6074259281158447,0.0017469627782702446,0.42757323384284973,0.5891416072845459,-0.0012585269287228584,0.44064271450042725,0.6090301871299744,-0.0018503919709473848,0.4456658363342285,0.6259552836418152,-0.0010591138852760196,0.39829379320144653,0.6232485175132751,-0.009663339704275131,0.42983004450798035,0.5994454622268677,-0.01104763988405466,0.44495269656181335,0.6127092242240906,-0.008975405246019363,0.45299261808395386,0.6252142190933228,-0.007215701974928379,0.4047553241252899,0.6460927128791809,-0.020067952573299408,0.4292410612106323,0.6195977926254272,-0.020512282848358154,0.4453522861003876,0.6093364357948303,-0.01865966059267521,0.4580881595611572,0.6019890308380127,-0.01717483624815941
0.35330286622047424,0.6941257119178772,-1.7988467604368452e-08,0.3653161823749542,0.6527181267738342,0.014754187315702438,0.3822422921657562,0.6232684850692749,0.0188584141433239,0.39872944355010986,0.6134880185127258,0.01850804127752781,0.4131088852882385,0.6149837970733643,0.01749580353498459,0.3880198299884796,0.6024495959281921,0.011652867309749126,0.41849231719970703,0.5805168747901917,0.008245041593909264,0.43285703659057617,0.5962972044944763,0.006681651808321476,0.4401867687702179,0.6118704080581665,0.006501020397990942,0.3935309648513794,0.6100525856018066,0.0007695663371123374,0.42830780148506165,0.5958877801895142,-0.0034167019184678793,0.4400971531867981,0.6188995242118835,-0.005217800848186016,0.4431677460670471,0.6368624567985535,-0.005035041365772486,0.39921995997428894,0.6264427900314331,-0.009473921731114388,0.43078216910362244,0.6074385046958923,-0.011577649973332882,0.44536805152893066,0.6231210827827454,-0.010615020990371704,0.45271992683410645,0.6363840103149414,-0.009391489438712597,0.4051949977874756,0.6493960618972778,-0.018797319382429123,0.4300982356071472,0.6267675161361694,-0.019027024507522583,0.44603264331817627,0.6180379986763,-0.017267990857362747,0.4583616852760315,0.6108989715576172,-0.015867142006754875
0.352691113948822,0.6940790414810181,1.795808302063051e-08,0.3639429807662964,0.652479350566864,0.015853604301810265,0.38099849224090576,0.6241305470466614,0.020071854814887047,0.3971167504787445,0.614726722240448,0.01961389183998108,0.41172847151756287,0.6146909594535828,0.01847635582089424,0.3864552080631256,0.604809582233429,0.011040421202778816,0.41655513644218445,0.5797384977340698,0.00810034479945898,0.4317082464694977,0.5951787233352661,0.007233167067170143,0.44041740894317627,0.6115939617156982,0.007644189056009054,0.3930414617061615,0.6115031242370605,-0.0002127980551449582,0.4273175299167633,0.5925173759460449,-0.002179671311751008,0.4409880042076111,0.6124812364578247,-0.0017981252167373896,0.4455382525920868,0.6299206018447876,-0.0006131035625003278,0.39902499318122864,0.6278894543647766,-0.0106861162930727,0.43184247612953186,0.6079755425453186,-0.011170873418450356,0.4453423023223877,0.6237371563911438,-0.00778175238519907,0.45104849338531494,0.637679934501648,-0.005098619498312473,0.4051787555217743,0.6515686511993408,-0.020253220573067665,0.43166252970695496,0.630443274974823,-0.01926237717270851,0.44734707474708557,0.6261602640151978,-0.015694228932261467,0.4584178030490875,0.6236825585365295,-0.012804380618035793
0.3518180549144745,0.6943454146385193,3.8728618534378256e-08,0.3626677989959717,0.6523022651672363,0.01551123522222042,0.38010305166244507,0.6244346499443054,0.019758906215429306,0.3965156376361847,0.6158148646354675,0.01938607543706894,0.41161736845970154,0.6157925128936768,0.01842324621975422,0.38566282391548157,0.6039810180664062,0.011471280828118324,0.4154733419418335,0.5766662955284119,0.008722414262592793,0.43130749464035034,0.5892773270606995,0.008118781261146069,0.4407120943069458,0.6045736074447632,0.008933567441999912,0.3929695785045624,0.6104114055633545,0.0005760116036981344,0.42642858624458313,0.5897790789604187,-0.0003048824146389961,0.4411333203315735,0.6071446537971497,0.000795117812231183,0.44684284925460815,0.624332845211029,0.0024633242283016443,0.3996178209781647,0.6270138621330261,-0.009667076170444489,0.43194881081581116,0.6071350574493408,-0.009772855788469315,0.4462085962295532,0.6212878823280334,-0.006194010376930237,0.452999085187912,0.635089099407196,-0.003261809004470706,0.4061802625656128,0.6506314873695374,-0.01903255470097065,0.43308404088020325,0.6302282214164734,-0.018157264217734337,0.44892755150794983,0.6274226903915405,-0.01441381499171257,0.4602322578430176,0.6265349984169006,-0.011102515272796154
0.3510763347148895,0.6909753680229187,5.239537514967196e-08,0.362591415643692,0.6488766670227051,0.013880074955523014,0.3805202543735504,0.6206656098365784,0.017504435032606125,0.39744067192077637,0.613292396068573,0.016904737800359726,0.412820041179657,0.613959550857544,0.015822583809494972,0.3858080506324768,0.6000804305076599,0.009072862565517426,0.4149361848831177,0.572467565536499,0.006116208620369434,0.43063682317733765,0.5848268866539001,0.005606509745121002,0.4399612545967102,0.5995221734046936,0.006558941677212715,0.39316779375076294,0.6076304316520691,-0.0009675435139797628,0.42632153630256653,0.5841953158378601,-0.0023363714572042227,0.4413122534751892,0.6015014052391052,-0.0014884815318509936,0.4467410743236542,0.6197746992111206,0.00018234661547467113,0.3995821177959442,0.6253312230110168,-0.010274432599544525,0.4323182702064514,0.6093196272850037,-0.011058815754950047,0.4449772834777832,0.6267629265785217,-0.007485050242394209,0.44998806715011597,0.6422232985496521,-0.004191339481621981,0.4057726562023163,0.649009108543396,-0.01876107044517994,0.433071106672287,0.6324266195297241,-0.018200784921646118,0.4490327537059784,0.6292179822921753,-0.014515941962599754,0.4604983329772949,0.6266977787017822,-0.011100031435489655
0.3520072102546692,0.6887897849082947,5.7260795216507177e-08,0.3631380796432495,0.6463072299957275,0.013426700606942177,0.380634069442749,0.6179195642471313,0.01725495047867298,0.39718079566955566,0.6101449131965637,0.017002001404762268,0.41225191950798035,0.611274003982544,0.016433168202638626,0.3864384889602661,0.5962173938751221,0.010090629570186138,0.41473424434661865,0.5698186159133911,0.007396466098725796,0.42993003129959106,0.5813314914703369,0.0066171553917229176,0.43899303674697876,0.596206545829773,0.007249327376484871,0.39431172609329224,0.6042794585227966,0.0006558120949193835,0.4267294704914093,0.5840268135070801,-0.0002913027419708669,0.441423237323761,0.6005451679229736,0.00020721460168715566,0.4474554657936096,0.6191929578781128,0.0015078441938385367,0.40095022320747375,0.6219053864479065,-0.008156489580869675,0.43227890133857727,0.610444962978363,-0.008109466172754765,0.44559594988822937,0.6249920725822449,-0.0052494811825454235,0.4522949159145355,0.6389195322990417,-0.0027259711641818285,0.4071197211742401,0.6453414559364319,-0.01624571904540062,0.433268666267395,0.6342965364456177,-0.014880447648465633,0.4484202265739441,0.6344327926635742,-0.01131498720496893,0.45965173840522766,0.6356130242347717,-0.008068572729825974
0.35225290060043335,0.6878188848495483,7.247700040124982e-08,0.3639267086982727,0.6462584137916565,0.013757497072219849,0.38145577907562256,0.6186849474906921,0.01739910989999771,0.39767739176750183,0.6123219132423401,0.016967879608273506,0.4124789535999298,0.6140480041503906,0.0163150355219841,0.38692477345466614,0.5960121154785156,0.010301926173269749,0.414876788854599,0.5710327625274658,0.007768343202769756,0.4300283193588257,0.5828721523284912,0.006867904216051102,0.43933218717575073,0.5988228917121887,0.007266945205628872,0.3942800462245941,0.6039004325866699,0.0006101185572333634,0.4271077513694763,0.5826066732406616,-0.0004404973005875945,0.4433916211128235,0.5983347296714783,-0.0002270723634865135,0.45161131024360657,0.6173645853996277,0.0007655688677914441,0.4007125198841095,0.6217886209487915,-0.0083992974832654,0.43255525827407837,0.610812246799469,-0.008191021159291267,0.4481687843799591,0.6259379982948303,-0.005892034620046616,0.4567148685455322,0.6409540176391602,-0.003942963667213917,0.40694859623908997,0.6464604735374451,-0.016622744500637054,0.4331541061401367,0.6345987319946289,-0.014208768494427204,0.4461165964603424,0.6398911476135254,-0.009693527594208717,0.4544309377670288,0.6466468572616577,-0.005973619408905506
0.3524683117866516,0.689295768737793,6.397988983053438e-08,0.36448192596435547,0.6478581428527832,0.015212352387607098,0.38168805837631226,0.6199687719345093,0.019068121910095215,0.39817801117897034,0.6131426692008972,0.018515760079026222,0.41340798139572144,0.6152117252349854,0.017840534448623657,0.38568657636642456,0.5980307459831238,0.01094124186784029,0.41466397047042847,0.5729433298110962,0.008469685912132263,0.4292771518230438,0.5874401330947876,0.008048232644796371,0.437841534614563,0.6036978363990784,0.008894584141671658,0.3931666314601898,0.6045643091201782,0.00043177674524486065,0.42703500390052795,0.5784862041473389,-0.00036659263423644006,0.4432623088359833,0.5958439707756042,0.0009420674177818,0.45095646381378174,0.6162163019180298,0.0028913167770951986,0.39989081025123596,0.6222789287567139,-0.009312191046774387,0.4325341582298279,0.6079130172729492,-0.00909461174160242,0.4470682442188263,0.6251019835472107,-0.005282347556203604,0.4541836977005005,0.6411891579627991,-0.0020291979890316725,0.406642347574234,0.6474537253379822,-0.018211254850029945,0.43408650159835815,0.635077714920044,-0.016565978527069092,0.4489259123802185,0.6404368281364441,-0.012022353708744049,0.45894497632980347,0.64677494764328,-0.008005685172975063
0.3528745174407959,0.6995032429695129,9.658131006062831e-08,0.36483055353164673,0.6541751623153687,0.013391101732850075,0.3822896182537079,0.6228129267692566,0.015060406178236008,0.3990040421485901,0.6142579317092896,0.012589284218847752,0.4146341383457184,0.6152223944664001,0.009826529771089554,0.38450297713279724,0.6015862226486206,0.0060676210559904575,0.4131232500076294,0.5707642436027527,0.0015248444397002459,0.43057531118392944,0.575619637966156,0.0001487456465838477,0.44215014576911926,0.5874897241592407,0.0004108483262825757,0.39081427454948425,0.6088294386863708,-0.004880845081061125,0.4216274619102478,0.5684815049171448,-0.008356060832738876,0.43980711698532104,0.5787211656570435,-0.007902721874415874,0.4497230648994446,0.5986692309379578,-0.00618876563385129,0.397800087928772,0.6282550096511841,-0.015072552487254143,0.4300532937049866,0.6056293845176697,-0.01760941930115223,0.4477308392524719,0.6210818886756897,-0.015156285837292671,0.4573312997817993,0.6377300024032593,-0.012618500739336014,0.405750036239624,0.6548994779586792,-0.024363921955227852,0.4334089756011963,0.6381816267967224,-0.024673303589224815,0.4475466012954712,0.643100380897522,-0.020935900509357452,0.45690208673477173,0.6489939093589783,-0.0174711924046278
0.3550300896167755,0.7131328582763672,8.199187107038597e-08,0.36495205760002136,0.6670546531677246,0.011948137544095516,0.3808861970901489,0.6336590647697449,0.012578611262142658,0.39658811688423157,0.6234737038612366,0.009740220382809639,0.41176915168762207,0.6225374937057495,0.006874339655041695,0.3833712637424469,0.6135631799697876,-0.001328584854491055,0.40992283821105957,0.5724751353263855,-0.008327892981469631,0.42758139967918396,0.5770610570907593,-0.010648176074028015,0.4392445385456085,0.5881901383399963,-0.01091800071299076,0.3905210793018341,0.6222413778305054,-0.011579697020351887,0.4159334897994995,0.5668953657150269,-0.01832527294754982,0.4353185296058655,0.5705605149269104,-0.018523424863815308,0.44627246260643005,0.585655689239502,-0.01711607165634632,0.3981688320636749,0.6418882608413696,-0.020742623135447502,0.4260888993740082,0.602813720703125,-0.026038656011223793,0.44411501288414,0.6155716180801392,-0.02376864105463028,0.4533505439758301,0.6309643983840942,-0.02095956727862358,0.40675485134124756,0.6691955924034119,-0.028951147571206093,0.4317810833454132,0.6470280289649963,-0.031159602105617523,0.44356769323349,0.6509840488433838,-0.02765434980392456,0.4494381844997406,0.6572630405426025,-0.024125270545482635
0.35858994722366333,0.7319637537002563,6.234830607354525e-08,0.36438536643981934,0.6849653124809265,0.011917660012841225,0.37738722562789917,0.6505940556526184,0.012422331608831882,0.39228808879852295,0.6368081569671631,0.009386560879647732,0.4057542085647583,0.6333748698234558,0.0061676823534071445,0.38498350977897644,0.6286597847938538,-0.00144606560934335,0.40827175974845886,0.5829546451568604,-0.008299005217850208,0.42551514506340027,0.5869432687759399,-0.0108567476272583,0.43687114119529724,0.5984065532684326,-0.01126221101731062,0.39329099655151367,0.6369727253913879,-0.011538103222846985,0.4147731363773346,0.5766023397445679,-0.01790260523557663,0.43339571356773376,0.575333297252655,-0.01796528324484825,0.4439461827278137,0.5886659026145935,-0.016646118834614754,0.4011591672897339,0.6553087830543518,-0.020624777302145958,0.4241388142108917,0.6083661317825317,-0.025196561589837074,0.44059884548187256,0.6142073273658752,-0.023310936987400055,0.4489072859287262,0.6267673969268799,-0.02110661379992962,0.4094395637512207,0.6810780167579651,-0.028848906978964806,0.431915283203125,0.6571770310401917,-0.031039204448461533,0.44408726692199707,0.6576809287071228,-0.028649045154452324,0.450517863035202,0.6629384756088257,-0.026086417958140373
0.35963016748428345,0.7437907457351685,6.342012426330257e-08,0.3665156364440918,0.6934307217597961,0.013708299025893211,0.38030827045440674,0.6592531204223633,0.01507769338786602,0.3946089446544647,0.646169900894165,0.012557508423924446,0.4089467227458954,0.6419153809547424,0.009958379901945591,0.383819580078125,0.6409525275230408,-0.0009937308495864272,0.40587034821510315,0.5882477760314941,-0.008829561993479729,0.42425087094306946,0.5886525511741638,-0.010883052833378315,0.4361073672771454,0.5994642972946167,-0.010257326066493988,0.3922848105430603,0.6489374041557312,-0.011774982325732708,0.41056376695632935,0.5804623365402222,-0.019610615447163582,0.4295775890350342,0.5786482095718384,-0.018884671851992607,0.43954649567604065,0.5956512689590454,-0.0159467700868845,0.4004390239715576,0.666939377784729,-0.021415775641798973,0.4218151569366455,0.6140429377555847,-0.02706402726471424,0.4387473165988922,0.6198060512542725,-0.022977089509367943,0.44706180691719055,0.6339102983474731,-0.01808660849928856,0.4094259440898895,0.6915037631988525,-0.030030276626348495,0.4302886128425598,0.6621036529541016,-0.03365103527903557,0.44357186555862427,0.6601347327232361,-0.03066905401647091,0.4511932134628296,0.663532555103302,-0.026510771363973618
0.35985130071640015,0.7479395270347595,6.364113858126075e-08,0.364491730928421,0.697197675704956,0.013635767623782158,0.3777613639831543,0.6625620126724243,0.015631994232535362,0.3915223181247711,0.648075520992279,0.013758081942796707,0.40496307611465454,0.6418282389640808,0.011851510964334011,0.38228729367256165,0.6447592973709106,0.0001323650503763929,0.4020850658416748,0.5868563652038574,-0.00691708829253912,0.42105671763420105,0.5857362747192383,-0.008360829204320908,0.4334179759025574,0.5974099636077881,-0.0072812605649232864,0.39145705103874207,0.6512531638145447,-0.010319283232092857,0.4073053002357483,0.5787085890769958,-0.016846900805830956,0.42627400159835815,0.5731526613235474,-0.01578313671052456,0.43656161427497864,0.5879487991333008,-0.012896229512989521,0.4003395736217499,0.66764897108078,-0.019749419763684273,0.42000335454940796,0.611615777015686,-0.02466786839067936,0.43760207295417786,0.6148789525032043,-0.02138216234743595,0.44675198197364807,0.6286104917526245,-0.017398620024323463,0.409877210855484,0.6907696723937988,-0.028180314227938652,0.42961549758911133,0.6615525484085083,-0.03221248835325241,0.44344475865364075,0.6601728200912476,-0.030341632664203644,0.45180413126945496,0.6650054454803467,-0.027074255049228668
0.359983891248703,0.7490841150283813,8.374121307497262e-08,0.3643231987953186,0.6969444155693054,0.012974461540579796,0.377412885427475,0.6612352728843689,0.01412235852330923,0.39089491963386536,0.6447786092758179,0.011406879872083664,0.4039411246776581,0.6368226408958435,0.008737709373235703,0.38128000497817993,0.6448692679405212,-0.0016441481420770288,0.39915695786476135,0.5817915201187134,-0.009661458432674408,0.4185763895511627,0.5777067542076111,-0.011451463215053082,0.43125951290130615,0.5884027481079102,-0.010611710138618946,0.38999056816101074,0.6511707901954651,-0.0123051218688488,0.403810054063797,0.5735431909561157,-0.020274821668863297,0.42303597927093506,0.5660468935966492,-0.01982172392308712,0.4343389570713043,0.5801556706428528,-0.017323672771453857,0.39886152744293213,0.6672431826591492,-0.021986227482557297,0.417330265045166,0.6066756248474121,-0.028066331520676613,0.43525761365890503,0.6088547706604004,-0.025572804734110832,0.4452444314956665,0.6223894357681274,-0.022104525938630104,0.40878623723983765,0.690066933631897,-0.030716344714164734,0.4278385639190674,0.6605514287948608,-0.035751014947891235,0.44245630502700806,0.6580435037612915,-0.03491751477122307,0.4521588087081909,0.6618326306343079,-0.03249990567564964
0.3614485263824463,0.748001754283905,8.240392901370797e-08,0.36519578099250793,0.6948767900466919,0.013096552342176437,0.37746554613113403,0.6584606766700745,0.014300202019512653,0.3904450535774231,0.6416244506835938,0.011752927675843239,0.4033266603946686,0.6334807872772217,0.00921432115137577,0.3809330463409424,0.6408542990684509,-0.0015456801047548652,0.3985351622104645,0.578764021396637,-0.008906213566660881,0.4175746738910675,0.5748980045318604,-0.010513451881706715,0.4299936890602112,0.5851520895957947,-0.009823782369494438,0.3895518481731415,0.6472399234771729,-0.012228908017277718,0.40232372283935547,0.5694900751113892,-0.01980416849255562,0.42094686627388,0.5612435340881348,-0.01972956769168377,0.43240395188331604,0.5736746788024902,-0.017827117815613747,0.39871564507484436,0.6638413071632385,-0.021840844303369522,0.4166429042816162,0.6037784814834595,-0.027946287766098976,0.4349108934402466,0.6067084074020386,-0.026557929813861847,0.44538936018943787,0.6201660633087158,-0.024159960448741913,0.4089823365211487,0.6871610283851624,-0.030380655080080032,0.4278007447719574,0.6584200263023376,-0.0354408398270607,0.44199544191360474,0.6573493480682373,-0.034993723034858704,0.4512137174606323,0.6624723672866821,-0.033154480159282684
0.36283886432647705,0.7484747171401978,8.546545160470487e-08,0.36614349484443665,0.6957618594169617,0.014513080008327961,0.3784741759300232,0.6595661044120789,0.016075018793344498,0.3911101520061493,0.6440230011940002,0.013665706850588322,0.40439456701278687,0.6372485160827637,0.011465976946055889,0.3817487061023712,0.6386767029762268,-0.0015888710040599108,0.39938274025917053,0.5766951441764832,-0.009062197990715504,0.4185490310192108,0.5702788829803467,-0.01026322040706873,0.4316880702972412,0.5795232057571411,-0.008978516794741154,0.3902706801891327,0.6454138159751892,-0.01260829996317625,0.40373480319976807,0.5699499845504761,-0.019754866138100624,0.4218624532222748,0.5592254996299744,-0.018468232825398445,0.43189573287963867,0.5722087621688843,-0.015507996082305908,0.39878150820732117,0.6624116897583008,-0.022369658574461937,0.41950756311416626,0.6060237288475037,-0.02751510590314865,0.4375826120376587,0.6123390197753906,-0.023137778043746948,0.4456939995288849,0.6297479867935181,-0.01832963526248932,0.4089757204055786,0.685672402381897,-0.03103751130402088,0.4302101731300354,0.6571396589279175,-0.035293035209178925,0.44414377212524414,0.6569364666938782,-0.03321635350584984,0.4512633681297302,0.6634268164634705,-0.029712717980146408
0.3614949882030487,0.7469942569732666,8.816853380722023e-08,0.3650605380535126,0.6934585571289062,0.016195237636566162,0.37790724635124207,0.6579604148864746,0.018178511410951614,0.39009660482406616,0.6417138576507568,0.015746938064694405,0.40345680713653564,0.6349223852157593,0.0135102029889822,0.3811033070087433,0.6369250416755676,-0.00023082556435838342,0.3991416394710541,0.5738534927368164,-0.007241207640618086,0.4183770716190338,0.567007303237915,-0.0075231147930026054,0.43131503462791443,0.5769586563110352,-0.005433649756014347,0.38902541995048523,0.6430861353874207,-0.012261069379746914,0.4033249318599701,0.5660143494606018,-0.01929040625691414,0.421624094247818,0.5570534467697144,-0.017315534874796867,0.43094736337661743,0.5728431940078735,-0.01357800792902708,0.397157222032547,0.6603490710258484,-0.02285967394709587,0.4201255142688751,0.6045750975608826,-0.02804928459227085,0.43780553340911865,0.6155565977096558,-0.02227615937590599,0.44453004002571106,0.6357466578483582,-0.016176901757717133,0.40743473172187805,0.684670627117157,-0.032194558531045914,0.43106186389923096,0.656764030456543,-0.03614174202084541,0.4452471435070038,0.656301736831665,-0.03305070474743843,0.4514373540878296,0.6611589789390564,-0.028656044974923134
0.36043569445610046,0.7448869943618774,8.256501615733214e-08,0.36525237560272217,0.6934788227081299,0.014579945243895054,0.3780033588409424,0.6565560102462769,0.016116179525852203,0.390317440032959,0.6401463747024536,0.013396207243204117,0.403859406709671,0.6339850425720215,0.010606717318296432,0.3821515738964081,0.6341608166694641,0.00016316547407768667,0.40089523792266846,0.5775225758552551,-0.007918265648186207,0.41912567615509033,0.5730485320091248,-0.010434257797896862,0.4320847988128662,0.5833186507225037,-0.010119318962097168,0.38969630002975464,0.6397636532783508,-0.011276031844317913,0.40534067153930664,0.5672236084938049,-0.01860181987285614,0.42397618293762207,0.5616518259048462,-0.01784624345600605,0.4342831075191498,0.5784704089164734,-0.015011093579232693,0.39768433570861816,0.6574399471282959,-0.021509351208806038,0.42084652185440063,0.6051558256149292,-0.02720584347844124,0.43809229135513306,0.6161285042762756,-0.022606346756219864,0.445222407579422,0.634942889213562,-0.01724085584282875,0.40715301036834717,0.6828956604003906,-0.03063882514834404,0.4300764203071594,0.6570536494255066,-0.034096576273441315,0.443296879529953,0.6573413610458374,-0.03060993365943432,0.45020273327827454,0.6625673174858093,-0.026050446555018425
0.3583778738975525,0.7408784031867981,6.811681174667683e-08,0.36378535628318787,0.691484808921814,0.014189116656780243,0.3768264055252075,0.6548088788986206,0.015743987634778023,0.3902861773967743,0.6390321850776672,0.01290312223136425,0.40391746163368225,0.6349284052848816,0.009721816517412663,0.38134583830833435,0.6304674744606018,0.002577761420980096,0.4006357491016388,0.5770910382270813,-0.004642529413104057,0.4188290536403656,0.5740854740142822,-0.007508028764277697,0.4304906129837036,0.5839359760284424,-0.007682059425860643,0.3887030780315399,0.6357987523078918,-0.00886139553040266,0.4082850515842438,0.5669775605201721,-0.015341575257480145,0.426288902759552,0.5683177709579468,-0.015515063889324665,0.4343123435974121,0.588395893573761,-0.013421881012618542,0.39678099751472473,0.6533964276313782,-0.019103094935417175,0.4201275110244751,0.6054583787918091,-0.0238935649394989,0.43430641293525696,0.617825984954834,-0.019840549677610397,0.4387504458427429,0.6345640420913696,-0.015091968700289726,0.4062105119228363,0.6793491244316101,-0.028279028832912445,0.4290139675140381,0.652424693107605,-0.029949724674224854,0.44239258766174316,0.6514279842376709,-0.02547786571085453,0.44936099648475647,0.6538137793540955,-0.02069425955414772
0.3582833409309387,0.7405264377593994,3.522121616583718e-08,0.36204585433006287,0.6925902962684631,0.016887426376342773,0.374027281999588,0.6542906165122986,0.020502205938100815,0.38769692182540894,0.6366235017776489,0.019160540774464607,0.40203213691711426,0.6317370533943176,0.01733109913766384,0.37874075770378113,0.6255356669425964,0.008039823733270168,0.39979398250579834,0.5759449005126953,0.004200480878353119,0.4173023998737335,0.5723218321800232,0.0037873194087296724,0.4285525381565094,0.5799765586853027,0.005023672711104155,0.3864668011665344,0.6288018226623535,-0.004157784394919872,0.40897729992866516,0.5655049681663513,-0.007826536893844604,0.4258239269256592,0.5682545900344849,-0.006456439383327961,0.4333697557449341,0.5883641839027405,-0.003365948097780347,0.3951050341129303,0.645427942276001,-0.015023283660411835,0.42113468050956726,0.6072054505348206,-0.01736077293753624,0.4330454170703888,0.6215919852256775,-0.011625864543020725,0.43643414974212646,0.637611448764801,-0.005795615259557962,0.40536028146743774,0.6702415943145752,-0.024716278538107872,0.429580420255661,0.6382370591163635,-0.024585744366049767,0.4447439908981323,0.6345648169517517,-0.018803801387548447,0.4542106091976166,0.633998453617096,-0.013037054799497128
0.35834330320358276,0.7372483611106873,4.316330048936834e-08,0.3626335561275482,0.6879644989967346,0.015954436734318733,0.37483304738998413,0.6482961773872375,0.01883145235478878,0.39031410217285156,0.6325101852416992,0.01700924150645733,0.4061143696308136,0.6306742429733276,0.014672394841909409,0.3784342408180237,0.6217314004898071,0.006628014147281647,0.40237730741500854,0.5751896500587463,0.001781850354745984,0.4200908839702606,0.5752149820327759,0.00028796016704291105,0.4310028553009033,0.5848822593688965,0.0008932221098802984,0.3863757252693176,0.6257736682891846,-0.004942946135997772,0.41087767481803894,0.5640137195587158,-0.008680878207087517,0.4279802739620209,0.5709554553031921,-0.007632627617567778,0.4359828233718872,0.5924511551856995,-0.004796950612217188,0.39562326669692993,0.6423138380050659,-0.01512828003615141,0.4216873347759247,0.604112446308136,-0.016980834305286407,0.43264445662498474,0.6196281313896179,-0.010975167155265808,0.43475842475891113,0.6359687447547913,-0.005071294493973255,0.4059659540653229,0.6662566065788269,-0.024262400344014168,0.4292733073234558,0.6331106424331665,-0.023079071193933487,0.44302162528038025,0.6289624571800232,-0.0163839440792799,0.4508380591869354,0.6279028654098511,-0.010139890015125275
0.35850971937179565,0.733508288860321,2.153010925098897e-08,0.36417698860168457,0.6833855509757996,0.016814270988106728,0.3762420415878296,0.6439329981803894,0.020418288186192513,0.3914793133735657,0.6277852058410645,0.019338129088282585,0.407554030418396,0.625994086265564,0.017565807327628136,0.3787249028682709,0.6171747446060181,0.007866487838327885,0.40531280636787415,0.5736508965492249,0.0034274409990757704,0.4230480492115021,0.5780134201049805,0.002302718348801136,0.433907151222229,0.5903792381286621,0.0030199773609638214,0.3870212435722351,0.6213467717170715,-0.00396518362686038,0.41553497314453125,0.5653129816055298,-0.007781554013490677,0.43262484669685364,0.5760093331336975,-0.007036184426397085,0.44104841351509094,0.5970731973648071,-0.004482255317270756,0.39686787128448486,0.6376873254776001,-0.014495543204247952,0.4248071610927582,0.5991606712341309,-0.016269614920020103,0.439518004655838,0.6115790009498596,-0.011915411800146103,0.4462001323699951,0.625773549079895,-0.007549010217189789,0.4073966443538666,0.6607487201690674,-0.023864466696977615,0.43064624071121216,0.6265901327133179,-0.02354355715215206,0.4454658627510071,0.6204444169998169,-0.01878281496465206,0.45590940117836,0.6182212233543396,-0.014184368774294853
0.3567420542240143,0.7270278930664062,3.7025863264261716e-08,0.36170026659965515,0.6770455241203308,0.015563028864562511,0.37388861179351807,0.6391803026199341,0.018801508471369743,0.3888864815235138,0.6229472160339355,0.01767982915043831,0.40421003103256226,0.6208094954490662,0.01601240411400795,0.3787051737308502,0.6115062236785889,0.007200988940894604,0.4051896035671234,0.5673535466194153,0.0020142272114753723,0.42375755310058594,0.5698298215866089,0.00045991005026735365,0.4354016184806824,0.5819859504699707,0.0012209636624902487,0.3871227502822876,0.616786539554596,-0.003808222245424986,0.4143308997154236,0.5607140064239502,-0.008216054178774357,0.43077948689460754,0.5679905414581299,-0.007430421654134989,0.43877336382865906,0.5867017507553101,-0.004509290214627981,0.39656317234039307,0.6331090331077576,-0.013693449087440968,0.4231718182563782,0.594965934753418,-0.01611299254000187,0.437681645154953,0.6040219068527222,-0.011300908401608467,0.4446948170661926,0.6157748699188232,-0.006112373434007168,0.40650296211242676,0.6565721035003662,-0.022519877180457115,0.4288891553878784,0.6218295693397522,-0.022366173565387726,0.4433947503566742,0.6131490468978882,-0.017159495502710342,0.453762948513031,0.6089687347412109,-0.011819936335086823
0.3549346327781677,0.7280700206756592,7.304977067690288e-09,0.3604661524295807,0.6768987774848938,0.019085131585597992,0.3723166584968567,0.6390461325645447,0.023984041064977646,0.38641446828842163,0.6224778890609741,0.023982800543308258,0.4017573297023773,0.6188457608222961,0.023332370445132256,0.37590450048446655,0.6127907037734985,0.008757340721786022,0.402400940656662,0.566883385181427,0.004472608212381601,0.4211755394935608,0.5695996284484863,0.004804499447345734,0.43335798382759094,0.5817523002624512,0.007002176251262426,0.3840842545032501,0.6175246238708496,-0.0039558266289532185,0.41057202219963074,0.5556565523147583,-0.009015919640660286,0.42830976843833923,0.5637490749359131,-0.0066583952866494656,0.4370279610157013,0.5848638415336609,-0.0017964194994419813,0.39364904165267944,0.6342245936393738,-0.01523384265601635,0.4195505678653717,0.5890670418739319,-0.018291067332029343,0.43572598695755005,0.5984815359115601,-0.012115327641367912,0.44382238388061523,0.6117255687713623,-0.0053313919343054295,0.4043588936328888,0.658255934715271,-0.025077806785702705,0.4260476231575012,0.6169746518135071,-0.026156647130846977,0.44096896052360535,0.6078824400901794,-0.020854834467172623,0.4513670802116394,0.60524582862854,-0.01483923476189375
0.35370245575904846,0.7366029620170593,-2.8773287752414944e-08,0.359468549489975,0.6856787204742432,0.020280027762055397,0.3715912699699402,0.6484414935112,0.025720583274960518,0.38544872403144836,0.6306536793708801,0.025936976075172424,0.3996735215187073,0.6244363784790039,0.02528962306678295,0.37369152903556824,0.6205830574035645,0.010199927724897861,0.3993716239929199,0.5719898343086243,0.006174600217491388,0.41782790422439575,0.5779452323913574,0.006051251199096441,0.42971888184547424,0.5906572341918945,0.007397498935461044,0.3817810118198395,0.6241728067398071,-0.003578133648261428,0.4089258015155792,0.5614377856254578,-0.009132416918873787,0.42797595262527466,0.5710002183914185,-0.008479852229356766,0.4381997883319855,0.590316653251648,-0.005549922119826078,0.3912874758243561,0.6391354203224182,-0.01594824343919754,0.4168301522731781,0.5913216471672058,-0.01927451230585575,0.4350755512714386,0.6005759835243225,-0.01573851704597473,0.4457082450389862,0.6130890846252441,-0.01178758218884468,0.4021526277065277,0.6613937616348267,-0.026778418570756912,0.42164525389671326,0.6187557578086853,-0.028569048270583153,0.4365939795970917,0.6089216470718384,-0.02557867206633091,0.44786936044692993,0.605600118637085,-0.022248195484280586
0.3554834723472595,0.7450975179672241,-1.382724779119826e-08,0.36163198947906494,0.6912747621536255,0.01897335797548294,0.37342607975006104,0.6528630256652832,0.023535041138529778,0.38654986023902893,0.6337558627128601,0.023033874109387398,0.39976534247398376,0.6242885589599609,0.021794909611344337,0.3748653531074524,0.6265994906425476,0.010000013746321201,0.40121954679489136,0.5815693736076355,0.006068346556276083,0.4196203649044037,0.5850825905799866,0.005808538291603327,0.4318995475769043,0.5955032706260681,0.006910755764693022,0.38126102089881897,0.6303317546844482,-0.0033300735522061586,0.4089660942554474,0.5711418986320496,-0.008062154054641724,0.4278707504272461,0.5782427191734314,-0.0068323793821036816,0.43866607546806335,0.5942997336387634,-0.0037619667127728462,0.3897235691547394,0.6453787088394165,-0.015448874793946743,0.41431230306625366,0.59210205078125,-0.01842334121465683,0.43213072419166565,0.5973764061927795,-0.014143096283078194,0.443161278963089,0.608405590057373,-0.009829413145780563,0.40036895871162415,0.6683767437934875,-0.026245569810271263,0.41838595271110535,0.6235406398773193,-0.028073841705918312,0.4322369694709778,0.6118801832199097,-0.024772319942712784,0.443206787109375,0.6080224514007568,-0.021162984892725945
0.3554385304450989,0.7460343241691589,-1.0969737118671219e-08,0.36206573247909546,0.691054105758667,0.017598191276192665,0.3751350939273834,0.6512501835823059,0.021162496879696846,0.3890749514102936,0.6333579421043396,0.019759489223361015,0.40335771441459656,0.623989462852478,0.017521880567073822,0.3769384026527405,0.6276475787162781,0.0071702925488352776,0.4054053723812103,0.5814040303230286,0.0016749773640185595,0.423125296831131,0.5867535471916199,0.0010694037191569805,0.4330803155899048,0.6016592383384705,0.002780862618237734,0.38181641697883606,0.6325749158859253,-0.005553392693400383,0.4129523038864136,0.577822744846344,-0.010499946773052216,0.43098488450050354,0.5891150832176208,-0.008883561007678509,0.4383629262447357,0.6098122596740723,-0.005131784826517105,0.38873088359832764,0.6489078402519226,-0.017139172181487083,0.4163364768028259,0.594935953617096,-0.021212365478277206,0.4336211085319519,0.6067509055137634,-0.016405809670686722,0.4420980215072632,0.6256843209266663,-0.010867327451705933,0.3979012668132782,0.6730654835700989,-0.027364837005734444,0.4159631133079529,0.6260630488395691,-0.030497318133711815,0.4288237988948822,0.6173591017723083,-0.027053585276007652,0.43745356798171997,0.6188932061195374,-0.022517379373311996
0.3585505485534668,0.74247145652771,3.734448839054494e-08,0.36500948667526245,0.6932858824729919,0.011692196130752563,0.3795929551124573,0.6494626998901367,0.013621850870549679,0.3965442180633545,0.6290481090545654,0.011939656920731068,0.4129354953765869,0.6172820329666138,0.010284614749252796,0.378061980009079,0.6234813332557678,0.005919206887483597,0.40709051489830017,0.5796211361885071,0.0022222271654754877,0.4240628480911255,0.5864118337631226,0.0015305543784052134,0.4333631694316864,0.6005780696868896,0.002459881128743291,0.38238322734832764,0.6274320483207703,-0.0030662708450108767,0.41341495513916016,0.5778072476387024,-0.005474165081977844,0.4315892457962036,0.5876911282539368,-0.005237113684415817,0.44058921933174133,0.6053578853607178,-0.003777354257181287,0.38970404863357544,0.6427033543586731,-0.0113301333039999,0.4165170192718506,0.5914567112922668,-0.012099895626306534,0.4339970052242279,0.6003627777099609,-0.009289168752729893,0.4433417320251465,0.6164675951004028,-0.0067893872037529945,0.39903524518013,0.664689302444458,-0.018874231725931168,0.41691073775291443,0.621073842048645,-0.017739012837409973,0.42841193079948425,0.6166285872459412,-0.013838100247085094,0.43569469451904297,0.6221080422401428,-0.01045790035277605
0.3578185439109802,0.7327502369880676,4.5452392072320436e-08,0.3651811480522156,0.6908431053161621,0.004550144542008638,0.3810458481311798,0.6457028388977051,0.005786186084151268,0.39897361397743225,0.6233512759208679,0.00559750571846962,0.41520631313323975,0.6107892990112305,0.006027122959494591,0.3803885281085968,0.6182518005371094,0.0007355258567258716,0.4103042483329773,0.57650226354599,-0.0031736018136143684,0.42621493339538574,0.5886337161064148,-0.004125405102968216,0.43361684679985046,0.6066299676895142,-0.0030850437469780445,0.38443732261657715,0.619810938835144,-0.003183473367244005,0.4161924421787262,0.5719754695892334,-0.005891449749469757,0.4335220158100128,0.5847815871238708,-0.006681719794869423,0.44147196412086487,0.6051995754241943,-0.0058209821581840515,0.3912690579891205,0.6340236663818359,-0.0067928144708275795,0.41837775707244873,0.591145932674408,-0.008429139852523804,0.43529805541038513,0.6032091379165649,-0.008550899103283882,0.44387635588645935,0.6212266683578491,-0.007882120087742805,0.39967188239097595,0.6554054021835327,-0.009938463568687439,0.4183259606361389,0.6176645159721375,-0.00985486339777708,0.42962273955345154,0.6186581254005432,-0.008106129243969917,0.43661972880363464,0.6286085247993469,-0.006176391150802374
0.3586116135120392,0.725199282169342,3.825030958637399e-08,0.36765938997268677,0.6812294721603394,0.005019304808229208,0.3845147490501404,0.6376143097877502,0.006392038892954588,0.40245169401168823,0.6172472238540649,0.005804765038192272,0.41842007637023926,0.605404257774353,0.005775152705609798,0.3829880654811859,0.611374020576477,0.0030623264610767365,0.4124142527580261,0.5698530077934265,-0.0011003073304891586,0.4282712936401367,0.5815027356147766,-0.00259891664609313,0.4357467293739319,0.5984817147254944,-0.0019996697083115578,0.3876623213291168,0.6143441796302795,-0.0014900609385222197,0.41875845193862915,0.5685584545135498,-0.004042239859700203,0.4352095127105713,0.5827420353889465,-0.005219903774559498,0.4422260522842407,0.6023616194725037,-0.004744468256831169,0.39464765787124634,0.6291952729225159,-0.005924624390900135,0.42080962657928467,0.5885299444198608,-0.007597505580633879,0.43640726804733276,0.6034966111183167,-0.0075219618156552315,0.4436664879322052,0.6223520636558533,-0.006663213018327951,0.4026716351509094,0.6505491733551025,-0.009995846077799797,0.42067602276802063,0.6141207218170166,-0.010061456821858883,0.4317297041416168,0.6160743236541748,-0.008185787126421928,0.4381941556930542,0.6259105801582336,-0.006166437175124884
0.3564513027667999,0.7233831882476807,-1.112073020476112e-11,0.36390259861946106,0.6732808947563171,0.015642935410141945,0.37798672914505005,0.6336131691932678,0.019627198576927185,0.39325401186943054,0.6177173852920532,0.01919645257294178,0.407823771238327,0.6100338101387024,0.018184246495366096,0.3797321915626526,0.6100100874900818,0.008485452271997929,0.40967127680778503,0.5727826356887817,0.005884780082851648,0.4259868264198303,0.5829090476036072,0.006434663198888302,0.4347187280654907,0.599092423915863,0.008286439813673496,0.3853904604911804,0.6135768294334412,-0.0021895039826631546,0.41709399223327637,0.5656883120536804,-0.004911464173346758,0.43389689922332764,0.580078661441803,-0.003586989361792803,0.44083839654922485,0.6019729971885681,-0.000581168569624424,0.3933561444282532,0.6295314431190491,-0.011738890781998634,0.4208977520465851,0.5861379504203796,-0.013544849120080471,0.4368959963321686,0.602179229259491,-0.010512501001358032,0.44369521737098694,0.6224822998046875,-0.00693536875769496,0.4025714099407196,0.6532535552978516,-0.020064717158675194,0.4216831922531128,0.6124016046524048,-0.020334411412477493,0.43270593881607056,0.6147140860557556,-0.016449127346277237,0.43853580951690674,0.6272333860397339,-0.012321923859417439
0.3557034730911255,0.7237064838409424,-3.503491541323456e-08,0.3629278838634491,0.6696986556053162,0.01789502240717411,0.37568649649620056,0.6319749355316162,0.022113699465990067,0.3889259397983551,0.6163293123245239,0.02111852914094925,0.40216565132141113,0.609363317489624,0.019444843754172325,0.3792361319065094,0.60860675573349,0.011042609810829163,0.40707945823669434,0.5695497989654541,0.007617144845426083,0.42371323704719543,0.5823156237602234,0.006812292151153088,0.43192505836486816,0.5997924208641052,0.007797420956194401,0.3859967291355133,0.6155608296394348,-0.0013188925804570317,0.4176463484764099,0.5755828022956848,-0.0033521587029099464,0.4333972632884979,0.5913444757461548,-0.002989009255543351,0.43834009766578674,0.6116577982902527,-0.0013622798724099994,0.39417481422424316,0.6310996413230896,-0.01252978015691042,0.42154228687286377,0.5905628204345703,-0.012198179960250854,0.4375424385070801,0.6021843552589417,-0.00864761509001255,0.44454339146614075,0.6192152500152588,-0.0055839624255895615,0.40342313051223755,0.653930127620697,-0.022641202434897423,0.42358526587486267,0.6145741939544678,-0.020913606509566307,0.4364059269428253,0.613943338394165,-0.01609732024371624,0.44377943873405457,0.622738778591156,-0.011711586266756058
0.3536936044692993,0.7239434719085693,-3.2039174868714326e-08,0.3614983856678009,0.6737848520278931,0.017333298921585083,0.37499842047691345,0.6365725994110107,0.02184171974658966,0.3884362578392029,0.6220511198043823,0.021173840388655663,0.40200281143188477,0.6161763072013855,0.01992170512676239,0.3804818093776703,0.6100302934646606,0.013601281680166721,0.4086726903915405,0.5777996778488159,0.011517209932208061,0.42381301522254944,0.5886338949203491,0.011537966318428516,0.43076109886169434,0.6059409976005554,0.012968029826879501,0.3869669437408447,0.6164036393165588,0.0017081631813198328,0.4185023605823517,0.5830819010734558,0.0003705942945089191,0.43329331278800964,0.5981701016426086,0.0010684720473363996,0.43756741285324097,0.6186496615409851,0.003113226033747196,0.39491358399391174,0.6314730048179626,-0.009253686293959618,0.4227781295776367,0.5948077440261841,-0.008936155587434769,0.43827828764915466,0.6070106625556946,-0.005463913083076477,0.4444110691547394,0.624783992767334,-0.0021705394610762596,0.40381771326065063,0.6535517573356628,-0.019182220101356506,0.4246158003807068,0.6165668368339539,-0.017752692103385925,0.4375559687614441,0.6180115342140198,-0.013149261474609375,0.44447606801986694,0.629291832447052,-0.00866897776722908
0.35253801941871643,0.7251850366592407,-7.977268623449163e-09,0.3609369099140167,0.6739473342895508,0.01725316233932972,0.3759327530860901,0.638541042804718,0.02216498740017414,0.3892333209514618,0.6256741285324097,0.02178865857422352,0.4027182459831238,0.6205587387084961,0.020929625257849693,0.3820764720439911,0.6149049997329712,0.016972806304693222,0.40991923213005066,0.5859545469284058,0.01413786131888628,0.42538920044898987,0.5941249132156372,0.012588364072144032,0.43317481875419617,0.6111947298049927,0.013004226610064507,0.3887196183204651,0.6214380264282227,0.004996620584279299,0.41811221837997437,0.587693452835083,0.0029912625905126333,0.4342767298221588,0.5975108742713928,0.0023681640159338713,0.4402671754360199,0.6172046065330505,0.0036125846672803164,0.39613643288612366,0.6357132196426392,-0.006392363458871841,0.42188093066215515,0.5978514552116394,-0.006836484186351299,0.4374783933162689,0.6060301065444946,-0.004240856505930424,0.44423630833625793,0.6222442984580994,-0.0012552692787721753,0.40482258796691895,0.6575069427490234,-0.01680753566324711,0.42498135566711426,0.6207162141799927,-0.01552199013531208,0.43762069940567017,0.6203898191452026,-0.011015580967068672,0.4442116618156433,0.6307002902030945,-0.0065102651715278625
0.3525584042072296,0.7189203500747681,-2.4390933717199914e-08,0.3626639246940613,0.6686708331108093,0.020951174199581146,0.37745851278305054,0.6375148296356201,0.027078956365585327,0.390666127204895,0.6269705295562744,0.026829032227396965,0.403852254152298,0.6208469867706299,0.02568439021706581,0.38156867027282715,0.6140566468238831,0.021409934386610985,0.4121796488761902,0.5863286256790161,0.019574886187911034,0.4270968735218048,0.6003673076629639,0.01873369887471199,0.43311649560928345,0.6215683221817017,0.01964080147445202,0.38820433616638184,0.617690920829773,0.007593403570353985,0.42107340693473816,0.5835705995559692,0.0067205713130533695,0.4359821379184723,0.6023911833763123,0.0068395985290408134,0.43946096301078796,0.6259699463844299,0.00849638506770134,0.3962668478488922,0.6301475167274475,-0.005557847209274769,0.4240654408931732,0.5879581570625305,-0.005226342473179102,0.43933233618736267,0.6052627563476562,-0.0020290142856538296,0.44436144828796387,0.6261396408081055,0.0010168271837756038,0.405603289604187,0.6504863500595093,-0.01744590885937214,0.4251737594604492,0.6081831455230713,-0.016889486461877823,0.43711572885513306,0.6116400957107544,-0.01284310407936573,0.44222593307495117,0.6249170899391174,-0.008882005698978901
0.35320591926574707,0.7123639583587646,-3.71465098680801e-08,0.3639960289001465,0.6620423793792725,0.019350050017237663,0.37879252433776855,0.6311805248260498,0.024407749995589256,0.39231061935424805,0.6203054785728455,0.023303354158997536,0.4049644470214844,0.6156359314918518,0.021124884486198425,0.3822322487831116,0.605222225189209,0.01857571303844452,0.41384512186050415,0.5810797214508057,0.016166284680366516,0.4287568926811218,0.5962855219841003,0.014442700892686844,0.4346197843551636,0.6174989938735962,0.01448604092001915,0.3887288272380829,0.6090278625488281,0.005297746509313583,0.4229065775871277,0.57911217212677,0.0042924657464027405,0.4364199638366699,0.6002015471458435,0.0034076774027198553,0.4381406307220459,0.6237311363220215,0.0037816734984517097,0.3967183530330658,0.6220328211784363,-0.007243059575557709,0.4266091287136078,0.5820952653884888,-0.006846284493803978,0.44116032123565674,0.6022976040840149,-0.004748441744595766,0.44482576847076416,0.6243087649345398,-0.002926616696640849,0.40584176778793335,0.6426935195922852,-0.018611710518598557,0.4270804524421692,0.600074827671051,-0.018360726535320282,0.43919292092323303,0.6057213544845581,-0.01502322219312191,0.44403544068336487,0.6206358671188354,-0.011857589706778526
0.3539455533027649,0.7052944302558899,-7.105298749365829e-08,0.36392152309417725,0.6577115058898926,0.02042718045413494,0.37941494584083557,0.6264985799789429,0.025855280458927155,0.39323723316192627,0.6163579225540161,0.024766860529780388,0.4062727689743042,0.6116220951080322,0.022585375234484673,0.38393092155456543,0.599500834941864,0.019124042242765427,0.4149276912212372,0.5754244327545166,0.016492856666445732,0.42852652072906494,0.592815637588501,0.014839708805084229,0.432273268699646,0.6158290505409241,0.015221494249999523,0.3900085985660553,0.6033469438552856,0.00528044393286109,0.4244702458381653,0.5739673972129822,0.004392464645206928,0.4372362196445465,0.5970809459686279,0.004028643947094679,0.43720316886901855,0.6212427616119385,0.004811697173863649,0.3975197970867157,0.6162999868392944,-0.007792701479047537,0.4289872646331787,0.579056978225708,-0.007749989163130522,0.44246792793273926,0.6019909977912903,-0.005354486871510744,0.44354885816574097,0.6252337694168091,-0.0031017186120152473,0.4062163829803467,0.6364414691925049,-0.019565517082810402,0.43036603927612305,0.5972068905830383,-0.019509898498654366,0.4427086412906647,0.6071317195892334,-0.01583845354616642,0.44566062092781067,0.6248494386672974,-0.012322028167545795
0.3548724949359894,0.7023786306381226,-9.727293637240564e-09,0.36558982729911804,0.6544631123542786,0.018060386180877686,0.3809516727924347,0.6221886277198792,0.022044098004698753,0.3951967656612396,0.6115100979804993,0.020008573308587074,0.40816354751586914,0.6069917678833008,0.017162997275590897,0.3839077949523926,0.5964974761009216,0.016069941222667694,0.41624343395233154,0.5722634196281433,0.012410158291459084,0.4317672848701477,0.5883035063743591,0.009883875958621502,0.43753883242607117,0.6108604073524475,0.009633928537368774,0.3899089992046356,0.6002583503723145,0.0031579204369336367,0.42482832074165344,0.569793164730072,0.0017500082030892372,0.439738392829895,0.5905434489250183,0.0008851193706505001,0.4420672655105591,0.6144787073135376,0.0011954447254538536,0.39740490913391113,0.6135540008544922,-0.00906981248408556,0.4289318025112152,0.5757969617843628,-0.008793359622359276,0.44427892565727234,0.5958952903747559,-0.0064475927501916885,0.44740402698516846,0.6182959675788879,-0.004433788359165192,0.40641728043556213,0.6345913410186768,-0.020292846485972404,0.43126487731933594,0.5970227122306824,-0.01902272179722786,0.4439627528190613,0.605623722076416,-0.014695257879793644,0.447740763425827,0.6219553351402283,-0.010957537218928337
0.3546977937221527,0.7032672166824341,1.0563985242129093e-08,0.36578369140625,0.6558426022529602,0.016150495037436485,0.3809186518192291,0.6228978037834167,0.01951901987195015,0.3957834243774414,0.6114011406898499,0.01759054698050022,0.4088265895843506,0.6062623262405396,0.014933734200894833,0.38292810320854187,0.5995587110519409,0.011967740021646023,0.4159187376499176,0.5743811130523682,0.007886352017521858,0.4323757290840149,0.5880932807922363,0.0058364043943583965,0.43925952911376953,0.6074363589286804,0.005913900677114725,0.38925617933273315,0.604496955871582,0.00012894021347165108,0.4250117838382721,0.5701864361763,-0.002211877843365073,0.4416957497596741,0.5873168706893921,-0.002582685789093375,0.44634103775024414,0.6088590621948242,-0.0016671863850206137,0.3969053626060486,0.618925929069519,-0.010965101420879364,0.42831510305404663,0.5789951086044312,-0.011633459478616714,0.4449998140335083,0.5954063534736633,-0.009284746833145618,0.45005545020103455,0.6151658892631531,-0.007038098759949207,0.40551576018333435,0.6410799026489258,-0.021105168387293816,0.4296656847000122,0.6031175851821899,-0.020399946719408035,0.4429571032524109,0.6085076332092285,-0.016323797404766083,0.4481452703475952,0.622124433517456,-0.012658936902880669
0.3555963337421417,0.7145208716392517,-1.1050718562444217e-08,0.366399884223938,0.6665942668914795,0.01573098637163639,0.3816482126712799,0.6320423483848572,0.01851276308298111,0.3960283100605011,0.618802547454834,0.016124524176120758,0.40899091958999634,0.6116373538970947,0.01304961834102869,0.3828916549682617,0.609834611415863,0.008604523725807667,0.4154588282108307,0.5795277953147888,0.003339765127748251,0.43140920996665955,0.593723475933075,0.001563061261549592,0.4375491142272949,0.6137173175811768,0.0023132450878620148,0.3882234990596771,0.6159316897392273,-0.0034310719929635525,0.42472508549690247,0.5761751532554626,-0.008169817738234997,0.44143277406692505,0.594537079334259,-0.008621860295534134,0.44541609287261963,0.6176838278770447,-0.006810582242906094,0.3956161439418793,0.6305140256881714,-0.014562743715941906,0.42742690443992615,0.5855509042739868,-0.017042584717273712,0.44413480162620544,0.6022923588752747,-0.014560701325535774,0.4487352967262268,0.6230242848396301,-0.011368201114237309,0.4040256440639496,0.6523202657699585,-0.024644192308187485,0.42741644382476807,0.6087349057197571,-0.024997707456350327,0.44067707657814026,0.6122207045555115,-0.02102861925959587,0.44568830728530884,0.6257041692733765,-0.016940779983997345
0.3543589115142822,0.7291274070739746,-5.112099188409047e-08,0.3652011454105377,0.6831716299057007,0.01438745204359293,0.3816618323326111,0.6479239463806152,0.017343055456876755,0.3968949615955353,0.6340438723564148,0.015409113839268684,0.4093068242073059,0.6268202662467957,0.013165649957954884,0.3857564926147461,0.6241610646247864,0.010084094479680061,0.4164038300514221,0.5928199291229248,0.0046956404112279415,0.4302615821361542,0.6072551012039185,0.002986401552334428,0.43352654576301575,0.6288135647773743,0.0043644532561302185,0.39094147086143494,0.6304172873497009,-0.0008064490975812078,0.42468321323394775,0.5916183590888977,-0.004976517520844936,0.44039487838745117,0.6091204285621643,-0.0045842621475458145,0.4425763189792633,0.6327882409095764,-0.0017155616078525782,0.39770278334617615,0.6441617012023926,-0.011234347708523273,0.4272066056728363,0.6006763577461243,-0.013624129816889763,0.44307640194892883,0.616372287273407,-0.010653593577444553,0.4464126229286194,0.6370119452476501,-0.00655771791934967,0.4052095115184784,0.6641764044761658,-0.020755181089043617,0.4274155795574188,0.6223556995391846,-0.021149175241589546,0.440328449010849,0.626164972782135,-0.01709633506834507,0.44436177611351013,0.6401312947273254,-0.012475075200200081
0.35226887464523315,0.7404336929321289,-2.428633649742551e-08,0.3631955683231354,0.6934127807617188,0.01624157838523388,0.37878015637397766,0.6587205529212952,0.019788334146142006,0.3920421302318573,0.6443355679512024,0.0179537832736969,0.40432778000831604,0.6368769407272339,0.015528097748756409,0.3854796886444092,0.6345653533935547,0.012321598827838898,0.41787174344062805,0.6083893775939941,0.00747785996645689,0.43386977910995483,0.6202771663665771,0.005498602520674467,0.4396061301231384,0.6392588019371033,0.006109532900154591,0.39031052589416504,0.6405726671218872,-9.372923523187637e-05,0.42532819509506226,0.6036558151245117,-0.004573911428451538,0.441714346408844,0.6199018359184265,-0.005112600512802601,0.4446447491645813,0.6419776678085327,-0.0031870990060269833,0.39675840735435486,0.6546873450279236,-0.011888911947607994,0.42810702323913574,0.6122370362281799,-0.01461399719119072,0.4443676769733429,0.6275029182434082,-0.01195617113262415,0.4483879506587982,0.647058367729187,-0.008251279592514038,0.404453307390213,0.6765831708908081,-0.02266610600054264,0.4290124475955963,0.6349659562110901,-0.023024169728159904,0.4427714943885803,0.6385841369628906,-0.018681442365050316,0.44744640588760376,0.6517661213874817,-0.014064576476812363
0.3522396981716156,0.7465752363204956,-6.891629933392096e-09,0.3650889992713928,0.6982693672180176,0.017861180007457733,0.3825034201145172,0.6647781729698181,0.022233711555600166,0.397514671087265,0.6539241075515747,0.020884200930595398,0.41020864248275757,0.650535523891449,0.01885957457125187,0.3863176107406616,0.6387010812759399,0.016527831554412842,0.41929760575294495,0.6207267642021179,0.013709119521081448,0.4358152747154236,0.6314349174499512,0.012196037918329239,0.4426495432853699,0.6487764716148376,0.012480812147259712,0.39187467098236084,0.6441735029220581,0.0036482352297753096,0.4268137514591217,0.6147645115852356,0.0017061938997358084,0.4431875944137573,0.6297112107276917,0.0016412960831075907,0.4474925994873047,0.6499149799346924,0.0030621252954006195,0.3987375795841217,0.6591605544090271,-0.008600927889347076,0.43041902780532837,0.622278094291687,-0.009155639447271824,0.4460389316082001,0.6383496522903442,-0.006095307879149914,0.4503677785396576,0.6579055190086365,-0.0029916386120021343,0.4069768190383911,0.6825875043869019,-0.019850565120577812,0.4318164885044098,0.6461498737335205,-0.01884809322655201,0.4453681409358978,0.6516476273536682,-0.014162136241793633,0.4505869448184967,0.6656087040901184,-0.009807435795664787
0.35242000222206116,0.7468196153640747,2.741328408717436e-08,0.3640505373477936,0.6974061131477356,0.01612941175699234,0.3800880014896393,0.6652258038520813,0.01938697136938572,0.39488279819488525,0.6540886759757996,0.017360182479023933,0.4079500734806061,0.6502001881599426,0.014562807977199554,0.38467705249786377,0.6416156888008118,0.013897854834794998,0.4171139895915985,0.622111439704895,0.010418226011097431,0.43412721157073975,0.6326544880867004,0.008370941504836082,0.4426005482673645,0.6481934189796448,0.008013103157281876,0.39072486758232117,0.6470679640769958,0.0019050720147788525,0.42536866664886475,0.6176819205284119,-0.00039231101982295513,0.44205939769744873,0.6314331293106079,-0.0009159929468296468,0.44864919781684875,0.6487653255462646,-0.0002614423865452409,0.397928386926651,0.6619981527328491,-0.009487805888056755,0.4286401867866516,0.6234838366508484,-0.010399635881185532,0.44504839181900024,0.6368950009346008,-0.007949093356728554,0.4522015452384949,0.6534799933433533,-0.00572280865162611,0.40618622303009033,0.6856729984283447,-0.01995202898979187,0.43068206310272217,0.6495373249053955,-0.019200444221496582,0.4441894292831421,0.6530129909515381,-0.014720991253852844,0.45105716586112976,0.664000928401947,-0.010835088789463043
0.3522973358631134,0.7444686889648438,3.443943086267609e-08,0.36378708481788635,0.6951308846473694,0.01560785062611103,0.37874072790145874,0.6643650531768799,0.018257485702633858,0.393722265958786,0.6547308564186096,0.01578170619904995,0.40722766518592834,0.6520284414291382,0.012486743740737438,0.38256192207336426,0.6431516408920288,0.011698692105710506,0.41542908549308777,0.6233141422271729,0.007347460836172104,0.4323081076145172,0.6343396306037903,0.005010501481592655,0.440340131521225,0.6506514549255371,0.004682936239987612,0.38906943798065186,0.6491772532463074,5.475156740430975e-06,0.423941433429718,0.6174688935279846,-0.003139230888336897,0.44055408239364624,0.631495475769043,-0.0036098076961934566,0.44656553864479065,0.6496681571006775,-0.0027038929983973503,0.3964986503124237,0.6644913554191589,-0.0110095189884305,0.42794767022132874,0.6233764886856079,-0.012685824185609818,0.4443296194076538,0.6371932625770569,-0.010003416799008846,0.45095959305763245,0.6542752981185913,-0.007328851614147425,0.4047223925590515,0.6886425614356995,-0.021048957481980324,0.42999452352523804,0.6517768502235413,-0.02114020474255085,0.4435778856277466,0.6544862389564514,-0.01678287424147129,0.4502888023853302,0.6642205715179443,-0.012709234841167927
0.3526564836502075,0.7475485801696777,2.7541570801759008e-08,0.3632067143917084,0.6985809803009033,0.015003700740635395,0.3779735267162323,0.668170690536499,0.01734631136059761,0.39313995838165283,0.6583766341209412,0.014775012619793415,0.40676575899124146,0.6563459038734436,0.01142376009374857,0.3812335729598999,0.6458187103271484,0.010991089977324009,0.41324254870414734,0.6273949146270752,0.007315321825444698,0.4296741485595703,0.6377514600753784,0.0056114597246050835,0.43740156292915344,0.6530290842056274,0.005565172526985407,0.3886279761791229,0.6520936489105225,-0.00038099291850812733,0.4228428900241852,0.621496319770813,-0.0031366341281682253,0.43917185068130493,0.6350480914115906,-0.0033913913648575544,0.44481825828552246,0.6526996493339539,-0.002402692101895809,0.39667314291000366,0.6671848893165588,-0.011008509434759617,0.4274331033229828,0.6269879341125488,-0.01242652628570795,0.4437563121318817,0.640740156173706,-0.009777365252375603,0.4501413404941559,0.6579782366752625,-0.007217672187834978,0.40506207942962646,0.6908506155014038,-0.020669979974627495,0.4296341836452484,0.6544190645217896,-0.020475514233112335,0.44306451082229614,0.6577965021133423,-0.016016922891139984,0.44948476552963257,0.6684892177581787,-0.011945275589823723
0.3528602123260498,0.7524186372756958,2.1102181335663772e-08,0.3623204827308655,0.7037779688835144,0.016218481585383415,0.37715792655944824,0.6733031868934631,0.01946834847331047,0.3923545777797699,0.6633092761039734,0.017803994938731194,0.405800461769104,0.6615380048751831,0.015421505086123943,0.3820677697658539,0.6492297649383545,0.013269090093672276,0.4125164747238159,0.6327586770057678,0.01138459425419569,0.4285687506198883,0.6424641609191895,0.010878831148147583,0.43605950474739075,0.657638430595398,0.011556441895663738,0.390153169631958,0.6556130647659302,0.001886980957351625,0.4234538674354553,0.6273726224899292,0.0010497027542442083,0.43960824608802795,0.6395489573478699,0.001834997208788991,0.44557374715805054,0.65660560131073,0.0033854844514280558,0.39825448393821716,0.6707146763801575,-0.00865144468843937,0.4282957911491394,0.6333091259002686,-0.008440490812063217,0.44433873891830444,0.6463969349861145,-0.0051520518027246,0.45078611373901367,0.6633813381195068,-0.0024241949431598186,0.4061504900455475,0.6941797733306885,-0.018144072964787483,0.43034008145332336,0.6599671244621277,-0.01654892787337303,0.4434681832790375,0.6640484929084778,-0.011423234827816486,0.4495463967323303,0.6750967502593994,-0.007029538508504629
0.35227635502815247,0.7557302713394165,1.671716276518964e-08,0.3614499568939209,0.707947850227356,0.01806766912341118,0.37634459137916565,0.677754282951355,0.02238481491804123,0.39164984226226807,0.6676957607269287,0.021593276411294937,0.4048696458339691,0.6665877103805542,0.019940698519349098,0.38185009360313416,0.6518874764442444,0.015198061242699623,0.4126489758491516,0.6353418231010437,0.014718223363161087,0.4286839962005615,0.6452482342720032,0.015141673386096954,0.4363155961036682,0.6601117849349976,0.016250867396593094,0.3905104398727417,0.6589003801345825,0.0032520946115255356,0.4232252836227417,0.6304188370704651,0.0037529945839196444,0.4391072988510132,0.6421326398849487,0.005215662531554699,0.4451144337654114,0.6583490371704102,0.0069868192076683044,0.3987520933151245,0.6744630932807922,-0.00766410119831562,0.4281068444252014,0.6368205547332764,-0.006424292456358671,0.44405895471572876,0.6485607624053955,-0.002703825244680047,0.45080551505088806,0.6642677187919617,5.609606523648836e-05,0.4065946638584137,0.6982834935188293,-0.01738440804183483,0.43052592873573303,0.6636203527450562,-0.015045182779431343,0.44373947381973267,0.6669173836708069,-0.009635585360229015,0.4500827491283417,0.6769686937332153,-0.005219500511884689
0.3532107472419739,0.7589893937110901,2.3049658182117128e-08,0.36181122064590454,0.7106605768203735,0.01655760407447815,0.37615376710891724,0.6796534061431885,0.02016703225672245,0.39143890142440796,0.668969452381134,0.018934134393930435,0.4047877788543701,0.6674008965492249,0.01692240685224533,0.381602942943573,0.6541093587875366,0.013754742220044136,0.4120332896709442,0.6367188692092896,0.01255856640636921,0.4282267689704895,0.6457971930503845,0.012265988625586033,0.43607139587402344,0.660067617893219,0.012886886484920979,0.39055025577545166,0.6615172624588013,0.0023438676726073027,0.4225153923034668,0.6322953701019287,0.0024515751283615828,0.4383031129837036,0.6433626413345337,0.0033071066718548536,0.444352924823761,0.6593818068504333,0.004570747260004282,0.39917826652526855,0.6775359511375427,-0.008157316595315933,0.427672803401947,0.6396929025650024,-0.007266053929924965,0.4433668255805969,0.6506917476654053,-0.004095559939742088,0.45023655891418457,0.6659331917762756,-0.0017602629959583282,0.407343327999115,0.701769232749939,-0.017587631940841675,0.43067416548728943,0.6668644547462463,-0.015587124042212963,0.4436120092868805,0.6694367527961731,-0.010506736114621162,0.4500749111175537,0.6787878274917603,-0.0063331336714327335
0.3551323711872101,0.7613450288772583,1.0216825607756164e-08,0.3632054328918457,0.7128481864929199,0.017371337860822678,0.37750062346458435,0.6806617975234985,0.02145581878721714,0.3926379978656769,0.669836163520813,0.02061074785888195,0.4061926305294037,0.6677963733673096,0.01895110309123993,0.3823622763156891,0.6569259166717529,0.013437987305223942,0.41222208738327026,0.6356602907180786,0.012476496398448944,0.4277559816837311,0.6450960040092468,0.01270085945725441,0.43513965606689453,0.6601094603538513,0.01372775062918663,0.3911401033401489,0.6633588671684265,0.0019416349241510034,0.4223083257675171,0.6313793659210205,0.002348001580685377,0.43768006563186646,0.6427510380744934,0.0036483658477663994,0.4434701204299927,0.659761905670166,0.0052192374132573605,0.39986738562583923,0.6793339848518372,-0.008484249003231525,0.4280388653278351,0.6398223042488098,-0.007256195414811373,0.4439007639884949,0.6509008407592773,-0.003965272568166256,0.45079708099365234,0.6668360829353333,-0.0016196134965866804,0.4082271456718445,0.7033856511116028,-0.01770954020321369,0.43140390515327454,0.6674136519432068,-0.015462388284504414,0.44416335225105286,0.670271098613739,-0.010301032103598118,0.45052462816238403,0.6805078983306885,-0.0061200703494250774
0.3567148745059967,0.7631633877754211,5.7145910226097385e-09,0.3644654452800751,0.7145208716392517,0.01693008653819561,0.3780433237552643,0.6817473769187927,0.020604221150279045,0.39323198795318604,0.6701781749725342,0.019504033029079437,0.4067174792289734,0.6679404377937317,0.017683131620287895,0.38253891468048096,0.6574870944023132,0.012120699509978294,0.41277799010276794,0.6361028552055359,0.011333830654621124,0.4279765188694,0.6454177498817444,0.012141966260969639,0.43467050790786743,0.6600717902183533,0.013642575591802597,0.39145299792289734,0.6643145084381104,0.0007703126175329089,0.42305946350097656,0.6318352222442627,0.0011940280674025416,0.4380141794681549,0.6433866620063782,0.0030448976904153824,0.4429587125778198,0.6604522466659546,0.005083697382360697,0.4003574550151825,0.6807526350021362,-0.009460997767746449,0.4291490316390991,0.6409714818000793,-0.00829288549721241,0.4446355104446411,0.6522623896598816,-0.0044957054778933525,0.45076805353164673,0.6680887341499329,-0.0017306742956861854,0.4088883101940155,0.7054710388183594,-0.01848091557621956,0.4324588477611542,0.6690024733543396,-0.016411839053034782,0.445293664932251,0.6712009906768799,-0.01109981257468462,0.4514646530151367,0.6804466247558594,-0.006724750157445669
0.3579168915748596,0.7643879055976868,-3.860719743897789e-09,0.36510226130485535,0.7156866788864136,0.016998589038848877,0.37893179059028625,0.6829779148101807,0.020764600485563278,0.39420169591903687,0.6712967157363892,0.019798986613750458,0.40807032585144043,0.6692338585853577,0.018172284588217735,0.38357871770858765,0.657602071762085,0.012190889567136765,0.4140554964542389,0.6370662450790405,0.011852159164845943,0.4286251962184906,0.6481227278709412,0.013132748194038868,0.43444034457206726,0.6638433933258057,0.014905440621078014,0.39306947588920593,0.6647292971611023,0.0008577756234444678,0.42480960488319397,0.632489025592804,0.0013023846549913287,0.4392929673194885,0.6451533436775208,0.003144988790154457,0.4433577358722687,0.6629165410995483,0.005201234947890043,0.4022315740585327,0.681435763835907,-0.009275630116462708,0.4312145411968231,0.6415225863456726,-0.008148781023919582,0.44631022214889526,0.6542209982872009,-0.004320601932704449,0.4515678286552429,0.6705459952354431,-0.0014880073722451925,0.41067492961883545,0.7062093615531921,-0.01813703589141369,0.4346262812614441,0.6698229312896729,-0.016054918989539146,0.44714048504829407,0.6732306480407715,-0.010596764273941517,0.45249757170677185,0.6831594705581665,-0.006093367002904415
0.35931694507598877,0.7647790908813477,1.226912083041043e-08,0.3667975664138794,0.7157026529312134,0.014179561287164688,0.3805556893348694,0.6817218661308289,0.016184033825993538,0.396099328994751,0.6702938079833984,0.01387599017471075,0.40998515486717224,0.6674233675003052,0.01105260755866766,0.38489454984664917,0.6571770310401917,0.007825702428817749,0.41631558537483215,0.6327652931213379,0.004970189183950424,0.4309214949607849,0.6435952186584473,0.0046456423588097095,0.4365423917770386,0.6589174270629883,0.005678561981767416,0.3932170569896698,0.6656084060668945,-0.0027221450582146645,0.42570072412490845,0.6315152645111084,-0.004389542620629072,0.4401266574859619,0.6448232531547546,-0.003666236298158765,0.44385889172554016,0.6631328463554382,-0.002084305277094245,0.40173983573913574,0.6834061741828918,-0.0122505659237504,0.4313380718231201,0.6431107521057129,-0.012576619163155556,0.44651365280151367,0.6556508541107178,-0.009277726523578167,0.45166897773742676,0.671738862991333,-0.006464592646807432,0.40987110137939453,0.7088608145713806,-0.02073925919830799,0.43404731154441833,0.6714684963226318,-0.019462749361991882,0.4467601180076599,0.6739479899406433,-0.014329114928841591,0.45237576961517334,0.6831398010253906,-0.009865558706223965
0.3594377040863037,0.7657628655433655,2.4774781337555396e-08,0.36716440320014954,0.7170970439910889,0.013315782882273197,0.38122957944869995,0.6823430061340332,0.015088592655956745,0.3963766098022461,0.6696114540100098,0.012671004980802536,0.41004499793052673,0.6646612286567688,0.009742091409862041,0.3857971131801605,0.6575645804405212,0.007368418853729963,0.41729506850242615,0.632877767086029,0.003993216902017593,0.4324730932712555,0.6420900821685791,0.003074527718126774,0.4390806555747986,0.6562426686286926,0.003672453109174967,0.39333680272102356,0.6661226153373718,-0.002930509392172098,0.4257800281047821,0.6322993040084839,-0.005019667092710733,0.4408963620662689,0.6437897682189941,-0.004841491114348173,0.4459264874458313,0.6611019968986511,-0.003645439865067601,0.4016306400299072,0.6839520931243896,-0.012332440353929996,0.4306631088256836,0.6443213820457458,-0.0128869554027915,0.44644755125045776,0.6549491882324219,-0.010124432854354382,0.4527933895587921,0.6701211333274841,-0.00770116550847888,0.4100595712661743,0.7092812657356262,-0.020824400708079338,0.4330790638923645,0.671543300151825,-0.01974131353199482,0.4458458423614502,0.6726303696632385,-0.015040562488138676,0.45217233896255493,0.6813638210296631,-0.010898555628955364
0.3599523901939392,0.7661511898040771,1.2680590799618585e-08,0.3680526316165924,0.718215823173523,0.014591211453080177,0.382595419883728,0.6836229562759399,0.01713755540549755,0.39766085147857666,0.6713863015174866,0.015279299579560757,0.41113099455833435,0.6660571098327637,0.012841761112213135,0.38700154423713684,0.6584078073501587,0.00871360208839178,0.4180828928947449,0.6340097188949585,0.00592565443366766,0.43297886848449707,0.6439146995544434,0.005339778494089842,0.43934711813926697,0.6584627032279968,0.00611729733645916,0.3940073549747467,0.6665058732032776,-0.0019166712881997228,0.4268301725387573,0.6335819363594055,-0.003426200710237026,0.4417232871055603,0.64638751745224,-0.0028619575314223766,0.4461803436279297,0.6642435789108276,-0.0014990463387221098,0.4017113745212555,0.6839311718940735,-0.011561112478375435,0.43133896589279175,0.6452096700668335,-0.011580721475183964,0.4469633102416992,0.6566406488418579,-0.008581177331507206,0.4526660442352295,0.6723805069923401,-0.006129629444330931,0.40971922874450684,0.7087927460670471,-0.020196303725242615,0.4336554706096649,0.6717578768730164,-0.01865902915596962,0.44666552543640137,0.673852264881134,-0.013864019885659218,0.45263025164604187,0.6832619905471802,-0.009804608300328255
0.3598153591156006,0.7641552686691284,3.805648418619967e-08,0.36941269040107727,0.7161157131195068,0.01370934583246708,0.3842209279537201,0.6818034052848816,0.015686282888054848,0.39974668622016907,0.670051634311676,0.013345674611628056,0.4132438004016876,0.665938138961792,0.010334917344152927,0.38785886764526367,0.6575082540512085,0.007673539221286774,0.42087051272392273,0.6369327306747437,0.004062184598296881,0.4366309642791748,0.6471570134162903,0.0024955349508672953,0.44378626346588135,0.6612821817398071,0.002540692687034607,0.39454784989356995,0.6658952236175537,-0.002801433904096484,0.4293878674507141,0.6351008415222168,-0.005157787352800369,0.44525018334388733,0.6483446359634399,-0.00537390960380435,0.45021966099739075,0.666493833065033,-0.004525710828602314,0.40196964144706726,0.6835635900497437,-0.012351442128419876,0.43304571509361267,0.6457727551460266,-0.01300972979515791,0.4491747319698334,0.6581631898880005,-0.010579163208603859,0.4549981355667114,0.6740166544914246,-0.008444767445325851,0.409610778093338,0.7084957957267761,-0.020973028615117073,0.4341720938682556,0.6718249917030334,-0.02006199024617672,0.44743654131889343,0.6742518544197083,-0.01577085256576538,0.4537091553211212,0.6835361123085022,-0.012032725848257542
0.35818496346473694,0.7630650997161865,5.168837446944963e-08,0.36929744482040405,0.7163718938827515,0.013348748907446861,0.38417771458625793,0.6817347407341003,0.015093076042830944,0.39998483657836914,0.6706903576850891,0.012440945953130722,0.4132448136806488,0.6686100959777832,0.009069699794054031,0.38808298110961914,0.6565357446670532,0.008742188103497028,0.42155951261520386,0.6417972445487976,0.005195086821913719,0.4381033778190613,0.651519238948822,0.0030510530341416597,0.4456985294818878,0.6652531027793884,0.0025246760342270136,0.3946205675601959,0.6644835472106934,-0.0017987332539632916,0.430425226688385,0.6381147503852844,-0.003860914846882224,0.4467964470386505,0.6514455080032349,-0.004459892399609089,0.4520905315876007,0.6691866517066956,-0.004037515260279179,0.4017752408981323,0.6817450523376465,-0.011561084538698196,0.4336460530757904,0.6466391086578369,-0.01220742892473936,0.4495878219604492,0.6608185172080994,-0.009994355030357838,0.455010324716568,0.6777698397636414,-0.008087623864412308,0.40892282128334045,0.7066541314125061,-0.020479116588830948,0.43343809247016907,0.6727121472358704,-0.019649414345622063,0.4463450610637665,0.676856279373169,-0.015418343245983124,0.4522092044353485,0.6872307062149048,-0.011775096878409386
0.3574668765068054,0.7619499564170837,5.494632659974741e-08,0.3691282570362091,0.7152426242828369,0.013048285618424416,0.3839932382106781,0.6808441281318665,0.014654063619673252,0.3999105989933014,0.6696897149085999,0.011929341591894627,0.41322746872901917,0.6684770584106445,0.008497955277562141,0.38789477944374084,0.655403196811676,0.008413078263401985,0.42192110419273376,0.6426362991333008,0.004719472024589777,0.43827301263809204,0.653592586517334,0.0023787033278495073,0.4456140697002411,0.6673746705055237,0.0016784664476290345,0.39411044120788574,0.6629474759101868,-0.002026846632361412,0.4312554597854614,0.6396203637123108,-0.004218307323753834,0.44738373160362244,0.6543598175048828,-0.005058979149907827,0.45226120948791504,0.6723921895027161,-0.004847709555178881,0.4009508788585663,0.6802252531051636,-0.011709959246218204,0.4340217411518097,0.64801025390625,-0.01250060461461544,0.44956403970718384,0.6637077331542969,-0.01053695473819971,0.4544251561164856,0.6813294887542725,-0.008787773549556732,0.40795090794563293,0.7054319977760315,-0.020569434389472008,0.4331364929676056,0.6731155514717102,-0.019824901595711708,0.44581568241119385,0.6782073974609375,-0.015776388347148895,0.4514196217060089,0.6889139413833618,-0.012287091463804245
0.3542707562446594,0.7618693709373474,3.67417598567954e-08,0.36553388833999634,0.7149952054023743,0.013851959258317947,0.38123399019241333,0.6808720827102661,0.016062822192907333,0.397493839263916,0.6710527539253235,0.013607706874608994,0.4110877811908722,0.6710648536682129,0.010392144322395325,0.38661104440689087,0.6558166742324829,0.010397160425782204,0.4217430353164673,0.6447956562042236,0.0068080550990998745,0.4378015995025635,0.6590141654014587,0.004310372285544872,0.4440268874168396,0.6751876473426819,0.0035966045688837767,0.3930714428424835,0.6630192399024963,-0.00032169203041121364,0.4315279424190521,0.6420230865478516,-0.0022853005211800337,0.4468803405761719,0.6606763601303101,-0.003297002986073494,0.450251042842865,0.6807289123535156,-0.003187749069184065,0.4000648856163025,0.6802319288253784,-0.0103243887424469,0.4343603551387787,0.6499980092048645,-0.011193657293915749,0.44921573996543884,0.6692003607749939,-0.009343371726572514,0.4525386691093445,0.6884533762931824,-0.007542094681411982,0.4071134626865387,0.705552875995636,-0.01944362372159958,0.4333813488483429,0.6750335693359375,-0.018812544643878937,0.44598859548568726,0.6827324032783508,-0.014758819714188576,0.4507436454296112,0.6946586966514587,-0.011211776174604893
0.3520369231700897,0.7640894055366516,3.3219730966038696e-08,0.3643087148666382,0.7184211015701294,0.01454483438283205,0.38072511553764343,0.6844692230224609,0.017254343256354332,0.39685919880867004,0.6738569140434265,0.015105691738426685,0.41013678908348083,0.6730489134788513,0.012227853760123253,0.38522040843963623,0.658003568649292,0.012184709310531616,0.42033615708351135,0.6472803354263306,0.009149840101599693,0.43659573793411255,0.6613858938217163,0.006880259141325951,0.4431856572628021,0.6775707006454468,0.0062690796330571175,0.39155101776123047,0.6646882891654968,0.0012040802976116538,0.4301113486289978,0.6445044279098511,-0.0002374159375904128,0.44539695978164673,0.6631956696510315,-0.001114371814765036,0.44898122549057007,0.6832104921340942,-0.0009720748057588935,0.39842507243156433,0.68143630027771,-0.0091016236692667,0.43291205167770386,0.6521653532981873,-0.009380373172461987,0.44767892360687256,0.6714203357696533,-0.007571054622530937,0.45118212699890137,0.690815806388855,-0.005956887733191252,0.4054223597049713,0.7061536908149719,-0.018531646579504013,0.43163973093032837,0.6760193109512329,-0.017301632091403008,0.44425052404403687,0.6839277148246765,-0.01323480624705553,0.44920727610588074,0.6962049603462219,-0.00983359757810831
0.3503693640232086,0.7670833468437195,3.9470592128054705e-08,0.3629017472267151,0.7198304533958435,0.015375698916614056,0.37948712706565857,0.6863593459129333,0.018399594351649284,0.39554744958877563,0.6757775545120239,0.016476141288876534,0.4089447557926178,0.6745622158050537,0.0137702701613307,0.38281694054603577,0.6612211465835571,0.012479164637625217,0.4173811972141266,0.6501432061195374,0.00985095277428627,0.43406441807746887,0.6625288128852844,0.00796935148537159,0.441994845867157,0.6762458682060242,0.007425558287650347,0.38964009284973145,0.668627142906189,0.0010369557421654463,0.42741164565086365,0.6476284861564636,-0.0006462080054916441,0.443518728017807,0.6637310981750488,-0.001550078159198165,0.4484858810901642,0.681769847869873,-0.0014840136282145977,0.3969188630580902,0.6857019066810608,-0.00961268786340952,0.43058091402053833,0.6555923819541931,-0.010040433146059513,0.44598284363746643,0.6725429892539978,-0.008208604529500008,0.45081937313079834,0.6901329755783081,-0.006625069770962,0.40447068214416504,0.7105890512466431,-0.019296064972877502,0.43052902817726135,0.6790955662727356,-0.018087448552250862,0.4435766339302063,0.6852051019668579,-0.01393152866512537,0.44952866435050964,0.6960529685020447,-0.01051462534815073
0.3491119146347046,0.772497296333313,5.069339792385108e-08,0.3612509071826935,0.7250374555587769,0.01558899786323309,0.37762609124183655,0.6914136409759521,0.01871497370302677,0.3940121829509735,0.6793350577354431,0.01694396138191223,0.4079384505748749,0.6777283549308777,0.014333329163491726,0.3806302547454834,0.6651943325996399,0.012043436989188194,0.4155626595020294,0.6543743014335632,0.00951449666172266,0.4333413541316986,0.6661655306816101,0.007829828187823296,0.44282373785972595,0.6804069876670837,0.007375204935669899,0.3876793384552002,0.6728308796882629,0.0005489796167239547,0.4255007207393646,0.6526021361351013,-0.000893321936018765,0.4425482451915741,0.6679995656013489,-0.001490084221586585,0.44913333654403687,0.686342179775238,-0.0012524037156254053,0.3953038454055786,0.6901341080665588,-0.010088782757520676,0.42894089221954346,0.6617891788482666,-0.010214981622993946,0.4454772472381592,0.6769629120826721,-0.008299574255943298,0.45200037956237793,0.6938756704330444,-0.006742177065461874,0.4034287929534912,0.7151674032211304,-0.01977403648197651,0.4298442602157593,0.6841827630996704,-0.0182973463088274,0.4436158537864685,0.6890330910682678,-0.014147510752081871,0.4507406949996948,0.6992022395133972,-0.010741403326392174
0.3468886613845825,0.7775539755821228,5.306710093577749e-08,0.3598572015762329,0.7276068329811096,0.01702660322189331,0.3760068416595459,0.6939122080802917,0.021101903170347214,0.39200133085250854,0.6814768314361572,0.019911501556634903,0.4054880738258362,0.6797507405281067,0.017915192991495132,0.37885281443595886,0.6698030829429626,0.015796063467860222,0.41258683800697327,0.6566376686096191,0.014454043470323086,0.4300296902656555,0.6673827171325684,0.013283157721161842,0.4403895437717438,0.6803865432739258,0.012873158790171146,0.38616442680358887,0.677893340587616,0.0036115124821662903,0.42198649048805237,0.6564546823501587,0.002850509714335203,0.4388851523399353,0.6696264147758484,0.002193877939134836,0.4471622407436371,0.6854017972946167,0.00228937529027462,0.39388927817344666,0.6948649883270264,-0.007771039381623268,0.42594319581985474,0.6670010685920715,-0.007081199903041124,0.44258007407188416,0.6791122555732727,-0.004863780457526445,0.4509446322917938,0.6929001808166504,-0.003285702783614397,0.4020536243915558,0.7197225093841553,-0.018232621252536774,0.4271634519100189,0.6879050731658936,-0.016031816601753235,0.44204702973365784,0.6880725026130676,-0.011776340194046497,0.45183494687080383,0.6935033798217773,-0.008492960594594479
0.34743043780326843,0.7830326557159424,4.1267206540851475e-08,0.3587768077850342,0.7333903908729553,0.016316663473844528,0.3739984929561615,0.6985862851142883,0.01994064263999462,0.3900849521160126,0.6850687861442566,0.018522048369050026,0.4040558934211731,0.6828427910804749,0.016385486349463463,0.3765760660171509,0.6750848293304443,0.013109748251736164,0.41058745980262756,0.6583079099655151,0.011292080394923687,0.42732325196266174,0.6698142886161804,0.010666485875844955,0.4366915225982666,0.683336079120636,0.010828118771314621,0.38423553109169006,0.6834461688995361,0.0013440358452498913,0.42044803500175476,0.6588157415390015,9.355306974612176e-05,0.4363988935947418,0.6737084984779358,7.147473661461845e-05,0.4435814917087555,0.6905030012130737,0.0007280600839294493,0.3923102617263794,0.7006778717041016,-0.009563199244439602,0.425002783536911,0.670313835144043,-0.009398913942277431,0.44134584069252014,0.6837499141693115,-0.006809823215007782,0.44932734966278076,0.6986768245697021,-0.004931680392473936,0.4007013738155365,0.7252779603004456,-0.019546618685126305,0.4262526333332062,0.6925212740898132,-0.018135875463485718,0.4415227174758911,0.6919406652450562,-0.014336802065372467,0.45185428857803345,0.6963557600975037,-0.011326531879603863
0.34489303827285767,0.7852323651313782,5.044472928261712e-08,0.3569069802761078,0.7345441579818726,0.01715385913848877,0.37262019515037537,0.7003062963485718,0.021428605541586876,0.3886813521385193,0.6880386471748352,0.02047099731862545,0.4027827978134155,0.6867960095405579,0.018660830333828926,0.37556925415992737,0.6773970127105713,0.01571786031126976,0.40893521904945374,0.6603565812110901,0.014690442942082882,0.4263056814670563,0.6698569655418396,0.013976264744997025,0.4367786943912506,0.6820143461227417,0.013805553317070007,0.38329124450683594,0.6856018304824829,0.0035552449990063906,0.4184362292289734,0.6612786054611206,0.003223201958462596,0.4348057508468628,0.6743432879447937,0.0028380125295370817,0.4430842399597168,0.6898236274719238,0.002984921680763364,0.3914644718170166,0.702789843082428,-0.007769393734633923,0.42345309257507324,0.6736105680465698,-0.006938700098544359,0.4401661455631256,0.6847057938575745,-0.004699008073657751,0.4491460919380188,0.6974890828132629,-0.0033155663404613733,0.4000665545463562,0.7279772162437439,-0.018144989386200905,0.42510977387428284,0.6959847211837769,-0.016122987493872643,0.4404763877391815,0.6937462687492371,-0.012158062309026718,0.4513080418109894,0.6961650252342224,-0.009238939732313156
0.3468092381954193,0.7921246290206909,4.6656197127958876e-08,0.3579930365085602,0.7422944903373718,0.01563318260014057,0.3735869824886322,0.7065889835357666,0.018733741715550423,0.390627384185791,0.6919569373130798,0.017088644206523895,0.40640023350715637,0.6895803213119507,0.014839948154985905,0.37623131275177,0.6844520568847656,0.010256033390760422,0.41098377108573914,0.6606263518333435,0.007567958906292915,0.427775502204895,0.671555757522583,0.006857266183942556,0.4372064173221588,0.6847094297409058,0.007234185002744198,0.38298603892326355,0.6929291486740112,-0.0011124940356239676,0.4198131561279297,0.6660781502723694,-0.002715073060244322,0.4357030391693115,0.6799562573432922,-0.0027306308038532734,0.4430915415287018,0.6957417726516724,-0.002031064359471202,0.3904794752597809,0.7105123996734619,-0.01154874823987484,0.42381563782691956,0.6816718578338623,-0.010742204263806343,0.44049227237701416,0.6922499537467957,-0.008095625787973404,0.44965556263923645,0.7045604586601257,-0.006515925284475088,0.39870598912239075,0.7354936599731445,-0.02113797515630722,0.42494475841522217,0.7060338258743286,-0.019005488604307175,0.4410341680049896,0.7014983296394348,-0.015392089262604713,0.45291316509246826,0.7013179659843445,-0.012759821489453316
0.3468911349773407,0.7965989708900452,4.531850450462116e-08,0.35851219296455383,0.7487666010856628,0.0172425527125597,0.37367480993270874,0.7144652009010315,0.020718101412057877,0.39047783613204956,0.7014731168746948,0.019318878650665283,0.4062041640281677,0.6994098424911499,0.016965443268418312,0.3755565881729126,0.6925808787345886,0.01024746522307396,0.4081539511680603,0.6657888293266296,0.007551920600235462,0.42578721046447754,0.6732189059257507,0.00692285830155015,0.43672606348991394,0.6832776665687561,0.0070329755544662476,0.3812841475009918,0.697996199131012,-0.002321407897397876,0.4169291853904724,0.6612887382507324,-0.005430181510746479,0.4342992603778839,0.6750655174255371,-0.005490150302648544,0.4429835081100464,0.6922479271888733,-0.00436058547347784,0.3883829414844513,0.7153198719024658,-0.013739148154854774,0.42125439643859863,0.6799285411834717,-0.015288121066987514,0.43993979692459106,0.6911506652832031,-0.012680274434387684,0.4505338966846466,0.7036449909210205,-0.010567991994321346,0.39695197343826294,0.7413969039916992,-0.02395539917051792,0.4226519763469696,0.7082578539848328,-0.02375730127096176,0.4383290708065033,0.7012932896614075,-0.020335925742983818,0.450136661529541,0.6977912783622742,-0.017710814252495766
0.3474242091178894,0.8006079792976379,-8.267413420526282e-09,0.35760119557380676,0.751969575881958,0.018265845254063606,0.37272512912750244,0.7186641693115234,0.02314460650086403,0.3876338005065918,0.7055385112762451,0.023197108879685402,0.40270471572875977,0.7033418416976929,0.022122547030448914,0.37689587473869324,0.6958801746368408,0.009926274418830872,0.40654227137565613,0.6665747761726379,0.00691576674580574,0.424096941947937,0.6720787286758423,0.007498869672417641,0.43487417697906494,0.6822470426559448,0.008982379920780659,0.3824216425418854,0.7001646757125854,-0.003247997025027871,0.4166316092014313,0.6536861658096313,-0.008499618619680405,0.43203628063201904,0.6711687445640564,-0.007576456759124994,0.43791189789772034,0.693173348903656,-0.004237758461385965,0.3890734612941742,0.718117356300354,-0.01513336319476366,0.42103737592697144,0.6826227307319641,-0.020246051251888275,0.43545863032341003,0.702389121055603,-0.01694219931960106,0.441890686750412,0.7196391224861145,-0.012466478161513805,0.39686650037765503,0.7442035675048828,-0.025431562215089798,0.4221653342247009,0.7097203731536865,-0.02964784950017929,0.4386337697505951,0.7001550197601318,-0.027840549126267433,0.4510316550731659,0.6933321952819824,-0.025030730292201042
0.3441327214241028,0.8011149764060974,-1.0020295704293858e-08,0.35616523027420044,0.7522106766700745,0.019554058089852333,0.3725065588951111,0.7188897132873535,0.025774536654353142,0.3873385488986969,0.7064169049263,0.02642766386270523,0.4024398624897003,0.7049480080604553,0.025982709601521492,0.3770647943019867,0.6938599348068237,0.016968216747045517,0.4070742726325989,0.666155993938446,0.015260477550327778,0.42496612668037415,0.6723639965057373,0.01541285403072834,0.4359809160232544,0.6818097829818726,0.016318120062351227,0.38336682319641113,0.6966379284858704,0.003234771778807044,0.4179919958114624,0.653893232345581,7.36523506930098e-05,0.433535635471344,0.6722877025604248,0.00037140704807825387,0.4396821856498718,0.6937144994735718,0.002795951208099723,0.39074966311454773,0.7132648825645447,-0.009553919546306133,0.4224485158920288,0.6800546646118164,-0.013127248734235764,0.43738117814064026,0.7015232443809509,-0.010547788813710213,0.4443269371986389,0.7195373773574829,-0.006905244197696447,0.3989475965499878,0.738334059715271,-0.020875412970781326,0.4241867959499359,0.7067413926124573,-0.023319397121667862,0.44046708941459656,0.7001179456710815,-0.021014787256717682,0.45277300477027893,0.6953783631324768,-0.01822114922106266
0.3465723991394043,0.7981131076812744,2.2605604499403853e-08,0.3590586483478546,0.7481880784034729,0.019396387040615082,0.3755015730857849,0.7133241295814514,0.024685673415660858,0.3916570842266083,0.7017776966094971,0.024407362565398216,0.4070730209350586,0.7021536231040955,0.02326536923646927,0.37808993458747864,0.6872762441635132,0.015802130103111267,0.4097882807254791,0.6606627702713013,0.013990680687129498,0.42708924412727356,0.6706613898277283,0.013464764691889286,0.43727314472198486,0.6838505864143372,0.013980175368487835,0.38486388325691223,0.6915271282196045,0.0025218043010681868,0.4212353527545929,0.6540732383728027,0.0008164301980286837,0.4368038475513458,0.6708011031150818,0.000767398567404598,0.4436745345592499,0.6913554072380066,0.0021547554060816765,0.3926989436149597,0.7086052894592285,-0.009702262468636036,0.42558684945106506,0.6806938052177429,-0.010561851784586906,0.44092050194740295,0.6982568502426147,-0.008175203576683998,0.44872939586639404,0.7144888639450073,-0.005754339974373579,0.40137186646461487,0.7336528301239014,-0.02057160995900631,0.427608847618103,0.7058529853820801,-0.019082017242908478,0.44284504652023315,0.7027981877326965,-0.014933538623154163,0.4541581869125366,0.7018392086029053,-0.011605131439864635
0.34715449810028076,0.7934620380401611,2.4656872099626526e-08,0.35789212584495544,0.7438903450965881,0.01792406663298607,0.37335678935050964,0.7087039947509766,0.02299397625029087,0.3889777660369873,0.6967726349830627,0.022735796868801117,0.404153048992157,0.6972678899765015,0.021553467959165573,0.3773690462112427,0.6837520003318787,0.014917566440999508,0.40897825360298157,0.6586531400680542,0.013041535392403603,0.4262717068195343,0.6684340238571167,0.012608266435563564,0.4360050857067108,0.6823053956031799,0.013316734693944454,0.3852889835834503,0.6874340772628784,0.0025835309643298388,0.4215596318244934,0.6504743099212646,0.0007482836954295635,0.43680620193481445,0.6679639220237732,0.0006175367743708193,0.4433041214942932,0.6891312599182129,0.0021503285970538855,0.39410367608070374,0.7039121389389038,-0.008788877166807652,0.4275200664997101,0.680609941482544,-0.01023758202791214,0.44099995493888855,0.7014413475990295,-0.008390787057578564,0.44707268476486206,0.7185598015785217,-0.005906606558710337,0.40307551622390747,0.7283897995948792,-0.01882830634713173,0.4293803870677948,0.7037332653999329,-0.017643461003899574,0.44468632340431213,0.7012081742286682,-0.013830718584358692,0.4560340344905853,0.7001155614852905,-0.010517488233745098
0.3473885953426361,0.7942677140235901,1.3742730509136436e-08,0.3589138090610504,0.7425828576087952,0.019638076424598694,0.37428566813468933,0.7080248594284058,0.026368463411927223,0.3894805312156677,0.6955716013908386,0.02752411924302578,0.4040852189064026,0.6951690316200256,0.027654755860567093,0.3757520318031311,0.6822105646133423,0.01979423500597477,0.4084130823612213,0.6627999544143677,0.020412057638168335,0.4261673092842102,0.6705152988433838,0.021015185862779617,0.43761321902275085,0.6786728501319885,0.02165708690881729,0.3838706612586975,0.685430645942688,0.006922039669007063,0.42000433802604675,0.6535948514938354,0.007026355713605881,0.4352879822254181,0.67221999168396,0.00733075849711895,0.4426216185092926,0.6918941140174866,0.00858951173722744,0.3929377496242523,0.7019062638282776,-0.005038609728217125,0.42532217502593994,0.6761283278465271,-0.00521269952878356,0.43983960151672363,0.6959041357040405,-0.0033650591503828764,0.447339802980423,0.7120846509933472,-0.0015489243669435382,0.4025781452655792,0.726608157157898,-0.01562645472586155,0.42787057161331177,0.700236439704895,-0.014591260813176632,0.44309771060943604,0.6964026093482971,-0.01160731166601181,0.4549347758293152,0.693593442440033,-0.009307150729000568
0.3466201722621918,0.7971286177635193,1.4625092248365945e-08,0.357277512550354,0.7475432753562927,0.017267141491174698,0.3729671835899353,0.711137056350708,0.022884896025061607,0.38912835717201233,0.6971046924591064,0.023268453776836395,0.40351420640945435,0.696590006351471,0.022658219560980797,0.3770027458667755,0.683125376701355,0.0183192640542984,0.4103695750236511,0.6659442186355591,0.018098143860697746,0.42864149808883667,0.6751716732978821,0.0176352821290493,0.44023019075393677,0.6842435598373413,0.017387501895427704,0.3847326636314392,0.6882554888725281,0.00635309424251318,0.42039355635643005,0.6661849021911621,0.005557473748922348,0.43589359521865845,0.6853125095367432,0.00453986506909132,0.4432035982608795,0.7035641074180603,0.004567187279462814,0.3934270441532135,0.7041667699813843,-0.004935711622238159,0.4255576431751251,0.6794711351394653,-0.005496177356690168,0.44225430488586426,0.695733368396759,-0.004683310631662607,0.45160573720932007,0.710503339767456,-0.00389525992795825,0.40272006392478943,0.7286303639411926,-0.015120460651814938,0.42798611521720886,0.7012048363685608,-0.014086357317864895,0.4436963200569153,0.6961954832077026,-0.011487169191241264,0.45559147000312805,0.6937494874000549,-0.009672066196799278
0.3484337627887726,0.796001672744751,2.7927706369723637e-08,0.35889187455177307,0.7423827052116394,0.01818425953388214,0.3745213449001312,0.7079605460166931,0.023562360554933548,0.390607088804245,0.6955641508102417,0.023623041808605194,0.4056471586227417,0.6941981911659241,0.022824350744485855,0.37801989912986755,0.6834583282470703,0.018608298152685165,0.4097270965576172,0.6630668640136719,0.01914646476507187,0.4256778657436371,0.6715098023414612,0.019099054858088493,0.43592849373817444,0.6807302236557007,0.01905393972992897,0.38595837354660034,0.6899306774139404,0.006211168598383665,0.4197705090045929,0.6683356165885925,0.007598178461194038,0.434440553188324,0.6817626953125,0.007324863225221634,0.4418884515762329,0.6961166858673096,0.007093591149896383,0.3943069875240326,0.7058047652244568,-0.005378840025514364,0.42565253376960754,0.6802459359169006,-0.003033082466572523,0.441067099571228,0.6896570920944214,-0.0012446485925465822,0.4501088559627533,0.7001214623451233,-0.0007553592440672219,0.40331846475601196,0.7293304204940796,-0.015947353094816208,0.42731302976608276,0.6993705630302429,-0.013188262470066547,0.4425203800201416,0.6941900253295898,-0.00965796783566475,0.4542005956172943,0.6936963796615601,-0.007389236707240343
0.34783118963241577,0.7932446002960205,2.5931731428840976e-08,0.35920217633247375,0.7410847544670105,0.01908217929303646,0.374424010515213,0.7083691358566284,0.024404574185609818,0.3898707628250122,0.6965348720550537,0.0242307186126709,0.404465913772583,0.6952449679374695,0.02290172316133976,0.3791220784187317,0.6843096613883972,0.018221130594611168,0.4108825623989105,0.6659300923347473,0.01841619238257408,0.42708200216293335,0.6743621826171875,0.018156003206968307,0.43785348534584045,0.6838706731796265,0.017916874960064888,0.38631483912467957,0.6912088990211487,0.005067863501608372,0.42006027698516846,0.6707797646522522,0.005624726414680481,0.4352400004863739,0.6850630044937134,0.004970105830579996,0.4432637691497803,0.7006364464759827,0.004595003556460142,0.39368852972984314,0.707358181476593,-0.007103471085429192,0.4247325658798218,0.6822890639305115,-0.005608636420220137,0.44118767976760864,0.6927958726882935,-0.0039911107160151005,0.4510485529899597,0.7046076655387878,-0.0034684366546571255,0.40182995796203613,0.7314667105674744,-0.018137246370315552,0.42563167214393616,0.700775682926178,-0.016089649870991707,0.44106170535087585,0.695412278175354,-0.012690544128417969,0.45286303758621216,0.6950544118881226,-0.010458690114319324
0.347464382648468,0.7916261553764343,4.610102166680008e-08,0.3593005836009979,0.7423641681671143,0.017208851873874664,0.3746505379676819,0.7097228169441223,0.02175895869731903,0.3902585804462433,0.6976456642150879,0.021053075790405273,0.40433961153030396,0.6961380243301392,0.019243504852056503,0.37997618317604065,0.6859100461006165,0.016721190884709358,0.4118494987487793,0.6689922213554382,0.015823224559426308,0.4291352331638336,0.6787248849868774,0.014581962488591671,0.4401770532131195,0.6905650496482849,0.013884305022656918,0.3868122100830078,0.6929222941398621,0.004392819944769144,0.4205813705921173,0.6719628572463989,0.003607454476878047,0.43705588579177856,0.6869167685508728,0.0018169956747442484,0.4453531503677368,0.7048698663711548,0.0009936717106029391,0.3939509689807892,0.7088932991027832,-0.007078507915139198,0.4245765805244446,0.6825697422027588,-0.0066181025467813015,0.4419410824775696,0.6952524781227112,-0.005811724811792374,0.4517219066619873,0.7104775905609131,-0.005419178865849972,0.40179720520973206,0.7328537106513977,-0.017565404996275902,0.4257456958293915,0.7016870379447937,-0.015936866402626038,0.4408428966999054,0.6980383992195129,-0.012815814465284348,0.45189815759658813,0.7000613808631897,-0.01057384256273508
0.3480924069881439,0.7895888090133667,5.530580793333684e-08,0.36007189750671387,0.7415251135826111,0.016252988949418068,0.3756052851676941,0.7097128629684448,0.020152026787400246,0.39081862568855286,0.6986806392669678,0.018908772617578506,0.40439847111701965,0.6964974403381348,0.016787685453891754,0.3802378177642822,0.6874358057975769,0.01550476998090744,0.412034273147583,0.6687699556350708,0.013514951802790165,0.4291675090789795,0.6789596080780029,0.01172100380063057,0.43926548957824707,0.6926616430282593,0.01104339025914669,0.38716864585876465,0.6943930983543396,0.0035493294708430767,0.4210299849510193,0.6702415347099304,0.0018607573583722115,0.4380941092967987,0.6852288246154785,-0.00015804315626155585,0.44606083631515503,0.7044782638549805,-0.0008032507612369955,0.39430269598960876,0.7100127339363098,-0.007673794869333506,0.4246257245540619,0.679857075214386,-0.007817295379936695,0.4426329433917999,0.6931691765785217,-0.00711040897294879,0.45239412784576416,0.710141122341156,-0.006455582100898027,0.40219780802726746,0.7335795164108276,-0.017992053180933,0.4261225461959839,0.7003307342529297,-0.016655145213007927,0.44091346859931946,0.6985090374946594,-0.013554224744439125,0.45096006989479065,0.7032697200775146,-0.01109691709280014
0.3474026918411255,0.7879222631454468,5.8515340128906246e-08,0.3596532344818115,0.7418554425239563,0.01531276199966669,0.3754568099975586,0.7092828750610352,0.0185420922935009,0.3912762701511383,0.69797682762146,0.016736432909965515,0.40521037578582764,0.6944712400436401,0.014059031382203102,0.379905104637146,0.6876529455184937,0.012501426041126251,0.413167804479599,0.6672249436378479,0.009093099273741245,0.43084412813186646,0.6789278984069824,0.006932609248906374,0.44047874212265015,0.6951532959938049,0.006360829342156649,0.3857976198196411,0.6943958401679993,0.0008020459208637476,0.42150089144706726,0.6664327383041382,-0.0020803301595151424,0.4391852617263794,0.6822977662086487,-0.003886591410264373,0.4465128481388092,0.702912449836731,-0.004091063980013132,0.39258599281311035,0.7104975581169128,-0.010188756510615349,0.4246397018432617,0.6758015155792236,-0.011544035747647285,0.4428626298904419,0.6915528178215027,-0.010520409792661667,0.4514162540435791,0.710818350315094,-0.009283225983381271,0.40047314763069153,0.734769344329834,-0.02028876170516014,0.42578285932540894,0.6997277140617371,-0.020200267434120178,0.4407152831554413,0.6995974183082581,-0.017359141260385513,0.4498399794101715,0.7064176797866821,-0.01481090672314167
0.34655800461769104,0.7887345552444458,5.376911715870847e-08,0.3577369749546051,0.7417577505111694,0.013458102941513062,0.3733116686344147,0.7090292572975159,0.015788733959197998,0.38924214243888855,0.6969575881958008,0.013416011817753315,0.40325990319252014,0.6933095455169678,0.010403395630419254,0.37842458486557007,0.6878745555877686,0.010870849713683128,0.41053158044815063,0.6667301058769226,0.006571467034518719,0.4279137849807739,0.6769245266914368,0.0039756931364536285,0.43749332427978516,0.6923184990882874,0.003149676136672497,0.38495755195617676,0.6939536929130554,7.187323717516847e-06,0.41943123936653137,0.6643664240837097,-0.003260623663663864,0.43657347559928894,0.6783080697059631,-0.004628630820661783,0.4442528188228607,0.6964530348777771,-0.004520711489021778,0.392399400472641,0.7098820209503174,-0.010377315804362297,0.4233267307281494,0.6736423969268799,-0.012247053906321526,0.4411940276622772,0.687057614326477,-0.010689819231629372,0.45039939880371094,0.7040417194366455,-0.008955005556344986,0.4005773067474365,0.7344184517860413,-0.02006589062511921,0.4253036677837372,0.6990783214569092,-0.020379265770316124,0.44008737802505493,0.6990651488304138,-0.017198463901877403,0.4495686888694763,0.7058060765266418,-0.014206476509571075
0.34649795293807983,0.7935014367103577,4.36213163368393e-08,0.355816513299942,0.7464590072631836,0.013778088614344597,0.37123700976371765,0.712593674659729,0.015764988958835602,0.3875950276851654,0.6999026536941528,0.013061672449111938,0.4022349715232849,0.6956195831298828,0.00971441064029932,0.37580838799476624,0.6906993389129639,0.008344262838363647,0.4086840748786926,0.6668338775634766,0.0035895323380827904,0.4258376359939575,0.6769943237304688,0.0016079413471743464,0.4341878294944763,0.6937664151191711,0.001641959766857326,0.3825473487377167,0.6972752213478088,-0.0026649469509720802,0.41866427659988403,0.6642494797706604,-0.006223901174962521,0.435713529586792,0.6784195303916931,-0.0064526936039328575,0.4418290853500366,0.6977217197418213,-0.005219447426497936,0.39025431871414185,0.7137689590454102,-0.012999726459383965,0.42300307750701904,0.6744702458381653,-0.014984254725277424,0.44027572870254517,0.6887040138244629,-0.012332107871770859,0.44718432426452637,0.7071475982666016,-0.00957574974745512,0.39862746000289917,0.7386351823806763,-0.02253032848238945,0.42521917819976807,0.7014963626861572,-0.022765159606933594,0.43984201550483704,0.7036533951759338,-0.018833568319678307,0.44740065932273865,0.7132670283317566,-0.015066023916006088
0.34549370408058167,0.7994944453239441,2.405166554808602e-08,0.35559844970703125,0.7519339323043823,0.015685508027672768,0.37087389826774597,0.7190730571746826,0.01868969015777111,0.3869445323944092,0.7079693078994751,0.016537688672542572,0.4005560278892517,0.7045044898986816,0.013648447580635548,0.37544745206832886,0.6956415176391602,0.012519638054072857,0.40764644742012024,0.6746696829795837,0.00899369828402996,0.42461803555488586,0.6854117512702942,0.007332922890782356,0.4323361814022064,0.7027678489685059,0.007513555232435465,0.3826209604740143,0.7024400234222412,0.0009065100457519293,0.41752755641937256,0.6693728566169739,-0.0016403156332671642,0.4344676434993744,0.684276819229126,-0.0016164560802280903,0.44011160731315613,0.7034741640090942,-0.0002289231779286638,0.3905380070209503,0.7179202437400818,-0.010010125115513802,0.4222421944141388,0.6782537698745728,-0.011435387656092644,0.4392133355140686,0.6933495402336121,-0.008475921116769314,0.4450848698616028,0.7117353081703186,-0.00542927673086524,0.39898037910461426,0.7418701648712158,-0.01995505765080452,0.42511868476867676,0.7046014666557312,-0.019408809021115303,0.439283549785614,0.7087557315826416,-0.014546273276209831,0.44529497623443604,0.7200149297714233,-0.01008679997175932
0.34514951705932617,0.8023921251296997,3.5011193944001207e-08,0.3559664487838745,0.7547375559806824,0.017072482034564018,0.3710533082485199,0.7228958010673523,0.020616423338651657,0.3866979777812958,0.7122252583503723,0.018793070688843727,0.40027016401290894,0.7091195583343506,0.01606052927672863,0.37556636333465576,0.6986395716667175,0.01406878512352705,0.40806886553764343,0.6806557178497314,0.011368035338819027,0.42555904388427734,0.689635694026947,0.01016639731824398,0.43419936299324036,0.7054170966148376,0.010448632761836052,0.38281679153442383,0.7047632932662964,0.001825652550905943,0.4177815318107605,0.6734706163406372,-4.849293327424675e-05,0.43492797017097473,0.6868536472320557,0.0003300712851341814,0.4410718083381653,0.7050149440765381,0.0018072481034323573,0.3906468152999878,0.7201527953147888,-0.009622671641409397,0.42245304584503174,0.6804155111312866,-0.010563047602772713,0.43936559557914734,0.694709300994873,-0.007314625661820173,0.44573885202407837,0.7124583721160889,-0.004231862723827362,0.3989166021347046,0.7445842623710632,-0.01999424211680889,0.42530956864356995,0.7080347537994385,-0.01932680979371071,0.4397798776626587,0.7113508582115173,-0.014457065612077713,0.4465152621269226,0.721704363822937,-0.010059641674160957
0.3444518446922302,0.8007608652114868,4.0636425779894125e-08,0.3567069172859192,0.7527866363525391,0.01608247123658657,0.3730841279029846,0.7219087481498718,0.01916317269206047,0.3886556923389435,0.7114999890327454,0.016801154240965843,0.4024765193462372,0.707513689994812,0.013590408489108086,0.37802854180336,0.7001732587814331,0.013658729381859303,0.4108996093273163,0.6795881390571594,0.00960881169885397,0.4284115433692932,0.6896313428878784,0.007182571571320295,0.4369140863418579,0.7066956162452698,0.0067747486755251884,0.3840824365615845,0.7057318687438965,0.0014463545521721244,0.4196690022945404,0.6745592951774597,-0.0015173127176240087,0.43696027994155884,0.6892700791358948,-0.0023837261833250523,0.44284021854400635,0.7085933089256287,-0.0016861502081155777,0.3912457227706909,0.7208507657051086,-0.010152015835046768,0.4232872724533081,0.6808066964149475,-0.011940095573663712,0.4404045641422272,0.695925235748291,-0.009541383013129234,0.4467167556285858,0.7145416736602783,-0.006917139515280724,0.39939969778060913,0.7454251050949097,-0.020812267437577248,0.4257531762123108,0.708159327507019,-0.02102275751531124,0.44045114517211914,0.7125092148780823,-0.016790637746453285,0.44735604524612427,0.7243847846984863,-0.012750169262290001
0.34564682841300964,0.7975955605506897,4.4716230718222505e-08,0.3587409257888794,0.7483444213867188,0.018018439412117004,0.37446221709251404,0.7196038365364075,0.021631760522723198,0.3896467387676239,0.7106124758720398,0.019211964681744576,0.4043163061141968,0.7075722813606262,0.015812186524271965,0.3788764774799347,0.7003809809684753,0.015836428850889206,0.41134026646614075,0.6778690814971924,0.012119023129343987,0.4286019504070282,0.6885647177696228,0.010172387585043907,0.43718254566192627,0.7074792981147766,0.010086202062666416,0.38506054878234863,0.7051947712898254,0.002528680022805929,0.4196670353412628,0.6709622740745544,-0.00021416043455246836,0.43702298402786255,0.6851009726524353,-0.0004477165639400482,0.4435213506221771,0.7052870392799377,0.000785418669693172,0.39238980412483215,0.7195469737052917,-0.010154956951737404,0.4238511621952057,0.6761201024055481,-0.011784466914832592,0.4409204125404358,0.6916719079017639,-0.008558697998523712,0.4480314254760742,0.7113089561462402,-0.005324694328010082,0.40085265040397644,0.7432558536529541,-0.021837415173649788,0.42612147331237793,0.7050727605819702,-0.022531582042574883,0.4404226541519165,0.7092798948287964,-0.01825835183262825,0.4477977752685547,0.721682608127594,-0.01398493442684412
0.3477250933647156,0.7947648763656616,3.153698457936116e-08,0.36284366250038147,0.7463517785072327,0.019910207018256187,0.3780515789985657,0.717888593673706,0.02394169382750988,0.39255303144454956,0.7097546458244324,0.02193852700293064,0.40713417530059814,0.7070336937904358,0.01894727721810341,0.38144129514694214,0.6981502771377563,0.015297933481633663,0.4153456389904022,0.6769431829452515,0.0126310084015131,0.4301614761352539,0.690682053565979,0.011958442628383636,0.43694669008255005,0.7102696299552917,0.012721332721412182,0.3872162699699402,0.7032203078269958,0.0014873013133183122,0.42284634709358215,0.6679303050041199,-0.0010698402766138315,0.4389873743057251,0.6824231743812561,-0.0003706444113049656,0.4448442757129669,0.7026430368423462,0.0018500990699976683,0.39380791783332825,0.7176888585090637,-0.011284276843070984,0.42488911747932434,0.6706123948097229,-0.012221445329487324,0.4404899775981903,0.6857589483261108,-0.007857153192162514,0.44691020250320435,0.7047902345657349,-0.003769362112507224,0.4015149176120758,0.7412837743759155,-0.022803962230682373,0.4252808690071106,0.7013391256332397,-0.02285628952085972,0.43820759654045105,0.7036864161491394,-0.01806306093931198,0.4450313448905945,0.7144436240196228,-0.013351425528526306
0.3466563820838928,0.7919706702232361,4.252872898291571e-08,0.361344575881958,0.7434277534484863,0.017201675102114677,0.3771737813949585,0.7148270010948181,0.020519524812698364,0.3925122618675232,0.706292450428009,0.01864689029753208,0.4072507917881012,0.7022756934165955,0.015991685912013054,0.38037875294685364,0.6972526907920837,0.011414200998842716,0.41459059715270996,0.6716966032981873,0.007370830979198217,0.4303123652935028,0.684083878993988,0.006240592338144779,0.43782445788383484,0.7033889889717102,0.007078870665282011,0.386755108833313,0.7033823132514954,-0.000566094066016376,0.42198148369789124,0.6633849143981934,-0.0047449697740375996,0.43883273005485535,0.6754809617996216,-0.004504743497818708,0.4459499418735504,0.6938638687133789,-0.0021293237805366516,0.3940126299858093,0.7186322808265686,-0.01154907327145338,0.4242999851703644,0.6682078838348389,-0.013816442340612411,0.44029638171195984,0.6814829111099243,-0.009928344748914242,0.4477140009403229,0.6993460059165955,-0.005709012504667044,0.402016818523407,0.7430001497268677,-0.021371565759181976,0.4254668354988098,0.702348530292511,-0.022189904004335403,0.43869131803512573,0.7023066878318787,-0.01767694018781185,0.4464108645915985,0.7106728553771973,-0.012855400331318378
0.34623298048973083,0.7845271229743958,5.108677925136362e-08,0.3607557415962219,0.7373877763748169,0.01711106114089489,0.37730151414871216,0.7095273733139038,0.0205841101706028,0.3933359980583191,0.7023423314094543,0.0190269835293293,0.40754443407058716,0.6999111175537109,0.01667945459485054,0.38216760754585266,0.692552924156189,0.009743526577949524,0.41710829734802246,0.6666579246520996,0.005204781424254179,0.43349260091781616,0.6781218647956848,0.004277830012142658,0.4408928453922272,0.6965567469596863,0.0054130107164382935,0.38851815462112427,0.6992295980453491,-0.0022902304772287607,0.4246894419193268,0.656407356262207,-0.007451481185853481,0.4423034191131592,0.6681678891181946,-0.006700112950056791,0.448642760515213,0.6871511340141296,-0.0036184536293148994,0.39508649706840515,0.7156107425689697,-0.013283254578709602,0.42626288533210754,0.6637009382247925,-0.01663787104189396,0.44347047805786133,0.6767846345901489,-0.012221679091453552,0.4508862793445587,0.6948989033699036,-0.00711842393502593,0.4020620882511139,0.741369366645813,-0.023071568459272385,0.4271043837070465,0.6990525722503662,-0.024670304730534554,0.4413416385650635,0.6988563537597656,-0.020115144550800323,0.4495595097541809,0.7072263956069946,-0.014960822649300098
0.34893977642059326,0.776254415512085,3.2959476925498166e-08,0.36385199427604675,0.7279889583587646,0.01956123113632202,0.3798084557056427,0.7012362480163574,0.023529918864369392,0.39493030309677124,0.6939669847488403,0.02215726673603058,0.4086044132709503,0.6943231821060181,0.019878048449754715,0.3846284747123718,0.68406081199646,0.009799674153327942,0.4212486743927002,0.6641279458999634,0.006009518634527922,0.4364643394947052,0.6801141500473022,0.005765492562204599,0.4422961473464966,0.7005795240402222,0.007124632131308317,0.3918982744216919,0.6922575831413269,-0.003281162353232503,0.4307321012020111,0.6528889536857605,-0.007578243501484394,0.44726505875587463,0.6690377593040466,-0.006062263622879982,0.45098260045051575,0.6905044317245483,-0.0030438329558819532,0.3986484706401825,0.7098079323768616,-0.014967169612646103,0.43345290422439575,0.6611970663070679,-0.01729004830121994,0.4487183392047882,0.6789484620094299,-0.012576145119965076,0.4531899392604828,0.6988863348960876,-0.008040154352784157,0.40497180819511414,0.7358144521713257,-0.025153441354632378,0.432468980550766,0.7006362676620483,-0.026029976084828377,0.4461076557636261,0.7056839466094971,-0.021473614498972893,0.45228177309036255,0.7168959379196167,-0.01692339777946472
0.3517601490020752,0.7726699113845825,3.117163416277435e-08,0.366898775100708,0.726673424243927,0.017501141875982285,0.3849823772907257,0.6982520222663879,0.020527305081486702,0.4003395438194275,0.690866231918335,0.018240753561258316,0.4139333963394165,0.6905843615531921,0.015128870494663715,0.39051470160484314,0.6773844957351685,0.008259708061814308,0.42865389585494995,0.6592534184455872,0.0034590368159115314,0.44365984201431274,0.677623450756073,0.0021927051711827517,0.44903355836868286,0.6986623406410217,0.0029908595606684685,0.39601776003837585,0.6849963068962097,-0.004475046414881945,0.4373309314250946,0.655815839767456,-0.008507928811013699,0.4526063799858093,0.6769267320632935,-0.007723897695541382,0.4558441936969757,0.6991769671440125,-0.00542576564475894,0.40217623114585876,0.703617513179779,-0.016074152663350105,0.4395609498023987,0.6691182851791382,-0.017642106860876083,0.45433318614959717,0.6898070573806763,-0.013488506898283958,0.45801055431365967,0.7097600102424622,-0.009653100743889809,0.40845710039138794,0.7313938140869141,-0.0264888945966959,0.43775880336761475,0.7003093957901001,-0.025710683315992355,0.45102694630622864,0.7085970640182495,-0.020338045433163643,0.456220805644989,0.7221773862838745,-0.015539729967713356
0.35288316011428833,0.7685487270355225,1.9813153784298265e-08,0.36821937561035156,0.722112238407135,0.019700296223163605,0.385324090719223,0.6938950419425964,0.023796025663614273,0.4011867940425873,0.6869217753410339,0.02223792113363743,0.4154554009437561,0.6904595494270325,0.019586240872740746,0.3906842768192291,0.6740414500236511,0.01061407383531332,0.4298480153083801,0.6608079075813293,0.00724834157153964,0.44498077034950256,0.6796790361404419,0.006890694610774517,0.45058584213256836,0.700127124786377,0.008017434738576412,0.39765259623527527,0.6832345128059387,-0.0026785212103277445,0.4401772618293762,0.6557321548461914,-0.005826928652822971,0.4544103741645813,0.6775420308113098,-0.0046159652993083,0.4565342664718628,0.6999091506004333,-0.0021944409236311913,0.40465763211250305,0.7025221586227417,-0.014540576376020908,0.4433879256248474,0.6698943376541138,-0.015292701311409473,0.45686227083206177,0.6922304034233093,-0.01062877755612135,0.45941102504730225,0.7120264172554016,-0.006612315308302641,0.411077082157135,0.7300741672515869,-0.024990210309624672,0.44115108251571655,0.7007114291191101,-0.023699449375271797,0.45443111658096313,0.7098610401153564,-0.01804451085627079,0.45986711978912354,0.7224796414375305,-0.013130265288054943
0.3535078763961792,0.7672207355499268,4.943110454291855e-08,0.36928942799568176,0.7219049334526062,0.016074568033218384,0.38802558183670044,0.6954071521759033,0.018329758197069168,0.4036540687084198,0.6905412077903748,0.015599967911839485,0.4170517325401306,0.6926972270011902,0.012158656492829323,0.3938610851764679,0.6767920255661011,0.005948746111243963,0.4347321093082428,0.660103976726532,-6.777529779355973e-05,0.45004913210868835,0.6806194186210632,-0.0021163544151932,0.455197811126709,0.7024974226951599,-0.0016452205600216985,0.39989206194877625,0.686212420463562,-0.00614271592348814,0.44339263439178467,0.6573468446731567,-0.011544965207576752,0.4595877528190613,0.6794112324714661,-0.01167052611708641,0.4631940424442291,0.70173180103302,-0.009853349067270756,0.40602952241897583,0.7058510184288025,-0.01709626242518425,0.44522789120674133,0.6702076196670532,-0.019920824095606804,0.4606420397758484,0.6923213601112366,-0.016324080526828766,0.46495968103408813,0.71299809217453,-0.01253924984484911,0.4117160439491272,0.7345179915428162,-0.026919040828943253,0.4424501061439514,0.7044118642807007,-0.02702072449028492,0.45675987005233765,0.7137369513511658,-0.021990014240145683,0.4629719853401184,0.727337658405304,-0.01724187284708023
0.3542490005493164,0.7684636116027832,4.5714131147178705e-08,0.37253686785697937,0.726856529712677,0.01521916314959526,0.3926636576652527,0.7018106579780579,0.01660706289112568,0.4093450903892517,0.6981993317604065,0.013467972166836262,0.4224527180194855,0.7017860412597656,0.00965616013854742,0.40006518363952637,0.6840953230857849,0.0025280460249632597,0.4415547847747803,0.6709887981414795,-0.004430126864463091,0.4561871886253357,0.693786084651947,-0.0069080982357263565,0.4603482186794281,0.716947078704834,-0.006609535310417414,0.40492695569992065,0.6952913999557495,-0.009348398074507713,0.4499044716358185,0.6696009039878845,-0.016227252781391144,0.46587124466896057,0.695263683795929,-0.016688760370016098,0.46900445222854614,0.7195603847503662,-0.014685277827084064,0.40944281220436096,0.7159004807472229,-0.0199139267206192,0.45012643933296204,0.6840194463729858,-0.024126814678311348,0.46605461835861206,0.7076247930526733,-0.020917261019349098,0.4709573984146118,0.7283551692962646,-0.017115863040089607,0.4128060042858124,0.7437359690666199,-0.029269957914948463,0.44281497597694397,0.7172982096672058,-0.03050384297966957,0.4568859338760376,0.7247819900512695,-0.02618013322353363,0.4636353850364685,0.7354289889335632,-0.02178756147623062
0.35347023606300354,0.7700914144515991,7.839332738512894e-09,0.37132328748703003,0.7265390157699585,0.018855208531022072,0.3930385112762451,0.7065804600715637,0.022867366671562195,0.4091537296772003,0.7007074952125549,0.021511759608983994,0.424802303314209,0.7006615996360779,0.01991085708141327,0.39907848834991455,0.6913799047470093,0.010523003526031971,0.43731406331062317,0.6685037612915039,0.005350172985345125,0.4524728059768677,0.6887319087982178,0.004508977755904198,0.4584478735923767,0.7117882966995239,0.005918811075389385,0.4044075608253479,0.7005507349967957,-0.0028972462750971317,0.4474017918109894,0.6736425161361694,-0.008663677610456944,0.46428507566452026,0.6979939341545105,-0.008142037317156792,0.46894705295562744,0.7236887216567993,-0.005435426719486713,0.40888166427612305,0.718095600605011,-0.015280037187039852,0.4494534730911255,0.6909967660903931,-0.018217142671346664,0.4660613536834717,0.7133720517158508,-0.01400827057659626,0.4726289212703705,0.7363718748092651,-0.009705153293907642,0.41324010491371155,0.7443839311599731,-0.026446381583809853,0.444029301404953,0.7222121953964233,-0.026958730071783066,0.4592050313949585,0.7300389409065247,-0.022584417834877968,0.46676090359687805,0.7425389289855957,-0.018227102234959602
0.354082852602005,0.765999436378479,1.2226595735853607e-08,0.37189334630966187,0.7244212031364441,0.01790597289800644,0.39323824644088745,0.7046500444412231,0.021416621282696724,0.4095637798309326,0.7010670304298401,0.019583508372306824,0.4246502220630646,0.7023602724075317,0.017695045098662376,0.3998541831970215,0.6872168779373169,0.011491283774375916,0.4355762004852295,0.666195273399353,0.0073175434954464436,0.44878116250038147,0.6859626173973083,0.006998745258897543,0.45261305570602417,0.7080385088920593,0.008544071577489376,0.40547990798950195,0.6965526938438416,-0.001384205068461597,0.4462229609489441,0.6731487512588501,-0.005821824539452791,0.46171775460243225,0.696874737739563,-0.0048209200613200665,0.4661971926689148,0.7206980586051941,-0.002363950479775667,0.4100762903690338,0.7136635780334473,-0.013454679399728775,0.44852426648139954,0.6900836229324341,-0.015280144289135933,0.464463472366333,0.7122052311897278,-0.01123441755771637,0.4710036516189575,0.7345060110092163,-0.007633157540112734,0.4141899347305298,0.7391106486320496,-0.024465050548315048,0.4440598487854004,0.7197147607803345,-0.023110156878829002,0.4577345848083496,0.7295788526535034,-0.018035288900136948,0.46404531598091125,0.743523120880127,-0.013812647201120853
0.3533095717430115,0.7578884363174438,1.4021583893963907e-08,0.37046247720718384,0.715961217880249,0.01699962094426155,0.3914662301540375,0.6966529488563538,0.020476987585425377,0.40813514590263367,0.6940196752548218,0.019047673791646957,0.42300882935523987,0.6964263916015625,0.017600830644369125,0.399912565946579,0.679584264755249,0.011853979900479317,0.4348662495613098,0.663057804107666,0.008963897824287415,0.4469892978668213,0.6821011900901794,0.009261471219360828,0.4502113461494446,0.702614426612854,0.011062812991440296,0.40570083260536194,0.6906402707099915,-6.163762122923799e-08,0.44511058926582336,0.6728028059005737,-0.0030610880348831415,0.4585639238357544,0.6944150328636169,-0.0016847470542415977,0.46247851848602295,0.7149787545204163,0.0008405678672716022,0.409968763589859,0.7088107466697693,-0.011028971523046494,0.447104275226593,0.6904966235160828,-0.011829229071736336,0.4625808000564575,0.7100622057914734,-0.007652943022549152,0.4696124494075775,0.7297746539115906,-0.004121964331716299,0.41323423385620117,0.7352736592292786,-0.02101682871580124,0.4428876042366028,0.7178652882575989,-0.018415899947285652,0.4562336802482605,0.7266385555267334,-0.012541733682155609,0.46289363503456116,0.7388575077056885,-0.007887683808803558
0.3545711040496826,0.7531765699386597,3.830773565027812e-08,0.37106019258499146,0.7097422480583191,0.012942150235176086,0.3905583620071411,0.6879850625991821,0.014119334518909454,0.4068569540977478,0.684919536113739,0.011400355026125908,0.4217725396156311,0.6887834072113037,0.008630623109638691,0.3986368775367737,0.6724677681922913,0.0037166140973567963,0.4327264130115509,0.6540954113006592,-0.0013593061594292521,0.44512832164764404,0.6729847192764282,-0.002014154801145196,0.4481189548969269,0.6938914060592651,-0.0006186033133417368,0.40461215376853943,0.6859174966812134,-0.006569901015609503,0.4434434473514557,0.6701042056083679,-0.010975722223520279,0.4574357271194458,0.6909441947937012,-0.010662941262125969,0.4608892500400543,0.7125446200370789,-0.00898247491568327,0.40880414843559265,0.7071455121040344,-0.01593705452978611,0.4454314410686493,0.6911579370498657,-0.01766827516257763,0.4605264663696289,0.709696888923645,-0.014746570959687233,0.46683529019355774,0.7294147610664368,-0.012120853178203106,0.411502480506897,0.7356172800064087,-0.024436384439468384,0.44071245193481445,0.7197844386100769,-0.023320792242884636,0.45404642820358276,0.7267633676528931,-0.018689336255192757,0.460999459028244,0.738037645816803,-0.014696518890559673
0.3542628586292267,0.7547510266304016,2.5712711959613443e-08,0.367687463760376,0.7095173001289368,0.013298574835062027,0.38590630888938904,0.6868946552276611,0.015289529226720333,0.4019509255886078,0.68338543176651,0.013433227315545082,0.4160653054714203,0.6879818439483643,0.011368145234882832,0.39477574825286865,0.6710126996040344,0.004188391380012035,0.4272371828556061,0.6503968834877014,0.00013024017971474677,0.43967416882514954,0.6667120456695557,0.0004448532417882234,0.44307366013526917,0.6857157945632935,0.002500351285561919,0.4025441110134125,0.6851605176925659,-0.005876854527741671,0.4401700794696808,0.6654319763183594,-0.009909984655678272,0.45422637462615967,0.6853033304214478,-0.009039840660989285,0.45708614587783813,0.7070683240890503,-0.0065856873989105225,0.4080128073692322,0.7071113586425781,-0.01489147450774908,0.44399625062942505,0.6872427463531494,-0.016982078552246094,0.45870333909988403,0.7059080004692078,-0.013736057095229626,0.46379607915878296,0.7255875468254089,-0.010352471843361855,0.4113520383834839,0.7361839413642883,-0.02288668230175972,0.441490113735199,0.718158483505249,-0.022203495725989342,0.4545309841632843,0.7261618971824646,-0.017183344811201096,0.4602486491203308,0.7375639081001282,-0.01249487791210413
0.3530859351158142,0.7583566904067993,8.304841259132445e-09,0.36650070548057556,0.7138041853904724,0.01477126870304346,0.3845311999320984,0.6900347471237183,0.01787354238331318,0.3998674154281616,0.6834681630134583,0.016849877312779427,0.41412782669067383,0.6851767897605896,0.015427169390022755,0.392656147480011,0.6741636395454407,0.007477264851331711,0.42393794655799866,0.6594184041023254,0.004643361549824476,0.43691593408584595,0.6751620769500732,0.005093188490718603,0.44178345799446106,0.6922974586486816,0.006718062795698643,0.4007447361946106,0.6875761151313782,-0.0030929844360798597,0.4371602535247803,0.6667863130569458,-0.00666241766884923,0.4514467716217041,0.6858404874801636,-0.006110962480306625,0.45545443892478943,0.7064030170440674,-0.0040198564529418945,0.40726175904273987,0.7089460492134094,-0.012565558776259422,0.44167178869247437,0.6845266222953796,-0.014523914083838463,0.45661628246307373,0.7018279433250427,-0.011762423440814018,0.46264052391052246,0.7195305228233337,-0.00886004138737917,0.41172876954078674,0.7373769283294678,-0.02086423896253109,0.4403437674045563,0.7164150476455688,-0.020337283611297607,0.45340248942375183,0.7230162024497986,-0.015795009210705757,0.4594292938709259,0.7332395315170288,-0.011640115641057491
0.35160189867019653,0.7591701149940491,5.6373437473666854e-08,0.3686571717262268,0.714259684085846,0.01611711084842682,0.38537436723709106,0.692744255065918,0.019162341952323914,0.4007164537906647,0.6919898390769958,0.017628464847803116,0.4147801101207733,0.698918879032135,0.01528235338628292,0.39175984263420105,0.6801007986068726,0.009877786971628666,0.425430566072464,0.6754537224769592,0.007327513303607702,0.44051969051361084,0.6891893744468689,0.007555816322565079,0.4474196434020996,0.7064965963363647,0.008892688900232315,0.3987179398536682,0.6913397312164307,-0.0012582245981320739,0.43589508533477783,0.6708167195320129,-0.004739220254123211,0.45097672939300537,0.6857044696807861,-0.003597607836127281,0.45682403445243835,0.703715443611145,-0.0009036812116391957,0.4050217866897583,0.710601806640625,-0.011340398341417313,0.4390471279621124,0.6826785802841187,-0.013113056309521198,0.4538215398788452,0.6969220042228699,-0.009406202472746372,0.46075451374053955,0.7125079035758972,-0.005619910079985857,0.41020119190216064,0.7379283905029297,-0.020238913595676422,0.43750643730163574,0.7134116888046265,-0.020127490162849426,0.4509738087654114,0.7160805463790894,-0.015552107244729996,0.4588429629802704,0.7232847213745117,-0.011026470921933651
0.35135728120803833,0.7632304430007935,6.960443243997361e-08,0.36773180961608887,0.7179247736930847,0.015389040112495422,0.3839036524295807,0.6953386068344116,0.0183329526335001,0.3984949588775635,0.6928374171257019,0.016979757696390152,0.41257208585739136,0.6986299157142639,0.014921754598617554,0.3912729024887085,0.6826352477073669,0.009799833409488201,0.4232194423675537,0.6783967614173889,0.0074252658523619175,0.43944984674453735,0.6893898248672485,0.007655792869627476,0.4477388560771942,0.7052669525146484,0.00893043540418148,0.39859843254089355,0.6937642097473145,-0.0008258807356469333,0.4333963096141815,0.6737318634986877,-0.0040383231826126575,0.449596107006073,0.6856204867362976,-0.0027928303461521864,0.4568120837211609,0.7021032571792603,-5.011217581341043e-05,0.4052034318447113,0.7125033736228943,-0.010489428415894508,0.4370482563972473,0.6851613521575928,-0.012086568400263786,0.45244377851486206,0.6957852840423584,-0.00832384079694748,0.46051689982414246,0.7089464068412781,-0.004459958989173174,0.4107752740383148,0.7392303943634033,-0.01905497908592224,0.43647298216819763,0.7143796682357788,-0.018894562497735023,0.4500548541545868,0.7141046524047852,-0.014410804957151413,0.45863309502601624,0.7190407514572144,-0.009832185693085194
0.3505159318447113,0.7561441659927368,9.596939065659171e-08,0.3676729202270508,0.7126109004020691,0.016666244715452194,0.38445883989334106,0.6923017501831055,0.020108036696910858,0.39949315786361694,0.6921892166137695,0.01883372664451599,0.41370344161987305,0.6989152431488037,0.016682777553796768,0.3897884488105774,0.6830217242240906,0.010774943046271801,0.423883855342865,0.6756469011306763,0.008442876860499382,0.44090500473976135,0.6865428686141968,0.009023563005030155,0.44989562034606934,0.7040409445762634,0.010755307041108608,0.39720451831817627,0.6922714114189148,-0.0005143578164279461,0.43399137258529663,0.6696906089782715,-0.0035882825031876564,0.4514618515968323,0.6819403171539307,-0.0017066177679225802,0.4593501389026642,0.7001773118972778,0.0018745885463431478,0.4039047360420227,0.7105908393859863,-0.01077022310346365,0.43697458505630493,0.680307924747467,-0.012142069637775421,0.45371848344802856,0.6919195652008057,-0.007551462855190039,0.46232831478118896,0.7068844437599182,-0.0028354532551020384,0.40999409556388855,0.7375558614730835,-0.019880587235093117,0.43594396114349365,0.7088680267333984,-0.019865266978740692,0.4493961036205292,0.7092768549919128,-0.01493554562330246,0.45775359869003296,0.7161100506782532,-0.009655814617872238
0.35271692276000977,0.7458203434944153,9.045039206512229e-08,0.36973339319229126,0.7033847570419312,0.016173817217350006,0.3861183226108551,0.6845860481262207,0.019358336925506592,0.4020189344882965,0.6854303479194641,0.017698582261800766,0.41624122858047485,0.6937092542648315,0.015007787384092808,0.39042097330093384,0.6742409467697144,0.011142215691506863,0.424032986164093,0.666856050491333,0.008383359760046005,0.4401131272315979,0.6803209185600281,0.008203042671084404,0.44779953360557556,0.6984999775886536,0.009339416399598122,0.39872846007347107,0.6837831735610962,6.700876110699028e-05,0.43583908677101135,0.6619043350219727,-0.002818665001541376,0.45203495025634766,0.6762422323226929,-0.001746986759826541,0.4590679407119751,0.6957340836524963,0.0009716885979287326,0.40616393089294434,0.7023958563804626,-0.010041911154985428,0.43987372517585754,0.6736003756523132,-0.011071099899709225,0.45555999875068665,0.6881001591682434,-0.007084377575665712,0.4633432626724243,0.705028772354126,-0.0031261539552360773,0.4125203788280487,0.7286794781684875,-0.01907445304095745,0.43825194239616394,0.7010901570320129,-0.018632885068655014,0.4506351947784424,0.7033464312553406,-0.013688248582184315,0.4584440290927887,0.7113358974456787,-0.008723920211195946
0.35267508029937744,0.7416415810585022,5.7806399667015285e-08,0.3691883683204651,0.6998820900917053,0.017206864431500435,0.38521233201026917,0.6810094714164734,0.021216928958892822,0.4011111259460449,0.6812105178833008,0.02057833969593048,0.4149019420146942,0.6889124512672424,0.01890515722334385,0.38922399282455444,0.6682838797569275,0.011044399812817574,0.422433078289032,0.6650299429893494,0.00999714806675911,0.4379139244556427,0.6805410981178284,0.011329115368425846,0.44456446170806885,0.699633777141571,0.013092194683849812,0.3986315429210663,0.6800482273101807,0.00011154541425639763,0.4356326460838318,0.6568992137908936,-0.0018244629027321935,0.45027145743370056,0.6730952262878418,-2.7679447157424875e-05,0.4550955891609192,0.6935781240463257,0.0027024869341403246,0.4061621129512787,0.6993836164474487,-0.009503962472081184,0.441081166267395,0.6693903803825378,-0.009715503081679344,0.4554494321346283,0.6864808201789856,-0.00541375856846571,0.46167275309562683,0.70489102602005,-0.0017351560527458787,0.4116976857185364,0.7251707315444946,-0.017828837037086487,0.43946024775505066,0.7000055313110352,-0.01690976321697235,0.4518451690673828,0.7051345109939575,-0.011977861635386944,0.4592478573322296,0.7137525081634521,-0.007427353411912918
0.35508453845977783,0.7470716834068298,4.3447140996022426e-08,0.36871761083602905,0.7047280669212341,0.0161404050886631,0.3833262026309967,0.6828036904335022,0.01947290264070034,0.39981701970100403,0.680984377861023,0.01881742849946022,0.41349002718925476,0.6885433197021484,0.017264017835259438,0.389493852853775,0.6665512919425964,0.007433251477777958,0.42288222908973694,0.6649870276451111,0.007412854582071304,0.4378489851951599,0.6803441643714905,0.010014384053647518,0.4443051517009735,0.6985006332397461,0.012405379675328732,0.39961618185043335,0.6794291138648987,-0.0025267021264880896,0.4360226094722748,0.6573314070701599,-0.0034347891341894865,0.44879546761512756,0.6723785996437073,-0.0005035018548369408,0.45241984724998474,0.6911764740943909,0.002624104730784893,0.4072880148887634,0.6998063325881958,-0.010892496444284916,0.4416540265083313,0.6706651449203491,-0.010143010877072811,0.454903781414032,0.6866813898086548,-0.005318503361195326,0.46028098464012146,0.7040027379989624,-0.0017506129806861281,0.41235798597335815,0.7255339026451111,-0.017929833382368088,0.440377801656723,0.6996434926986694,-0.016357244923710823,0.4521118700504303,0.7042880654335022,-0.011148868128657341,0.4590240716934204,0.7119073867797852,-0.006662642117589712
0.3550395369529724,0.7558415532112122,6.741207414506789e-08,0.36886870861053467,0.7123079299926758,0.013960176147520542,0.38526451587677,0.6866049766540527,0.016272857785224915,0.4025334417819977,0.683251142501831,0.014969230629503727,0.4160284101963043,0.6891089677810669,0.012985127978026867,0.39028993248939514,0.6689543128013611,0.004136874806135893,0.42673760652542114,0.6631366014480591,0.0012747535947710276,0.44241058826446533,0.6777896285057068,0.0018148027593269944,0.44945600628852844,0.695797860622406,0.003401543013751507,0.39910101890563965,0.6834487915039062,-0.00533199543133378,0.43753379583358765,0.6602045297622681,-0.008316759951412678,0.4529228210449219,0.6747679114341736,-0.006462946534156799,0.45822644233703613,0.6923831105232239,-0.003508124267682433,0.4061844050884247,0.7054302096366882,-0.0134305190294981,0.44138383865356445,0.6748154163360596,-0.01490248553454876,0.45636290311813354,0.6890530586242676,-0.010739846155047417,0.46233445405960083,0.7047069072723389,-0.006746739614754915,0.4112131893634796,0.7327912449836731,-0.020342525094747543,0.43905189633369446,0.7037369012832642,-0.02026943676173687,0.45163893699645996,0.7060298919677734,-0.015492576174438,0.45859792828559875,0.712289035320282,-0.010753112845122814
0.3553310036659241,0.7684326767921448,6.667988827757654e-08,0.3677598237991333,0.7236878275871277,0.012276756577193737,0.384184330701828,0.6964716911315918,0.013788902200758457,0.4016115367412567,0.6903167366981506,0.011856961995363235,0.4149790406227112,0.6935520172119141,0.009454169310629368,0.39205366373062134,0.6757528781890869,0.0039014569483697414,0.4285787045955658,0.6652423739433289,-7.823203486623242e-05,0.44495582580566406,0.6790719628334045,-0.0012689795112237334,0.4526289105415344,0.6952718496322632,-0.0009390166378580034,0.40021374821662903,0.6902862191200256,-0.005367783363908529,0.438355952501297,0.6668601632118225,-0.008929182775318623,0.45487773418426514,0.6817634701728821,-0.00884076114743948,0.4613007605075836,0.698753297328949,-0.007438771892338991,0.4069855809211731,0.7123565673828125,-0.013531538657844067,0.44145461916923523,0.6812505722045898,-0.01562538929283619,0.45777249336242676,0.6948812007904053,-0.012924352660775185,0.46555331349372864,0.7100688815116882,-0.010215869173407555,0.4118943512439728,0.7410759925842285,-0.020724939182400703,0.4387702941894531,0.7124996781349182,-0.0210178904235363,0.4525243639945984,0.7132366895675659,-0.017032500356435776,0.46098586916923523,0.7177973985671997,-0.013187894597649574
0.35501933097839355,0.7835469841957092,4.786046403637556e-08,0.3679061532020569,0.738045334815979,0.010144610889256,0.38660043478012085,0.7087964415550232,0.011148741468787193,0.404944509267807,0.7010584473609924,0.00914551317691803,0.41903162002563477,0.7030757665634155,0.006972768809646368,0.39427223801612854,0.689629077911377,0.0022438811138272285,0.429589182138443,0.6736211776733398,-0.0026051802560687065,0.44597476720809937,0.6862978339195251,-0.0046087875962257385,0.4546109735965729,0.7016918063163757,-0.004968153312802315,0.401145339012146,0.705105185508728,-0.0062582846730947495,0.4379570484161377,0.6793936491012573,-0.010845321230590343,0.4541991949081421,0.693198561668396,-0.01191398873925209,0.46151304244995117,0.7095099091529846,-0.011344089172780514,0.40720415115356445,0.7277678847312927,-0.013858753256499767,0.44057124853134155,0.6970490217208862,-0.01675836555659771,0.4578844904899597,0.7076388001441956,-0.015348386950790882,0.4678272008895874,0.7212933897972107,-0.013579992577433586,0.41221627593040466,0.7571020722389221,-0.020681336522102356,0.43693020939826965,0.7296294569969177,-0.021547092124819756,0.4514472484588623,0.7265194654464722,-0.01878265105187893,0.4618074893951416,0.7286402583122253,-0.016043340787291527
0.3525398075580597,0.8007984161376953,4.60062992146959e-08,0.36605507135391235,0.7524184584617615,0.009689697995781898,0.3852345645427704,0.7233419418334961,0.010785429738461971,0.4035096764564514,0.7140375971794128,0.00882165227085352,0.41787511110305786,0.7142350673675537,0.006727387197315693,0.3943396210670471,0.7055870890617371,0.003553576534613967,0.42921948432922363,0.6886939406394958,-0.0017207983182743192,0.4461615979671478,0.7002126574516296,-0.004175868816673756,0.45481303334236145,0.7155733108520508,-0.0046426099725067616,0.40108367800712585,0.7219027876853943,-0.004993010312318802,0.437503844499588,0.6986044049263,-0.009348801337182522,0.45386117696762085,0.7098553776741028,-0.01065745484083891,0.46164295077323914,0.7245126962661743,-0.010340962558984756,0.4071986675262451,0.74492347240448,-0.012954375706613064,0.43981730937957764,0.7182348370552063,-0.015395368449389935,0.4573737680912018,0.724525511264801,-0.014506623148918152,0.46799036860466003,0.7354893684387207,-0.013219508342444897,0.41254669427871704,0.774543821811676,-0.02032647281885147,0.43790993094444275,0.7474421262741089,-0.020708991214632988,0.45287489891052246,0.7439450025558472,-0.01807992346584797,0.46368759870529175,0.7470095753669739,-0.01547346543520689
0.3514880836009979,0.812541663646698,9.824810121017435e-08,0.36314937472343445,0.7661652565002441,0.007387628313153982,0.3816471993923187,0.7358800768852234,0.006703348830342293,0.3991124927997589,0.7258564233779907,0.003707895753905177,0.4141913950443268,0.7255974411964417,0.0002960782148875296,0.3945310711860657,0.7213436961174011,-0.003553473623469472,0.4295670986175537,0.6949365139007568,-0.010160750709474087,0.4481062591075897,0.6990817785263062,-0.012996360659599304,0.4591151773929596,0.7097070217132568,-0.01377154141664505,0.400122731924057,0.7367737293243408,-0.011380109935998917,0.43693217635154724,0.707322895526886,-0.017264552414417267,0.4562540352344513,0.7128071784973145,-0.01885802485048771,0.4666333794593811,0.7255054116249084,-0.01874532178044319,0.404762327671051,0.7606486678123474,-0.018397120758891106,0.4381900727748871,0.7270050644874573,-0.021945741027593613,0.457128643989563,0.7281226515769958,-0.02121036686003208,0.4694141745567322,0.7359734177589417,-0.0201198048889637,0.40873369574546814,0.7909733057022095,-0.024869563058018684,0.4323234558105469,0.758222222328186,-0.02680879458785057,0.44649389386177063,0.7481281161308289,-0.024936385452747345,0.45766180753707886,0.7454308867454529,-0.02273773029446602
0.3487889766693115,0.8185334801673889,1.2509931934800989e-07,0.3609309196472168,0.7723936438560486,0.005750080104917288,0.3800704777240753,0.741973340511322,0.00409181322902441,0.3979527950286865,0.7300412654876709,0.000533497310243547,0.41403573751449585,0.7279791235923767,-0.0032919871155172586,0.3930194675922394,0.7319933176040649,-0.008420513942837715,0.4282222390174866,0.6952419281005859,-0.017272068187594414,0.4484509527683258,0.6950662136077881,-0.020573876798152924,0.4621132016181946,0.7029310464859009,-0.021395811811089516,0.39828023314476013,0.746346652507782,-0.015882078558206558,0.43454065918922424,0.7063693404197693,-0.024822363629937172,0.457122802734375,0.7079305052757263,-0.02674845978617668,0.4713112413883209,0.7196112871170044,-0.02632026933133602,0.40285319089889526,0.7699050903320312,-0.02253197319805622,0.4354400038719177,0.726132869720459,-0.028743140399456024,0.45701169967651367,0.7237152457237244,-0.028318889439105988,0.4724036157131195,0.7309066653251648,-0.026762403547763824,0.4068986773490906,0.8001455068588257,-0.02872094139456749,0.42944735288619995,0.7606322169303894,-0.03337806090712547,0.4451160430908203,0.7468731999397278,-0.032801464200019836,0.4587659239768982,0.7426804304122925,-0.03097260743379593
0.34661492705345154,0.8207146525382996,1.3140844146164454e-07,0.35941407084465027,0.7750310301780701,0.0054491301998496056,0.3802335858345032,0.7450690269470215,0.003918205853551626,0.3994661867618561,0.7326874732971191,0.0004808019148185849,0.41606003046035767,0.7275732159614563,-0.00301294750533998,0.3914863169193268,0.7348682880401611,-0.007885249331593513,0.42724430561065674,0.6953614950180054,-0.01710771583020687,0.4485079348087311,0.693573534488678,-0.020425181835889816,0.46315237879753113,0.700710117816925,-0.020998062565922737,0.3968971371650696,0.7489951848983765,-0.015253296121954918,0.4336102604866028,0.7037854194641113,-0.024683721363544464,0.45711690187454224,0.7034429311752319,-0.026545239612460136,0.4720062017440796,0.714352548122406,-0.02564164437353611,0.4019494354724884,0.7727741599082947,-0.021939003840088844,0.4340713918209076,0.7239235043525696,-0.02883436530828476,0.4564281105995178,0.7199116349220276,-0.028321528807282448,0.4727171063423157,0.7263290882110596,-0.02629406377673149,0.4066520929336548,0.803482711315155,-0.028182921931147575,0.42902079224586487,0.7617592811584473,-0.033078521490097046,0.4452625513076782,0.7484362721443176,-0.03220139816403389,0.4595218300819397,0.7449122071266174,-0.029931578785181046
0.34669268131256104,0.8231680989265442,1.2299682339289575e-07,0.3594644367694855,0.7772893905639648,0.00548132648691535,0.38062626123428345,0.7462767958641052,0.0042077600955963135,0.40014931559562683,0.732337474822998,0.0010213719215244055,0.4169875383377075,0.725346565246582,-0.0021745418198406696,0.39245155453681946,0.7359029054641724,-0.006646067835390568,0.42847320437431335,0.6991255879402161,-0.015310167334973812,0.44949886202812195,0.6986966729164124,-0.01859605871140957,0.46416541934013367,0.705466628074646,-0.019428543746471405,0.39763060212135315,0.7495014071464539,-0.013960933312773705,0.4350585341453552,0.7060794234275818,-0.022363582625985146,0.4577648937702179,0.7070320844650269,-0.024159958586096764,0.4723878502845764,0.7173359394073486,-0.023741062730550766,0.40239259600639343,0.7723549604415894,-0.020715679973363876,0.43542855978012085,0.7243983149528503,-0.026937585324048996,0.45761638879776,0.7206943035125732,-0.026482893154025078,0.4740467071533203,0.7266329526901245,-0.025030313059687614,0.40710321068763733,0.8019955158233643,-0.027114342898130417,0.42978543043136597,0.7615392804145813,-0.03208573907613754,0.44620442390441895,0.748306930065155,-0.031872909516096115,0.4608176052570343,0.7440209984779358,-0.030444756150245667
0.34696871042251587,0.8242965936660767,1.1791396303806323e-07,0.36012810468673706,0.7775179743766785,0.007085611578077078,0.3809242844581604,0.7452102303504944,0.0063654701225459576,0.4002108573913574,0.7299691438674927,0.0034039251040667295,0.4170891046524048,0.7227250933647156,0.00031441167811863124,0.3918503224849701,0.7330406308174133,-0.0056655630469322205,0.4282419681549072,0.6970300078392029,-0.014190982095897198,0.44925087690353394,0.6973318457603455,-0.017216745764017105,0.46374157071113586,0.7046312093734741,-0.017826449126005173,0.39675605297088623,0.7474449872970581,-0.013687928207218647,0.4347230792045593,0.7033665180206299,-0.022327831014990807,0.45721635222435,0.7046787738800049,-0.023995107039809227,0.47161978483200073,0.71536785364151,-0.02333017624914646,0.40156224370002747,0.7709876298904419,-0.02099893055856228,0.4351973533630371,0.7231816649436951,-0.027418440207839012,0.45752400159835815,0.71949303150177,-0.026705700904130936,0.4739615023136139,0.7249054908752441,-0.02491682581603527,0.4065263569355011,0.8012534976005554,-0.027777355164289474,0.42989689111709595,0.7603706121444702,-0.03268997371196747,0.4464666247367859,0.7465856075286865,-0.03221124783158302,0.4612513780593872,0.7415264248847961,-0.030529918149113655
0.3468415141105652,0.8236856460571289,1.2537608995444316e-07,0.36038535833358765,0.7769398093223572,0.006359361112117767,0.3815155029296875,0.7450954914093018,0.005205471999943256,0.4015619456768036,0.7313607931137085,0.002044829772785306,0.4195822477340698,0.7271396517753601,-0.0012584743089973927,0.3913819491863251,0.7327752709388733,-0.007140466943383217,0.4290866553783417,0.6968607902526855,-0.015521924011409283,0.4500940442085266,0.6985676288604736,-0.018406612798571587,0.464467853307724,0.7069588899612427,-0.01896488666534424,0.3965130150318146,0.7475138306617737,-0.014706775546073914,0.43512365221977234,0.7046653032302856,-0.023139487951993942,0.45738881826400757,0.7065891623497009,-0.024837676435709,0.4712446928024292,0.7178670763969421,-0.024228094145655632,0.401446133852005,0.7715449929237366,-0.021456275135278702,0.4352065920829773,0.7238807082176208,-0.027565576136112213,0.4567908048629761,0.7213828563690186,-0.02689328044652939,0.47250497341156006,0.727934718132019,-0.025203213095664978,0.4065011441707611,0.8018879294395447,-0.02767256274819374,0.4291825592517853,0.760960042476654,-0.03231729939579964,0.44502750039100647,0.7472071051597595,-0.03168707340955734,0.45914360880851746,0.7425434589385986,-0.029898609966039658
0.3448188304901123,0.821200966835022,1.0753832668797259e-07,0.36019545793533325,0.7750198841094971,0.008233565837144852,0.3814336061477661,0.7452124953269958,0.008141942322254181,0.40070533752441406,0.7331461906433105,0.005331903230398893,0.41770246624946594,0.7301144003868103,0.0022092002909630537,0.391781747341156,0.7313330173492432,-0.0022987532429397106,0.4288129210472107,0.7005518078804016,-0.009928566403687,0.44937455654144287,0.7042864561080933,-0.013162007555365562,0.4632243514060974,0.7143872976303101,-0.014244436286389828,0.39670273661613464,0.7457399964332581,-0.011077984236180782,0.43507814407348633,0.7069472074508667,-0.018782449886202812,0.45672407746315,0.7107924222946167,-0.021152177825570107,0.47003474831581116,0.7230762839317322,-0.021190116181969643,0.4012931287288666,0.7693987488746643,-0.019129283726215363,0.43525242805480957,0.7251734137535095,-0.02480802871286869,0.4564906060695648,0.724014937877655,-0.024174470454454422,0.4717506468296051,0.7306690216064453,-0.022631699219346046,0.40610671043395996,0.800403356552124,-0.026611503213644028,0.4295751750469208,0.761111319065094,-0.030775371938943863,0.44547683000564575,0.7480361461639404,-0.02975855953991413,0.45957133173942566,0.7432555556297302,-0.027827193960547447
0.3445797264575958,0.8169981837272644,1.1271659161593561e-07,0.3614593744277954,0.7727836966514587,0.00807428453117609,0.3834463059902191,0.742802619934082,0.008239129558205605,0.40279898047447205,0.7306643724441528,0.005615538451820612,0.41898173093795776,0.728587806224823,0.0027272612787783146,0.39362895488739014,0.7284618616104126,-0.0006582995411008596,0.4307972192764282,0.7037215232849121,-0.00796080008149147,0.45132097601890564,0.7090919017791748,-0.011373273096978664,0.46512871980667114,0.7186357378959656,-0.012747664004564285,0.39789018034935,0.7424823641777039,-0.009428592398762703,0.4370993375778198,0.7093914151191711,-0.016801724210381508,0.4588736295700073,0.7152504324913025,-0.01960540935397148,0.4720255136489868,0.727777361869812,-0.02002769336104393,0.40182259678840637,0.766171932220459,-0.01758589968085289,0.43626052141189575,0.7269797921180725,-0.022965921089053154,0.4577224552631378,0.7280506491661072,-0.02273770608007908,0.4729081988334656,0.7356566786766052,-0.021568864583969116,0.40584710240364075,0.7975683212280273,-0.025238607078790665,0.4299471974372864,0.7612371444702148,-0.028985198587179184,0.44610396027565,0.7491946220397949,-0.0280302707105875,0.4601932764053345,0.7450305223464966,-0.02632174827158451
0.3475111424922943,0.8126927614212036,9.892771402064682e-08,0.3637624680995941,0.770686149597168,0.010725529864430428,0.38421958684921265,0.7391372919082642,0.012117026373744011,0.40297892689704895,0.7260169386863708,0.01016817893832922,0.41762372851371765,0.7233371734619141,0.00786588340997696,0.3949546217918396,0.720632791519165,0.0021934492979198694,0.4329982101917267,0.7006447911262512,-0.004029981791973114,0.45293989777565,0.7100160121917725,-0.006737781222909689,0.46515971422195435,0.722507119178772,-0.007670809049159288,0.3995230495929718,0.7349896430969238,-0.007671483792364597,0.4400978982448578,0.7060984969139099,-0.014232873916625977,0.4608129858970642,0.7165226340293884,-0.016389908269047737,0.47203734517097473,0.7324613928794861,-0.016353538259863853,0.4035146236419678,0.7589298486709595,-0.01682593673467636,0.4390529990196228,0.7229669094085693,-0.021289212629199028,0.4599733054637909,0.7285807132720947,-0.020952828228473663,0.4739916920661926,0.7397668361663818,-0.01988193579018116,0.40764138102531433,0.7907109260559082,-0.025287291035056114,0.4327795207500458,0.7571099400520325,-0.02852626144886017,0.4488043189048767,0.7484046816825867,-0.02784455381333828,0.46233993768692017,0.7475935220718384,-0.026490578427910805
0.3465394973754883,0.8006634712219238,1.0752761170351732e-07,0.36646783351898193,0.7606804370880127,0.011847811751067638,0.388433039188385,0.7345439195632935,0.013705259189009666,0.40836066007614136,0.7276582717895508,0.011989864520728588,0.42486801743507385,0.7290700078010559,0.009977570734918118,0.3951621353626251,0.7134243845939636,0.004597618710249662,0.4351176619529724,0.698539674282074,-0.0006643173401243985,0.45491623878479004,0.7101450562477112,-0.0028807453345507383,0.4669889807701111,0.7239041328430176,-0.003539084456861019,0.39966511726379395,0.7270647287368774,-0.005364866927266121,0.44152048230171204,0.7035154700279236,-0.010856131091713905,0.46178296208381653,0.7159038782119751,-0.012551574967801571,0.47284895181655884,0.7325060367584229,-0.012492801994085312,0.40342068672180176,0.7498893141746521,-0.014590902253985405,0.4406636953353882,0.7211809754371643,-0.01804935932159424,0.46169471740722656,0.7294195294380188,-0.017296966165304184,0.47598177194595337,0.7419945001602173,-0.016277076676487923,0.4071914851665497,0.7812216281890869,-0.02306343801319599,0.4334721565246582,0.7525668740272522,-0.02498568966984749,0.4494742751121521,0.7463964223861694,-0.02344275265932083,0.46272704005241394,0.7470752596855164,-0.021764513105154037
0.3475055396556854,0.7916619181632996,1.0047618559383409e-07,0.37026992440223694,0.7575368881225586,0.014144845306873322,0.39263245463371277,0.734110951423645,0.016527431085705757,0.41172271966934204,0.7270195484161377,0.014785665087401867,0.4279046356678009,0.7275416851043701,0.01270997989922762,0.39881736040115356,0.7089826464653015,0.006018856540322304,0.43805065751075745,0.6961043477058411,0.0006967632798478007,0.45730113983154297,0.7114810943603516,-0.0015845582820475101,0.4688103199005127,0.7281754612922668,-0.0022846839856356382,0.40143948793411255,0.7197622060775757,-0.005461184307932854,0.4440564513206482,0.7003700733184814,-0.011195697821676731,0.46461963653564453,0.7164722681045532,-0.012821666896343231,0.47544121742248535,0.7354400157928467,-0.01271815411746502,0.40397095680236816,0.741021454334259,-0.016090862452983856,0.4425000548362732,0.7155868411064148,-0.019523946568369865,0.4634239971637726,0.7280706763267517,-0.018588462844491005,0.4767298698425293,0.7440100312232971,-0.017496949061751366,0.4072725772857666,0.7716399431228638,-0.025837590917944908,0.43411388993263245,0.7454918622970581,-0.027861544862389565,0.45040151476860046,0.7424306273460388,-0.026484733447432518,0.4633510708808899,0.7467392086982727,-0.024983331561088562
0.34548985958099365,0.776498556137085,1.1208520334093919e-07,0.37238505482673645,0.7469637393951416,0.015933508053421974,0.39538243412971497,0.727462112903595,0.01845734938979149,0.41502395272254944,0.7248345017433167,0.016230467706918716,0.4309476613998413,0.726715087890625,0.013423854485154152,0.40051761269569397,0.7017216682434082,0.006969555746763945,0.44078630208969116,0.6944392919540405,0.0012209515552967787,0.45965301990509033,0.7131932973861694,-0.001678975997492671,0.470974862575531,0.731134295463562,-0.0030319623183459044,0.4021002948284149,0.7117551565170288,-0.006114012096077204,0.4464951753616333,0.6969559788703918,-0.012101471424102783,0.4674713909626007,0.7165413498878479,-0.014197570271790028,0.4779934585094452,0.7375476360321045,-0.014605763368308544,0.4035179018974304,0.7327793836593628,-0.018245859071612358,0.4437216818332672,0.7101588845252991,-0.02190660685300827,0.4647955894470215,0.7271039485931396,-0.02108195424079895,0.4779820740222931,0.7452272772789001,-0.02027651108801365,0.4054972231388092,0.7638851404190063,-0.029384369030594826,0.43287256360054016,0.740448534488678,-0.03206794336438179,0.4488220512866974,0.7402341961860657,-0.03083965554833412,0.46127986907958984,0.7463284134864807,-0.02950439602136612
0.3446209132671356,0.76861572265625,1.1752130291142748e-07,0.3718488812446594,0.7401041984558105,0.01480276882648468,0.3967348039150238,0.7230101823806763,0.01700538583099842,0.4172206521034241,0.724128782749176,0.014625977724790573,0.433440625667572,0.7283557653427124,0.011719142086803913,0.4015295207500458,0.6961954236030579,0.006121708080172539,0.4429267346858978,0.6918232440948486,0.0001793678238755092,0.461854487657547,0.7114673256874084,-0.00276661547832191,0.4730978012084961,0.7299748659133911,-0.004147109109908342,0.4029814898967743,0.7071435451507568,-0.0064861588180065155,0.44810691475868225,0.6960984468460083,-0.012410222552716732,0.4687381684780121,0.7169384956359863,-0.014579028822481632,0.4791972041130066,0.7379692196846008,-0.015119483694434166,0.4037272036075592,0.7292423844337463,-0.018255796283483505,0.44472917914390564,0.7084106802940369,-0.022149771451950073,0.46547195315361023,0.7264888286590576,-0.021461032330989838,0.47827857732772827,0.7452567219734192,-0.0207553468644619,0.40480709075927734,0.7610706090927124,-0.02914539724588394,0.4329598844051361,0.7386550307273865,-0.03232797980308533,0.44943147897720337,0.73847895860672,-0.03156355395913124,0.46246176958084106,0.7443588972091675,-0.03056492656469345
0.34691888093948364,0.761818528175354,1.3848224966750422e-07,0.37250664830207825,0.7299476861953735,0.012975050136446953,0.39685049653053284,0.7106640338897705,0.014172064140439034,0.41744354367256165,0.7098391056060791,0.011191291734576225,0.43317997455596924,0.7128006219863892,0.00789342075586319,0.4020402431488037,0.6890500783920288,0.0028497467283159494,0.44400861859321594,0.6862305402755737,-0.004458247683942318,0.46275898814201355,0.708952009677887,-0.00791224092245102,0.4726935923099518,0.7306411862373352,-0.009134288877248764,0.40375038981437683,0.7000997066497803,-0.008592262864112854,0.4499626159667969,0.6878237724304199,-0.015795931220054626,0.4702630937099457,0.7114565372467041,-0.017959948629140854,0.47933679819107056,0.735462486743927,-0.01807870902121067,0.40478622913360596,0.7219946980476379,-0.0191924087703228,0.4462319016456604,0.700445830821991,-0.023726940155029297,0.46588432788848877,0.7230737209320068,-0.023084549233317375,0.4768902659416199,0.7464191913604736,-0.022075101733207703,0.4055579602718353,0.7522658705711365,-0.029023386538028717,0.4345336854457855,0.73154616355896,-0.03198056295514107,0.4501744210720062,0.734970211982727,-0.030930988490581512,0.46168917417526245,0.7449444532394409,-0.02957027219235897
0.3513492941856384,0.762238621711731,1.4556833605183783e-07,0.37725186347961426,0.7387542724609375,0.010589041747152805,0.40232333540916443,0.7171968817710876,0.011066356673836708,0.42227333784103394,0.710512638092041,0.008058273233473301,0.4385393261909485,0.709409773349762,0.005043016280978918,0.40536826848983765,0.6851455569267273,0.0006954005802981555,0.4467022120952606,0.6816336512565613,-0.006719481199979782,0.4650680720806122,0.7043120265007019,-0.010557626374065876,0.476082444190979,0.7255127429962158,-0.012250346131622791,0.405857115983963,0.6923704147338867,-0.009705492295324802,0.4513891935348511,0.6815923452377319,-0.016673650592565536,0.4722755551338196,0.7055759429931641,-0.019539104774594307,0.48250100016593933,0.7304694056510925,-0.02048817276954651,0.4063153862953186,0.711090087890625,-0.019398950040340424,0.4470365047454834,0.6944242119789124,-0.023791823536157608,0.46722522377967834,0.718417227268219,-0.024245209991931915,0.47883355617523193,0.7423834800720215,-0.02435503900051117,0.4072851836681366,0.7377220392227173,-0.028467219322919846,0.43464064598083496,0.7179773449897766,-0.03138638287782669,0.4497109651565552,0.7219933271408081,-0.030941033735871315,0.46103161573410034,0.7319125533103943,-0.03028341382741928
